g1005(678,157,462)@[37,45]
g1004@[7,10]
g1004@[1,3]
g1005(651,436,743)@[1,6]
g1005(213,383,674)@[14,15]
g1004@[3,49]
g1005(255,39,802)@[28,33]
g1005(499,319,533)@[13,19]
g1005(302,578,401)@[9,30]
g1005(486,30,914)@[14,30]
g1004@[12,47]
g1004@[34,35]
g1004@[27,46]
g1005(602,901,741)@[40,41]
g1006(616,297,467,98)@[1,25]
g1005(700,233,374)@[5,46]
g1004@[2,48]
g1004@[28,38]
g1005(732,753,212)@[5,31]
g1005(837,94,432)@[26,29]
g1005(454,194,770)@[7,38]
g1004@[2,12]
g1005(463,512,281)@[3,44]
g1005(137,841,396)@[34,49]
g1005(486,608,505)@[28,36]
g1004@[4,21]
g1005(583,911,199)@[25,48]
g1005(551,515,73)@[19,25]
g1005(345,51,500)@[19,27]
g1005(191,228,847)@[12,26]
g1005(385,109,730)@[38,41]
g1005(394,301,503)@[10,11]
g1005(121,843,242)@[23,40]
g1004@[1,25]
g1005(239,425,795)@[13,24]
g1004@[28,46]
g1005(18,640,814)@[15,25]
g1006(198,771,816,73)@[3,45]
g1005(531,638,474)@[10,15]
g1005(123,273,629)@[2,4]
g1005(870,898,359)@[4,24]
g1005(58,38,525)@[3,11]
g1004@[31,40]
g1006(259,125,58,110)@[23,41]
g1004@[12,45]
g1005(375,747,165)@[11,36]
g1004@[16,26]
g1005(541,158,898)@[23,48]
g1005(591,426,514)@[2,30]
g1005(456,203,535)@[12,25]
g1006(90,453,580,151)@[18,49]
g1004@[3,19]
g1004@[0,13]
g1005(734,88,414)@[38,41]
g1004@[32,44]
g1004@[17,42]
g1005(534,376,863)@[3,41]
g1006(60,438,593,845)@[28,47]
g1004@[21,37]
g1005(747,14,770)@[1,48]
g1005(350,653,693)@[24,49]
g1004@[47,49]
g1004@[8,49]
g1005(447,462,363)@[18,22]
g1004@[3,23]
g1006(747,348,780,207)@[39,47]
g1005(689,277,731)@[20,35]
g1005(814,514,362)@[15,32]
g1004@[12,40]
g1006(664,174,602,571)@[24,46]
g1004@[8,38]
g1005(315,9,560)@[4,31]
g1004@[41,49]
g1005(757,802,496)@[37,40]
g1005(68,830,265)@[4,12]
g1005(199,466,67)@[10,46]
g1005(233,555,401)@[10,40]
g1004@[39,41]
g1005(715,453,828)@[5,48]
g1005(547,211,457)@[6,46]
g1004@[21,32]
g1005(872,552,546)@[6,12]
g1005(593,612,774)@[0,18]
g1005(401,517,517)@[16,29]
g1005(15,909,708)@[15,21]
g1004@[30,45]
g1006(820,118,89,808)@[2,45]
g1005(152,258,512)@[6,35]
g1005(461,479,888)@[29,33]
g1005(319,210,711)@[14,23]
g1005(412,462,449)@[8,34]
g1005(478,871,825)@[16,46]
g1005(674,3,437)@[24,47]
g1005(763,569,202)@[16,20]
g1005(19,50,64)@[41,45]
g1005(768,914,571)@[36,49]
g1004@[11,17]
g1005(97,243,159)@[8,25]
g1004@[13,27]
g1006(658,803,273,863)@[5,46]
g1005(482,860,764)@[13,21]
g1005(773,516,384)@[6,42]
g1005(222,682,181)@[6,29]
g1005(628,674,414)@[5,49]
g1005(449,431,794)@[14,35]
g1005(425,759,172)@[4,29]
g1005(228,28,699)@[0,9]
g1005(737,88,363)@[33,43]
g1005(146,816,537)@[4,49]
g1005(698,714,237)@[21,33]
g1005(71,3,883)@[28,45]
g1005(719,357,625)@[41,48]
g1006(655,868,567,661)@[16,34]
g1006(873,836,6,913)@[20,37]
g1005(598,154,653)@[15,24]
g1005(99,859,403)@[14,21]
g1004@[10,27]
g1005(866,381,905)@[19,47]
g1005(33,692,419)@[10,43]
g1005(379,646,52)@[13,38]
g1004@[9,28]
g1005(515,756,613)@[5,16]
g1005(23,539,166)@[3,34]
g1006(671,335,484,917)@[2,34]
g1005(864,73,115)@[8,38]
g1005(142,552,297)@[11,39]
g1006(448,574,750,358)@[28,44]
g1005(91,171,667)@[26,35]
g1004@[7,30]
g1005(905,579,804)@[13,18]
g1004@[0,6]
g1004@[40,49]
g1004@[35,39]
g1004@[17,34]
g1005(583,491,49)@[5,49]
g1006(62,442,49,816)@[23,41]
g1005(234,111,609)@[8,46]
g1005(368,404,557)@[17,24]
g1004@[2,38]
g1004@[0,31]
g1005(386,27,734)@[22,44]
g1005(651,458,333)@[8,44]
g1005(314,700,681)@[29,47]
g1004@[25,46]
g1005(50,36,598)@[23,25]
g1005(745,40,535)@[12,27]
g1006(222,21,653,687)@[13,34]
g1005(823,307,587)@[14,23]
g1005(887,424,194)@[21,43]
g1004@[11,43]
g1005(551,613,641)@[16,34]
g1005(335,910,83)@[10,23]
g1006(113,27,88,335)@[16,44]
g1005(866,506,336)@[29,30]
g1004@[14,42]
g1005(686,144,271)@[26,41]
g1005(890,551,849)@[17,33]
g1005(467,601,777)@[11,18]
g1005(198,756,137)@[8,29]
g1004@[24,41]
g1004@[37,43]
g1005(703,521,875)@[40,47]
g1005(90,243,814)@[5,33]
g1004@[4,37]
g1005(358,338,797)@[13,45]
g1005(897,705,427)@[6,24]
g1006(344,2,363,618)@[20,45]
g1005(320,213,838)@[24,35]
g1005(658,471,561)@[13,20]
g1005(722,885,370)@[7,14]
g1005(407,389,562)@[7,35]
g1004@[11,37]
g1005(257,666,275)@[37,40]
g1004@[7,8]
g1006(437,363,882,156)@[13,21]
g1005(694,613,535)@[7,40]
g1005(557,613,510)@[22,36]
g1005(50,580,1)@[8,24]
g1005(362,575,585)@[16,17]
g1004@[5,41]
g1005(871,843,257)@[6,30]
g1005(73,40,142)@[15,48]
g1005(159,611,189)@[2,30]
g1005(695,167,246)@[8,28]
g1005(727,380,905)@[27,33]
g1004@[1,25]
g1005(163,819,469)@[37,40]
g1005(424,378,116)@[25,48]
g1005(473,53,752)@[7,38]
g1005(372,801,197)@[24,29]
g1005(720,556,448)@[17,48]
g1004@[22,48]
g1006(333,287,156,462)@[4,38]
g1005(872,155,835)@[16,44]
g1005(316,187,620)@[2,17]
g1005(836,121,558)@[20,33]
g1005(760,604,656)@[18,35]
g1004@[6,48]
g1005(804,523,767)@[4,13]
g1006(706,152,742,498)@[1,36]
g1005(166,81,413)@[2,24]
g1005(680,130,646)@[12,27]
g1006(873,84,260,425)@[9,42]
g1006(412,767,266,475)@[7,29]
g1005(413,876,503)@[2,6]
g1004@[18,44]
g1005(548,196,133)@[2,32]
g1005(381,912,491)@[6,15]
g1004@[21,24]
g1005(551,456,131)@[28,47]
g1005(541,784,400)@[28,47]
g1004@[36,47]
g1005(700,267,878)@[3,16]
g1005(510,150,477)@[39,41]
g1005(100,855,349)@[17,37]
g1005(313,845,76)@[7,14]
g1005(619,292,378)@[3,30]
g1005(628,340,136)@[10,33]
g1004@[6,48]
g1005(169,831,256)@[1,26]
g1006(699,667,232,566)@[16,47]
g1004@[16,40]
g1004@[39,40]
g1005(863,36,399)@[35,37]
g1005(495,424,747)@[39,48]
g1005(223,76,340)@[12,21]
g1005(272,234,821)@[6,43]
g1005(844,861,811)@[30,36]
g1005(230,843,878)@[25,40]
g1005(325,880,22)@[11,38]
g1005(578,752,600)@[11,49]
g1005(18,111,533)@[12,37]
g1005(277,45,831)@[12,45]
g1004@[9,24]
g1005(479,47,505)@[10,42]
g1005(580,628,612)@[13,28]
g1005(75,352,278)@[2,32]
g1005(826,571,868)@[23,29]
g1005(775,637,219)@[16,44]
g1005(854,641,378)@[15,31]
g1006(271,691,587,465)@[11,20]
g1005(254,236,626)@[30,44]
g1004@[18,40]
g1005(314,312,814)@[2,27]
g1004@[21,25]
g1005(33,745,207)@[41,46]
g1005(566,183,23)@[29,43]
g1005(599,83,505)@[14,39]
g1004@[0,9]
g1006(690,725,13,40)@[17,21]
g1004@[13,26]
g1005(888,201,750)@[35,38]
g1004@[4,5]
g1005(174,709,64)@[7,37]
g1004@[9,12]
g1004@[8,29]
g1004@[3,44]
g1004@[12,15]
g1005(254,208,579)@[12,39]
g1005(61,313,710)@[14,29]
g1005(436,51,694)@[8,18]
g1005(426,652,146)@[25,39]
g1005(126,118,829)@[23,46]
g1005(565,150,199)@[25,46]
g1006(285,615,90,453)@[7,26]
g1004@[0,48]
g1005(434,126,909)@[30,35]
g1005(184,650,385)@[25,33]
g1004@[8,33]
g1004@[24,41]
g1005(675,101,706)@[23,40]
g1004@[3,45]
g1005(107,602,286)@[17,27]
g1005(100,233,222)@[37,49]
g1004@[12,27]
g1005(193,895,809)@[38,49]
g1005(506,571,176)@[21,28]
g1005(600,704,242)@[8,24]
g1005(807,365,245)@[17,25]
g1004@[0,46]
g1005(421,906,90)@[3,44]
g1005(221,236,743)@[19,20]
g1004@[18,32]
g1005(188,696,200)@[10,29]
g1004@[15,16]
g1004@[2,7]
g1005(278,124,715)@[18,40]
g1005(864,830,672)@[20,30]
g1005(243,821,547)@[6,11]
g1005(492,180,662)@[24,30]
g1005(97,366,730)@[6,35]
g1005(399,805,143)@[24,25]
g1004@[16,20]
g1006(725,495,806,848)@[27,37]
g1004@[11,32]
g1004@[27,41]
g1006(84,833,647,638)@[1,42]
g1006(526,865,487,103)@[18,29]
g1004@[9,22]
g1005(86,689,592)@[11,27]
g1005(745,884,91)@[14,17]
g1004@[39,45]
g1005(743,125,428)@[1,20]
g1005(335,326,149)@[18,25]
g1005(342,764,560)@[14,22]
g1004@[1,5]
g1005(142,652,708)@[4,22]
g1004@[6,24]
g1005(277,697,157)@[0,25]
g1005(99,797,599)@[25,28]
g1005(470,745,526)@[8,33]
g1004@[24,43]
g1004@[1,14]
g1004@[28,43]
g1004@[28,36]
g1005(379,193,235)@[34,43]
g1005(232,775,494)@[28,47]
g1005(10,373,863)@[1,43]
g1005(29,715,42)@[14,21]
g1005(415,739,440)@[6,28]
g1004@[3,29]
g1005(787,610,40)@[24,30]
g1005(838,598,117)@[15,43]
g1005(263,893,666)@[0,16]
g1006(662,442,339,254)@[5,15]
g1005(328,735,576)@[20,48]
g1006(454,768,292,8)@[16,35]
g1004@[2,29]
g1005(321,882,199)@[10,34]
g1004@[3,21]
g1005(566,358,171)@[17,35]
g1004@[1,43]
g1005(793,152,732)@[21,26]
g1005(761,906,699)@[16,27]
g1005(799,758,185)@[12,43]
g1005(16,701,526)@[35,41]
g1005(552,129,533)@[23,24]
g1004@[23,44]
g1005(156,40,52)@[33,36]
g1005(669,194,831)@[4,20]
g1004@[11,34]
g1005(70,586,688)@[25,35]
g1005(657,700,320)@[13,41]
g1006(561,27,206,620)@[23,33]
g1004@[32,48]
g1005(723,470,29)@[3,23]
g1006(316,667,824,508)@[18,22]
g1005(214,915,565)@[1,19]
g1004@[24,45]
g1005(168,846,69)@[25,45]
g1005(254,711,485)@[2,15]
g1004@[37,49]
g1005(55,805,761)@[4,5]
g1005(270,167,128)@[16,39]
g1005(185,121,709)@[8,16]
g1005(408,65,98)@[28,43]
g1004@[24,34]
g1004@[8,40]
g1005(370,701,173)@[8,14]
g1005(305,73,154)@[3,17]
g1004@[9,34]
g1005(169,508,359)@[7,20]
g1006(882,658,513,890)@[4,32]
g1005(360,235,839)@[19,34]
g1005(224,673,61)@[12,48]
g1005(856,152,421)@[23,46]
g1005(325,562,164)@[5,18]
g1005(609,245,702)@[32,39]
g1005(617,640,684)@[9,34]
g1004@[25,40]
g1005(22,758,498)@[8,24]
g1005(771,331,86)@[0,45]
g1005(552,822,59)@[11,19]
g1005(434,630,5)@[15,20]
g1004@[33,40]
g1005(579,426,206)@[11,36]
g1005(180,839,460)@[9,31]
g1004@[11,20]
g1004@[16,44]
g1004@[18,26]
g1005(284,708,609)@[7,34]
g1005(228,572,523)@[1,30]
g1005(233,569,893)@[13,33]
g1004@[12,13]
g1004@[36,45]
g1005(540,767,723)@[1,38]
g1005(408,883,622)@[24,49]
g1005(206,166,778)@[40,49]
g1006(124,844,824,832)@[24,28]
g1005(441,450,885)@[23,34]
g1004@[31,32]
g1004@[4,42]
g1004@[27,32]
g1004@[5,43]
g1005(205,695,554)@[48,49]
g1006(8,899,695,324)@[4,38]
g1006(811,840,742,806)@[1,16]
g1005(410,305,374)@[22,46]
g1004@[39,43]
g1005(700,878,285)@[2,45]
g1005(305,273,661)@[7,12]
g1005(119,655,244)@[2,11]
g1005(378,155,217)@[0,8]
g1005(482,413,470)@[9,13]
g1004@[4,12]
g1005(354,555,744)@[26,46]
g1005(166,318,213)@[41,42]
g1004@[3,28]
g1004@[14,18]
g1004@[16,36]
g1005(312,540,220)@[14,28]
g1005(319,710,471)@[19,42]
g1005(362,587,354)@[1,29]
g1005(645,730,493)@[21,37]
g1005(356,916,860)@[30,49]
g1005(535,843,117)@[13,40]
g1006(307,897,100,524)@[10,44]
g1004@[18,24]
g1006(887,31,251,383)@[7,34]
g1005(327,268,613)@[13,18]
g1004@[37,39]
g1005(841,849,7)@[4,25]
g1005(310,541,90)@[10,20]
g1006(429,312,255,629)@[9,41]
g1005(148,787,26)@[6,31]
g1005(205,360,526)@[18,19]
g1005(792,600,738)@[0,38]
g1004@[35,49]
g1004@[6,25]
g1005(777,252,352)@[20,45]
g1006(341,230,538,568)@[4,45]
g1005(579,285,639)@[21,48]
g1005(129,811,759)@[9,18]
g1005(823,888,628)@[19,31]
g1005(232,134,277)@[14,33]
g1006(812,162,804,671)@[43,48]
g1005(60,849,781)@[26,33]
g1005(678,736,690)@[6,28]
g1005(736,379,22)@[34,48]
g1005(277,71,260)@[22,23]
g1006(522,586,778,454)@[25,44]
g1005(108,42,680)@[15,18]
g1005(518,45,221)@[5,32]
g1005(311,21,347)@[6,16]
g1005(480,552,683)@[18,36]
g1004@[6,43]
g1005(115,600,548)@[9,15]
g1005(893,764,237)@[5,21]
g1005(655,325,359)@[27,44]
g1005(465,74,42)@[17,40]
g1005(163,542,492)@[4,47]
g1004@[15,18]
g1006(424,81,132,866)@[18,47]
g1005(518,485,292)@[4,26]
g1005(42,446,616)@[44,48]
g1006(73,375,675,218)@[14,44]
g1004@[1,15]
g1004@[23,29]
g1004@[12,36]
g1005(785,562,88)@[3,13]
g1005(21,111,237)@[10,47]
g1005(737,14,0)@[1,36]
g1006(823,552,677,95)@[20,45]
g1005(784,408,175)@[23,46]
g1004@[14,36]
g1005(852,860,399)@[27,46]
g1005(383,641,91)@[16,47]
g1004@[6,17]
g1004@[41,46]
g1005(165,653,378)@[17,18]
g1005(53,498,259)@[17,26]
g1005(380,547,562)@[18,37]
g1005(776,726,235)@[4,23]
g1005(225,368,655)@[16,25]
g1005(493,313,312)@[4,14]
g1004@[0,44]
g1006(386,219,136,529)@[14,43]
g1005(338,56,396)@[1,36]
g1004@[23,27]
g1005(728,607,427)@[28,36]
g1004@[5,8]
g1005(273,360,768)@[20,45]
g1005(397,546,223)@[1,34]
g1005(877,234,78)@[6,9]
g1005(292,564,402)@[0,9]
g1005(367,472,566)@[36,37]
g1005(916,430,703)@[1,3]
g1005(488,284,387)@[1,43]
g1005(354,150,452)@[2,5]
g1004@[3,8]
g1005(488,460,528)@[25,30]
g1004@[4,18]
g1005(749,83,220)@[6,25]
g1004@[6,28]
g1005(588,0,688)@[7,15]
g1005(203,476,363)@[4,7]
g1005(599,693,392)@[0,19]
g1004@[47,49]
g1004@[11,15]
g1005(378,579,871)@[7,39]
g1005(445,396,338)@[4,41]
g1005(396,392,884)@[14,35]
g1005(853,707,326)@[1,46]
g1005(480,7,168)@[9,40]
g1005(274,51,453)@[6,44]
g1005(309,876,849)@[31,39]
g1004@[31,48]
g1005(828,359,468)@[23,25]
g1005(798,304,218)@[38,46]
g1004@[24,44]
g1006(142,839,360,235)@[33,47]
g1005(246,485,641)@[0,1]
g1004@[19,38]
g1004@[1,10]
g1005(784,486,313)@[32,38]
g1005(863,121,542)@[2,8]
g1004@[0,29]
g1005(122,612,35)@[7,41]
g1004@[12,31]
g1005(139,11,554)@[29,47]
g1005(562,904,595)@[46,49]
g1005(267,467,668)@[17,47]
g1004@[9,28]
g1004@[14,20]
g1004@[4,13]
g1004@[25,30]
g1004@[32,49]
g1005(466,799,334)@[21,42]
g1005(613,650,759)@[33,46]
g1005(842,769,835)@[16,40]
g1006(597,48,903,498)@[28,30]
g1005(887,257,880)@[9,30]
g1005(604,252,44)@[28,44]
g1006(184,358,20,458)@[30,37]
g1006(522,236,44,3)@[42,48]
g1004@[44,49]
g1005(568,449,724)@[16,31]
g1005(353,707,821)@[25,38]
g1006(454,201,797,623)@[23,29]
g1004@[1,38]
g1005(804,802,751)@[19,34]
g1005(866,18,687)@[7,39]
g1005(136,647,205)@[8,22]
g1005(428,825,915)@[22,23]
g1004@[21,45]
g1004@[0,21]
g1005(646,658,303)@[41,43]
g1005(519,850,652)@[17,41]
g1004@[3,38]
g1005(536,826,808)@[33,45]
g1005(181,299,460)@[46,49]
g1005(54,405,633)@[13,22]
g1005(21,717,815)@[7,19]
g1005(114,30,891)@[24,27]
g1005(687,431,5)@[8,49]
g1005(823,897,861)@[28,43]
g1005(341,436,78)@[6,38]
g1004@[23,46]
g1005(42,556,473)@[28,37]
g1005(759,881,635)@[8,10]
g1006(839,562,580,171)@[4,35]
g1005(66,321,697)@[15,40]
g1005(380,306,188)@[23,44]
g1005(423,318,331)@[11,45]
g1006(128,662,421,157)@[11,16]
g1005(822,61,882)@[5,21]
g1004@[13,40]
g1005(587,646,393)@[23,39]
g1004@[13,33]
g1006(465,275,709,832)@[28,32]
g1004@[4,33]
g1004@[5,20]
g1005(15,651,886)@[6,29]
g1005(588,816,434)@[21,38]
g1004@[24,34]
g1005(803,358,317)@[21,30]
g1005(69,914,648)@[10,43]
g1005(417,778,731)@[9,45]
g1005(900,258,815)@[1,6]
g1005(538,675,145)@[0,48]
g1005(808,163,511)@[37,40]
g1005(722,129,417)@[17,21]
g1005(788,465,514)@[7,17]
g1004@[33,40]
g1004@[2,30]
g1005(788,352,214)@[15,19]
g1005(676,255,328)@[38,43]
g1006(261,499,572,707)@[28,31]
g1005(329,20,675)@[9,10]
g1005(305,174,622)@[5,17]
g1005(204,65,826)@[34,43]
g1006(669,337,486,733)@[15,38]
g1006(107,608,569,174)@[13,22]
g1005(44,655,31)@[31,38]
g1005(93,238,830)@[10,21]
g1004@[26,31]
g1004@[29,40]
g1005(467,878,362)@[17,37]
g1005(822,59,28)@[3,26]
g1004@[13,36]
g1005(697,863,445)@[39,48]
g1005(569,817,742)@[20,36]
g1005(117,886,28)@[0,20]
g1005(247,472,3)@[17,43]
g1004@[24,27]
g1006(42,262,728,398)@[34,45]
g1006(735,159,412,733)@[31,37]
g1006(862,651,213,904)@[0,16]
g1005(88,115,889)@[5,49]
g1005(863,64,198)@[12,34]
g1004@[31,49]
g1005(851,505,579)@[43,49]
g1005(574,356,97)@[2,30]
g1005(329,80,732)@[19,47]
g1006(822,419,387,185)@[44,49]
g1006(132,397,105,533)@[10,35]
g1005(639,575,27)@[24,34]
g1005(119,564,365)@[6,10]
g1005(611,229,545)@[8,44]
g1005(906,599,448)@[28,38]
g1004@[16,18]
g1006(289,882,889,17)@[36,48]
g1006(630,342,340,124)@[35,47]
g1004@[19,43]
g1006(520,665,694,748)@[24,47]
g1005(494,172,385)@[7,17]
g1006(374,372,427,206)@[15,20]
g1006(553,0,329,566)@[10,22]
g1006(508,544,633,600)@[9,43]
g1004@[17,49]
g1005(218,759,344)@[5,39]
g1005(662,768,749)@[13,42]
g1005(181,632,481)@[9,21]
g1005(90,584,665)@[9,46]
g1005(493,42,120)@[7,24]
g1005(59,515,599)@[15,31]
g1005(503,572,460)@[1,33]
g1004@[27,41]
g1005(181,579,599)@[10,17]
g1005(858,160,164)@[0,45]
g1005(651,817,421)@[3,45]
g1005(586,737,21)@[26,48]
g1005(532,534,138)@[35,38]
g1005(708,908,37)@[1,18]
g1005(523,144,137)@[20,40]
g1005(379,545,761)@[14,27]
g1006(227,461,831,751)@[11,46]
g1005(898,685,398)@[7,23]
g1005(179,630,431)@[14,24]
g1005(157,190,225)@[7,23]
g1004@[6,35]
g1004@[2,10]
g1004@[21,37]
g1004@[17,38]
g1005(570,496,334)@[11,37]
g1004@[14,32]
g1004@[4,21]
g1005(862,199,463)@[17,31]
g1005(456,818,588)@[0,31]
g1004@[1,36]
g1005(491,412,582)@[15,32]
g1005(771,738,291)@[23,37]
g1005(431,457,625)@[3,27]
g1005(840,622,798)@[7,46]
g1005(359,197,913)@[4,42]
g1005(370,670,401)@[4,38]
g1004@[3,44]
g1006(120,778,735,149)@[30,42]
g1005(411,152,48)@[24,40]
g1005(489,711,900)@[44,49]
g1005(487,103,679)@[12,20]
g1006(749,462,152,163)@[14,29]
g1004@[24,47]
g1005(79,93,779)@[9,36]
g1005(736,288,820)@[0,16]
g1005(399,234,780)@[36,43]
g1005(907,354,240)@[17,30]
g1005(754,280,808)@[23,36]
g1005(164,739,95)@[25,31]
g1005(442,375,516)@[0,5]
g1005(660,198,266)@[4,12]
g1005(803,800,919)@[17,32]
g1004@[10,41]
g1006(722,323,209,672)@[26,48]
g1006(501,206,193,898)@[36,44]
g1004@[34,44]
g1005(201,201,390)@[12,26]
g1005(872,21,729)@[3,45]
g1005(699,912,41)@[0,37]
g1005(605,415,652)@[42,44]
g1005(781,101,82)@[1,29]
g1005(736,319,147)@[15,26]
g1006(858,742,833,842)@[3,41]
g1005(653,879,711)@[15,28]
g1006(41,42,751,200)@[17,32]
g1005(558,569,868)@[29,45]
g1006(847,909,626,72)@[8,19]
g1004@[25,44]
g1005(32,140,659)@[43,49]
g1004@[34,49]
g1004@[13,21]
g1006(79,183,659,466)@[25,33]
g1005(641,647,613)@[26,47]
g1006(605,864,101,154)@[18,22]
g1005(228,445,425)@[26,35]
g1006(532,333,251,331)@[12,35]
g1006(244,149,739,455)@[12,29]
g1005(236,145,772)@[8,40]
g1005(300,413,193)@[18,31]
g1005(635,681,229)@[16,18]
g1004@[2,43]
g1005(398,864,478)@[2,12]
g1004@[15,49]
g1005(418,254,377)@[5,18]
g1005(505,73,121)@[13,42]
g1006(743,461,475,137)@[12,32]
g1006(302,309,393,751)@[12,16]
g1004@[0,23]
g1004@[10,18]
g1006(280,500,227,753)@[7,41]
g1005(675,489,496)@[47,49]
g1006(836,874,834,51)@[24,36]
g1004@[16,49]
g1005(419,486,130)@[3,42]
g1005(284,46,811)@[38,41]
g1005(301,517,101)@[11,12]
g1004@[8,48]
g1005(372,817,904)@[9,24]
g1005(47,682,128)@[29,36]
g1005(411,578,193)@[0,41]
g1005(210,481,315)@[11,28]
g1005(847,71,351)@[14,38]
g1006(143,916,818,779)@[25,37]
g1004@[11,13]
g1005(750,687,755)@[5,28]
g1006(758,222,413,3)@[9,10]
g1006(485,703,470,712)@[0,25]
g1006(423,520,197,833)@[1,49]
g1005(604,431,538)@[25,47]
g1005(125,788,838)@[1,22]
g1005(533,333,198)@[7,48]
g1005(781,262,759)@[4,20]
g1004@[0,17]
g1005(60,29,693)@[9,28]
g1006(331,281,775,567)@[11,22]
g1005(174,131,317)@[7,37]
g1005(616,304,774)@[9,38]
g1005(167,436,744)@[24,35]
g1004@[2,47]
g1006(117,364,54,668)@[1,3]
g1005(201,811,390)@[17,34]
g1004@[9,37]
g1004@[43,44]
g1004@[20,34]
g1005(615,591,458)@[30,31]
g1005(738,824,310)@[20,47]
g1005(665,221,909)@[1,31]
g1005(449,241,172)@[5,9]
g1005(680,797,640)@[3,41]
g1005(916,10,321)@[0,16]
g1005(116,16,884)@[18,46]
g1004@[17,18]
g1005(621,146,789)@[1,8]
g1005(27,529,340)@[40,47]
g1006(169,326,51,584)@[8,42]
g1005(800,551,51)@[13,43]
g1004@[22,32]
g1005(659,255,10)@[4,35]
g1005(643,797,178)@[22,43]
g1005(404,612,9)@[17,38]
g1005(518,719,28)@[4,28]
g1005(557,519,747)@[31,48]
g1005(103,91,365)@[29,37]
g1005(735,167,573)@[12,17]
g1004@[30,47]
g1005(818,232,50)@[6,38]
g1004@[14,18]
g1005(624,531,13)@[29,37]
g1005(240,558,139)@[28,31]
g1006(325,202,689,138)@[4,36]
g1005(153,872,416)@[38,48]
g1005(5,35,33)@[23,24]
g1006(878,806,497,560)@[29,49]
g1005(919,800,117)@[25,27]
g1004@[2,31]
g1005(170,278,248)@[13,22]
g1006(875,416,774,16)@[12,35]
g1005(311,309,188)@[27,39]
g1005(149,77,887)@[24,26]
g1005(483,584,615)@[1,33]
g1005(902,177,388)@[12,17]
g1004@[16,47]
g1005(358,794,891)@[13,30]
g1006(902,694,661,379)@[23,41]
g1005(619,877,530)@[6,31]
g1004@[33,47]
g1006(319,573,735,167)@[43,49]
g1005(49,644,257)@[41,47]
g1005(59,559,857)@[19,28]
g1005(842,814,812)@[7,30]
g1004@[3,36]
g1004@[13,42]
g1005(209,93,399)@[28,48]
g1005(418,122,502)@[4,44]
g1005(568,223,127)@[16,48]
g1004@[40,42]
g1004@[2,13]
g1006(97,262,145,195)@[24,36]
g1004@[12,15]
g1005(497,97,201)@[13,27]
g1004@[8,25]
g1004@[35,42]
g1005(597,484,88)@[13,25]
g1005(722,719,341)@[15,20]
g1004@[13,42]
g1006(599,236,241,238)@[5,17]
g1005(628,299,161)@[42,43]
g1005(763,217,145)@[17,34]
g1005(601,858,351)@[21,44]
g1005(407,441,495)@[13,40]
g1004@[29,40]
g1005(123,328,537)@[4,24]
g1005(845,12,59)@[19,49]
g1006(236,790,867,342)@[5,48]
g1005(164,834,310)@[19,48]
g1005(11,612,790)@[23,44]
g1006(18,733,846,105)@[10,49]
g1004@[10,24]
g1005(713,550,264)@[46,48]
g1005(122,753,514)@[28,39]
g1005(78,841,328)@[9,35]
g1006(638,591,361,87)@[25,40]
g1005(593,369,38)@[4,27]
g1006(552,320,457,230)@[4,31]
g1005(137,254,703)@[13,27]
g1004@[31,48]
g1005(710,581,798)@[25,27]
g1005(335,659,0)@[22,23]
g1004@[14,38]
g1005(380,334,305)@[11,33]
g1006(592,458,247,769)@[7,10]
g1005(230,205,30)@[4,6]
g1005(558,701,318)@[2,15]
g1005(226,568,21)@[27,43]
g1004@[12,32]
g1006(853,402,132,283)@[8,22]
g1005(192,271,605)@[35,40]
g1005(227,265,311)@[2,37]
g1004@[1,9]
g1006(34,568,382,286)@[4,16]
g1005(584,200,454)@[21,28]
g1005(100,600,806)@[12,34]
g1005(7,636,833)@[2,27]
g1005(438,690,658)@[14,35]
g1005(454,725,382)@[9,20]
g1005(392,173,692)@[34,35]
g1004@[8,17]
g1004@[9,26]
g1005(764,725,563)@[41,45]
g1005(916,808,545)@[15,16]
g1005(689,788,783)@[39,47]
g1004@[36,37]
g1005(382,289,594)@[40,43]
g1005(451,619,89)@[19,40]
g1004@[22,41]
g1005(276,656,899)@[16,41]
g1005(312,143,858)@[7,26]
g1004@[13,35]
g1005(509,150,856)@[15,24]
g1005(887,122,270)@[15,38]
g1004@[4,8]
g1004@[0,19]
g1005(622,705,355)@[23,26]
g1006(112,881,502,67)@[15,16]
g1005(714,770,143)@[12,43]
g1006(472,207,696,153)@[36,44]
g1005(248,130,614)@[40,42]
g1004@[4,44]
g1005(98,779,474)@[36,37]
g1006(825,283,432,94)@[14,31]
g1005(466,790,220)@[6,32]
g1006(84,887,373,862)@[44,46]
g1005(271,325,107)@[17,25]
g1004@[6,34]
g1005(655,822,821)@[5,42]
g1005(880,533,323)@[25,41]
g1005(107,518,560)@[10,27]
g1005(865,484,222)@[17,45]
g1005(747,589,855)@[33,34]
g1005(489,492,106)@[10,48]
g1005(260,817,481)@[0,1]
g1006(355,226,522,835)@[13,27]
g1005(346,615,107)@[29,31]
g1005(630,39,873)@[33,37]
g1004@[4,32]
g1005(371,570,218)@[29,47]
g1005(84,432,54)@[16,41]
g1004@[38,44]
g1004@[22,36]
g1005(840,737,38)@[27,49]
g1004@[12,14]
g1005(69,656,89)@[40,45]
g1005(910,899,895)@[25,28]
g1005(254,419,823)@[32,38]
g1005(572,532,199)@[8,48]
g1006(562,801,191,516)@[35,39]
g1005(819,168,717)@[7,12]
g1004@[24,45]
g1004@[11,47]
g1005(391,87,732)@[14,47]
g1005(460,875,845)@[21,26]
g1005(612,138,33)@[28,38]
g1004@[1,10]
g1005(151,791,471)@[10,19]
g1004@[13,41]
g1005(895,875,659)@[22,30]
g1004@[25,46]
g1005(386,451,831)@[20,32]
g1006(585,258,226,337)@[8,45]
g1004@[8,43]
g1005(511,59,324)@[17,30]
g1005(542,490,860)@[1,34]
g1005(539,656,145)@[35,36]
g1005(293,889,613)@[4,8]
g1005(113,587,130)@[13,16]
g1006(599,12,899,861)@[23,29]
g1005(476,762,674)@[7,26]
g1004@[0,48]
g1005(763,579,202)@[15,29]
g1005(544,887,92)@[11,38]
g1004@[31,33]
g1005(112,647,133)@[9,22]
g1005(214,147,781)@[19,24]
g1005(858,345,238)@[22,23]
g1005(126,68,280)@[16,34]
g1005(148,841,249)@[24,44]
g1005(830,497,447)@[2,17]
g1004@[14,45]
g1006(291,800,635,78)@[12,18]
g1005(561,556,708)@[17,28]
g1006(534,743,391,730)@[0,6]
g1004@[9,10]
g1005(28,570,780)@[8,24]
g1005(578,645,455)@[38,40]
g1005(571,329,597)@[3,20]
g1004@[18,27]
g1005(332,700,129)@[2,38]
g1005(185,586,791)@[7,38]
g1004@[18,24]
g1005(878,319,805)@[21,25]
g1005(780,680,475)@[24,42]
g1006(551,673,448,497)@[16,22]
g1004@[3,27]
g1005(245,778,731)@[1,16]
g1005(369,406,99)@[32,42]
g1005(317,575,459)@[28,42]
g1004@[11,43]
g1005(843,833,617)@[18,43]
g1005(487,263,556)@[6,34]
g1005(639,749,787)@[17,36]
g1005(291,27,824)@[8,32]
g1006(422,551,131,786)@[5,7]
g1005(504,1,479)@[8,36]
g1005(40,269,405)@[12,32]
g1005(615,514,323)@[6,47]
g1005(578,452,366)@[14,27]
g1004@[7,15]
g1005(375,813,239)@[34,47]
g1005(500,89,909)@[35,40]
g1005(51,826,273)@[16,32]
g1006(42,449,418,78)@[35,43]
g1005(351,203,273)@[0,3]
g1005(86,232,192)@[10,22]
g1005(341,87,130)@[9,36]
g1006(351,325,246,481)@[28,48]
g1005(325,586,724)@[1,33]
g1004@[26,32]
g1005(222,293,429)@[30,41]
g1005(41,509,15)@[3,48]
g1005(195,136,8)@[0,3]
g1005(73,656,91)@[27,42]
g1005(97,729,773)@[15,23]
g1004@[33,46]
g1005(26,72,912)@[6,9]
g1005(863,737,627)@[24,43]
g1005(525,287,892)@[13,49]
g1005(459,672,339)@[9,15]
g1005(85,496,146)@[16,19]
g1005(261,35,161)@[5,41]
g1004@[2,27]
g1005(574,530,388)@[3,14]
g1005(711,637,478)@[23,47]
g1005(843,522,867)@[40,41]
g1006(424,912,897,292)@[25,48]
g1005(83,369,617)@[16,23]
g1006(663,743,700,196)@[28,38]
g1006(593,92,900,567)@[9,49]
g1005(631,221,71)@[18,43]
g1004@[36,45]
g1005(614,766,91)@[24,25]
g1004@[8,31]
g1005(210,206,775)@[12,35]
g1005(847,792,15)@[26,40]
g1006(823,185,844,121)@[43,46]
g1005(206,596,563)@[23,49]
g1004@[24,39]
g1004@[39,41]
g1005(485,379,776)@[14,47]
g1005(749,172,210)@[28,33]
g1004@[1,35]
g1005(584,108,754)@[9,46]
g1006(65,3,399,843)@[12,45]
g1004@[19,40]
g1005(769,341,663)@[7,47]
g1004@[12,26]
g1004@[11,37]
g1006(631,913,901,132)@[8,14]
g1004@[18,43]
g1004@[8,39]
g1005(88,454,20)@[16,46]
g1004@[18,26]
g1005(875,811,269)@[10,21]
g1005(344,577,606)@[25,35]
g1005(196,513,649)@[20,42]
g1004@[23,48]
g1005(37,106,114)@[16,25]
g1004@[8,12]
g1005(686,174,334)@[19,23]
g1005(379,590,858)@[14,28]
g1005(463,389,593)@[16,32]
g1005(572,250,371)@[27,33]
g1005(563,434,10)@[2,25]
g1005(245,614,199)@[24,29]
g1005(273,622,304)@[33,47]
g1004@[17,27]
g1005(213,188,457)@[5,29]
g1004@[13,26]
g1004@[0,20]
g1004@[24,31]
g1005(383,758,528)@[19,20]
g1005(66,428,119)@[25,44]
g1004@[17,29]
g1004@[21,48]
g1005(906,619,573)@[32,43]
g1004@[21,27]
g1005(322,714,899)@[2,23]
g1005(647,638,833)@[2,8]
g1005(127,915,174)@[3,17]
g1005(565,182,232)@[7,13]
g1004@[8,38]
g1005(581,459,339)@[15,44]
g1004@[26,35]
g1005(511,512,538)@[2,45]
g1006(639,570,551,584)@[0,34]
g1005(525,868,756)@[33,36]
g1005(238,664,616)@[15,46]
g1005(270,27,625)@[17,37]
g1005(836,309,834)@[12,24]
g1005(640,213,203)@[16,35]
g1005(38,446,896)@[7,37]
g1004@[8,34]
g1004@[26,36]
g1004@[0,48]
g1006(559,614,145,613)@[8,14]
g1005(904,221,601)@[3,5]
g1006(100,537,477,886)@[8,11]
g1004@[33,39]
g1006(394,740,798,527)@[32,46]
g1005(122,682,417)@[15,19]
g1004@[16,41]
g1005(604,262,463)@[14,27]
g1005(814,451,804)@[0,37]
g1004@[34,41]
g1006(736,530,157,394)@[4,45]
g1005(602,256,804)@[29,48]
g1006(511,693,668,302)@[3,21]
g1005(817,502,873)@[13,26]
g1005(632,759,490)@[6,12]
g1005(683,64,545)@[39,46]
g1005(138,65,678)@[3,14]
g1005(402,862,38)@[37,45]
g1004@[39,49]
g1005(780,550,827)@[3,29]
g1005(497,745,766)@[8,21]
g1004@[8,10]
g1005(477,113,284)@[13,28]
g1005(907,534,333)@[1,14]
g1004@[2,35]
g1004@[9,40]
g1005(856,326,714)@[3,14]
g1005(98,654,355)@[16,48]
g1005(732,537,404)@[13,33]
g1005(852,289,790)@[32,34]
g1006(755,696,149,583)@[8,31]
g1005(160,671,467)@[3,21]
g1005(552,402,622)@[6,36]
g1004@[25,36]
g1004@[25,33]
g1004@[6,16]
g1004@[3,13]
g1005(797,210,632)@[44,45]
g1004@[33,42]
g1005(741,111,54)@[28,38]
g1005(144,629,532)@[12,49]
g1004@[1,36]
g1006(91,333,742,862)@[12,28]
g1005(161,590,74)@[1,3]
g1005(790,26,315)@[18,32]
g1005(26,598,76)@[20,26]
g1006(408,460,282,326)@[13,30]
g1004@[1,6]
g1005(324,810,781)@[14,33]
g1005(721,285,541)@[8,30]
g1004@[15,34]
g1006(556,635,463,394)@[30,42]
g1005(762,729,545)@[28,43]
g1004@[43,49]
g1005(826,799,557)@[25,38]
g1005(740,815,9)@[20,23]
g1006(693,102,240,179)@[41,48]
g1004@[14,27]
g1005(604,176,590)@[17,36]
g1004@[13,25]
g1004@[1,35]
g1005(401,586,361)@[30,32]
g1005(315,123,481)@[18,31]
g1005(131,222,444)@[9,41]
g1004@[21,24]
g1005(701,49,14)@[17,35]
g1005(526,854,340)@[31,44]
g1005(565,146,230)@[44,46]
g1005(202,149,877)@[4,34]
g1004@[4,38]
g1006(652,232,367,400)@[11,13]
g1004@[10,23]
g1005(31,896,189)@[0,36]
g1005(39,173,224)@[6,8]
g1006(330,345,522,192)@[9,36]
g1004@[0,10]
g1005(51,100,256)@[31,36]
g1005(296,194,773)@[2,31]
g1005(905,688,470)@[28,42]
g1004@[23,25]
g1005(737,713,152)@[4,22]
g1005(841,665,271)@[0,19]
g1005(453,492,824)@[20,35]
g1005(889,79,264)@[24,30]
g1005(11,616,558)@[13,40]
g1005(57,161,631)@[21,40]
g1004@[28,40]
g1005(605,208,725)@[25,45]
g1004@[14,37]
g1005(588,731,900)@[0,23]
g1005(403,140,156)@[15,22]
g1005(86,123,842)@[20,25]
g1005(97,73,828)@[8,24]
g1005(701,186,687)@[22,29]
g1005(659,511,669)@[22,24]
g1006(836,421,651,817)@[6,40]
g1005(663,272,27)@[6,13]
g1005(374,438,63)@[10,41]
g1004@[9,11]
g1005(530,324,722)@[6,34]
g1005(894,71,903)@[3,27]
g1004@[7,44]
g1004@[5,42]
g1005(36,47,731)@[23,42]
g1004@[11,21]
g1005(410,843,820)@[3,14]
g1005(479,74,663)@[24,38]
g1005(296,209,416)@[5,45]
g1005(659,593,563)@[1,8]
g1005(392,792,459)@[5,12]
g1005(665,533,209)@[0,20]
g1005(447,31,850)@[8,25]
g1005(714,382,483)@[23,26]
g1005(83,629,591)@[33,34]
g1005(5,676,533)@[15,33]
g1005(379,704,506)@[12,47]
g1005(603,82,395)@[36,43]
g1004@[9,13]
g1005(28,564,197)@[10,29]
g1005(766,493,835)@[20,23]
g1004@[39,43]
g1005(15,342,545)@[23,39]
g1004@[13,16]
g1005(477,465,630)@[36,45]
g1005(59,98,674)@[7,15]
g1005(135,144,294)@[2,12]
g1004@[21,41]
g1005(864,612,94)@[9,40]
g1005(468,452,895)@[12,49]
g1005(786,679,185)@[7,43]
g1006(437,687,102,749)@[14,18]
g1004@[3,13]
g1005(586,610,277)@[13,46]
g1004@[3,16]
g1005(735,584,233)@[7,21]
g1005(227,155,142)@[11,45]
g1005(710,555,881)@[11,26]
g1006(622,465,107,513)@[3,48]
g1005(893,260,824)@[16,28]
g1005(256,37,265)@[0,30]
g1005(224,420,34)@[4,48]
g1006(393,160,832,432)@[8,12]
g1006(1,34,576,616)@[1,13]
g1006(489,72,449,608)@[30,39]
g1004@[21,48]
g1004@[20,38]
g1005(842,278,439)@[0,16]
g1005(169,88,326)@[15,33]
g1005(417,92,710)@[7,24]
g1005(43,461,174)@[9,44]
g1005(911,13,890)@[8,37]
g1006(655,656,248,106)@[13,39]
g1004@[32,35]
g1004@[9,46]
g1004@[26,42]
g1005(765,142,625)@[6,23]
g1005(852,786,355)@[37,47]
g1005(83,334,53)@[45,49]
g1005(871,267,547)@[28,49]
g1005(657,280,90)@[25,27]
g1005(175,551,118)@[21,48]
g1005(662,648,180)@[0,40]
g1005(450,782,422)@[14,38]
g1005(414,603,878)@[6,8]
g1005(883,734,234)@[12,46]
g1004@[27,47]
g1006(787,429,344,447)@[24,31]
g1006(356,249,917,894)@[0,28]
g1006(703,909,516,533)@[24,46]
g1005(594,568,711)@[0,8]
g1005(444,278,744)@[23,27]
g1005(112,641,435)@[15,26]
g1004@[27,40]
g1005(537,704,648)@[38,42]
g1005(134,105,325)@[3,10]
g1004@[7,28]
g1004@[20,44]
g1006(837,848,470,385)@[6,34]
g1005(782,212,789)@[0,23]
g1004@[29,39]
g1004@[23,45]
g1006(866,357,329,301)@[4,35]
g1005(5,60,627)@[1,19]
g1006(594,109,549,37)@[3,34]
g1004@[14,47]
g1005(792,444,199)@[17,37]
g1005(529,697,307)@[8,25]
g1005(109,159,276)@[35,47]
g1005(628,513,679)@[33,43]
g1004@[0,36]
g1004@[23,45]
g1005(400,707,470)@[7,44]
g1004@[1,43]
g1005(283,30,201)@[4,32]
g1005(184,639,456)@[0,13]
g1005(413,815,426)@[21,27]
g1005(790,386,776)@[13,16]
g1005(222,911,351)@[2,42]
g1005(332,574,24)@[3,37]
g1004@[12,14]
g1005(273,19,47)@[10,26]
g1005(737,511,722)@[10,44]
g1006(898,318,315,282)@[16,34]
g1005(573,417,23)@[19,25]
g1005(256,404,38)@[10,28]
g1005(834,459,545)@[2,46]
g1004@[18,48]
g1005(909,365,199)@[11,25]
g1005(128,318,903)@[17,24]
g1006(861,269,457,311)@[11,34]
g1005(239,882,333)@[5,13]
g1005(216,873,270)@[1,38]
g1005(570,110,576)@[0,25]
g1005(317,380,471)@[6,26]
g1005(169,522,321)@[19,43]
g1005(547,389,829)@[24,30]
g1004@[12,38]
g1004@[18,36]
g1005(322,112,21)@[5,44]
g1006(734,631,286,9)@[37,43]
g1004@[5,43]
g1005(545,22,480)@[12,17]
g1005(901,248,279)@[23,28]
g1005(775,726,399)@[12,33]
g1004@[3,17]
g1006(877,535,29,43)@[17,42]
g1005(288,131,15)@[3,29]
g1005(233,265,620)@[47,48]
g1004@[17,36]
g1004@[3,40]
g1004@[9,47]
g1004@[24,43]
g1004@[1,32]
g1004@[33,39]
g1004@[3,20]
g1005(553,519,414)@[2,35]
g1005(138,858,518)@[4,45]
g1005(671,390,583)@[1,30]
g1004@[5,17]
g1004@[16,46]
g1005(218,822,524)@[34,40]
g1004@[32,36]
g1004@[34,35]
g1005(919,175,856)@[41,43]
g1005(132,87,497)@[0,44]
g1005(656,671,867)@[20,49]
g1005(2,730,261)@[8,36]
g1004@[21,25]
g1006(650,837,511,131)@[6,38]
g1005(75,901,101)@[17,28]
g1004@[5,16]
g1005(276,228,861)@[19,31]
g1005(205,350,206)@[11,44]
g1004@[5,42]
g1006(732,452,824,124)@[17,34]
g1004@[10,39]
g1004@[37,47]
g1005(839,174,61)@[1,2]
g1005(129,874,710)@[7,30]
g1005(99,844,334)@[14,27]
g1004@[18,41]
g1005(444,108,564)@[15,36]
g1005(687,832,36)@[14,42]
g1006(693,67,805,32)@[11,17]
g1005(506,917,396)@[36,49]
g1005(803,141,615)@[2,21]
g1005(319,107,236)@[26,38]
g1005(564,878,172)@[5,11]
g1004@[15,36]
g1004@[11,48]
g1004@[1,20]
g1005(328,470,873)@[27,33]
g1005(234,302,545)@[28,29]
g1006(180,26,896,878)@[39,49]
g1005(420,324,587)@[27,45]
g1005(41,914,310)@[15,42]
g1004@[8,29]
g1005(627,70,634)@[11,26]
g1004@[23,39]
g1005(913,458,239)@[6,16]
g1004@[4,38]
g1006(873,7,646,892)@[7,43]
g1005(526,582,735)@[7,11]
g1005(818,685,197)@[41,47]
g1005(452,825,701)@[22,25]
g1005(448,723,113)@[33,48]
g1004@[3,27]
g1005(244,378,298)@[34,47]
g1005(87,93,157)@[39,43]
g1004@[7,8]
g1005(274,789,546)@[33,40]
g1005(694,444,469)@[15,40]
g1006(104,494,343,262)@[8,44]
g1005(509,826,745)@[13,39]
g1004@[17,30]
g1005(446,646,451)@[1,37]
g1006(518,715,432,115)@[3,28]
g1004@[29,30]
g1005(418,298,400)@[16,46]
g1006(359,228,495,506)@[22,41]
g1004@[33,36]
g1006(96,885,908,468)@[13,36]
g1005(863,433,177)@[32,43]
g1004@[10,36]
g1005(585,710,534)@[22,25]
g1005(293,859,817)@[16,21]
g1005(749,904,748)@[14,39]
g1005(624,916,37)@[45,47]
g1005(699,901,365)@[14,38]
g1005(29,664,165)@[6,33]
g1005(159,582,660)@[40,48]
g1005(873,894,486)@[24,34]
g1006(189,93,391,607)@[3,8]
g1005(116,311,25)@[24,36]
g1005(361,582,56)@[8,28]
g1005(334,753,551)@[12,23]
g1004@[3,41]
g1005(694,877,363)@[15,35]
g1005(490,761,273)@[2,30]
g1005(37,118,881)@[8,45]
g1004@[14,44]
g1005(272,391,279)@[15,49]
g1005(901,368,254)@[18,35]
g1005(899,803,627)@[10,30]
g1005(125,674,96)@[24,40]
g1005(327,673,457)@[1,2]
g1004@[35,49]
g1005(508,400,151)@[9,33]
g1006(658,193,688,338)@[27,38]
g1005(905,186,341)@[34,49]
g1005(55,149,820)@[21,48]
g1006(9,321,916,10)@[13,47]
g1006(125,851,367,915)@[25,34]
g1004@[7,14]
g1006(150,896,42,327)@[20,23]
g1005(85,296,36)@[19,48]
g1005(558,617,221)@[6,28]
g1005(594,866,851)@[18,25]
g1005(570,809,516)@[11,16]
g1005(610,846,186)@[28,48]
g1005(537,385,919)@[0,28]
g1005(349,22,46)@[11,40]
g1005(508,140,112)@[5,45]
g1006(626,204,209,1)@[3,39]
g1006(325,130,385,799)@[19,21]
g1005(86,556,565)@[6,35]
g1005(238,641,301)@[21,41]
g1006(657,758,826,262)@[24,33]
g1005(586,908,47)@[17,38]
g1005(626,476,86)@[3,21]
g1004@[12,43]
g1005(852,692,163)@[11,20]
g1004@[2,7]
g1005(708,824,13)@[8,46]
g1006(343,274,608,679)@[21,36]
g1005(360,750,889)@[17,39]
g1005(151,243,152)@[22,34]
g1004@[25,41]
g1004@[23,45]
g1006(108,441,358,192)@[14,46]
g1005(55,412,149)@[7,27]
g1006(636,13,867,586)@[14,28]
g1004@[0,17]
g1004@[30,31]
g1005(888,715,482)@[0,23]
g1004@[33,38]
g1005(798,827,687)@[16,39]
g1006(494,382,390,83)@[0,21]
g1005(623,853,376)@[47,48]
g1005(436,803,483)@[6,7]
g1005(226,912,141)@[30,37]
g1005(415,727,583)@[16,36]
g1005(804,334,153)@[0,8]
g1005(419,694,606)@[26,29]
g1005(361,918,872)@[11,22]
g1005(650,55,131)@[32,33]
g1005(602,238,733)@[28,43]
g1005(172,621,23)@[9,34]
g1005(147,777,557)@[3,25]
g1006(575,269,399,787)@[24,44]
g1005(424,149,626)@[0,7]
g1005(36,358,873)@[8,35]
g1005(530,778,275)@[34,35]
g1004@[6,30]
g1005(376,734,684)@[18,39]
g1004@[20,48]
g1005(635,831,179)@[5,28]
g1004@[29,36]
g1006(239,530,608,95)@[5,45]
g1005(704,624,877)@[34,44]
g1004@[31,38]
g1006(732,825,85,211)@[29,32]
g1005(442,670,712)@[3,10]
g1006(496,220,346,708)@[21,45]
g1005(878,509,635)@[43,45]
g1004@[16,31]
g1005(523,297,390)@[0,20]
g1004@[21,44]
g1006(91,811,913,564)@[6,24]
g1005(78,226,415)@[9,34]
g1005(818,901,516)@[11,28]
g1005(207,194,48)@[14,38]
g1004@[3,6]
g1004@[6,27]
g1005(825,407,412)@[34,47]
g1005(456,213,17)@[6,25]
g1005(569,424,357)@[14,38]
g1006(480,735,906,566)@[20,34]
g1006(420,889,692,189)@[4,8]
g1005(648,272,845)@[36,45]
g1005(607,425,582)@[18,46]
g1006(343,717,42,718)@[22,43]
g1005(781,516,225)@[2,22]
g1006(894,668,120,460)@[17,23]
g1004@[23,36]
g1005(562,1,273)@[14,38]
g1005(468,77,310)@[4,41]
g1005(210,550,664)@[11,29]
g1005(486,801,686)@[9,11]
g1005(648,900,902)@[8,39]
g1006(252,538,565,811)@[11,30]
g1004@[8,10]
g1005(25,28,383)@[4,37]
g1004@[9,42]
g1005(430,877,683)@[20,24]
g1005(151,548,401)@[4,15]
g1005(270,901,515)@[29,31]
g1005(679,422,686)@[13,43]
g1004@[22,24]
g1005(788,623,882)@[31,36]
g1005(78,509,114)@[5,13]
g1005(280,690,913)@[20,23]
g1006(306,412,397,846)@[7,29]
g1005(27,15,722)@[4,32]
g1005(656,915,311)@[1,34]
g1006(286,864,765,304)@[0,43]
g1005(893,292,473)@[21,23]
g1005(778,244,380)@[7,24]
g1004@[0,37]
g1005(305,422,298)@[15,35]
g1005(847,724,617)@[31,49]
g1005(752,353,444)@[2,25]
g1004@[14,47]
g1005(811,528,300)@[12,48]
g1005(7,811,29)@[26,35]
g1004@[20,36]
g1005(519,585,769)@[27,44]
g1005(605,115,788)@[12,21]
g1004@[20,24]
g1005(24,144,325)@[22,37]
g1005(348,218,210)@[9,36]
g1004@[18,44]
g1005(144,750,722)@[36,37]
g1005(777,537,757)@[24,36]
g1004@[5,21]
g1005(430,787,603)@[18,43]
g1004@[12,21]
g1005(541,798,750)@[8,37]
g1005(122,314,578)@[38,46]
g1005(331,7,875)@[12,39]
g1005(99,347,373)@[13,14]
g1005(298,423,903)@[27,43]
g1004@[12,21]
g1004@[11,39]
g1004@[11,25]
g1005(539,438,770)@[16,30]
g1005(163,873,185)@[23,31]
g1004@[11,21]
g1004@[1,37]
g1005(481,743,436)@[23,48]
g1005(493,695,198)@[0,33]
g1005(35,765,626)@[43,48]
g1004@[10,32]
g1005(423,647,683)@[16,32]
g1004@[3,40]
g1006(556,88,386,102)@[9,39]
g1004@[14,48]
g1006(290,593,729,28)@[3,36]
g1005(334,114,804)@[15,41]
g1004@[28,30]
g1005(423,510,255)@[26,35]
g1005(448,53,360)@[18,41]
g1004@[38,42]
g1005(640,316,347)@[6,38]
g1004@[1,35]
g1005(876,346,271)@[22,28]
g1005(114,416,30)@[8,16]
g1005(572,686,49)@[32,46]
g1005(865,477,328)@[5,14]
g1004@[12,31]
g1005(118,707,703)@[8,32]
g1004@[7,49]
g1006(369,275,364,732)@[6,7]
g1004@[42,46]
g1005(846,465,889)@[14,44]
g1006(132,363,263,374)@[8,46]
g1004@[36,38]
g1004@[20,35]
g1004@[20,42]
g1005(889,206,558)@[25,39]
g1005(810,47,688)@[27,30]
g1004@[6,35]
g1005(787,62,676)@[42,47]
g1005(725,240,783)@[22,31]
g1006(67,392,685,701)@[9,24]
g1005(682,857,532)@[21,30]
g1004@[16,35]
g1006(98,903,866,380)@[4,39]
g1005(455,361,79)@[39,46]
g1004@[15,23]
g1006(43,447,596,788)@[26,29]
g1005(306,6,769)@[44,49]
g1006(464,119,421,840)@[2,8]
g1005(758,686,175)@[35,45]
g1005(13,282,4)@[25,29]
g1004@[28,47]
g1005(431,745,166)@[12,43]
g1004@[40,49]
g1005(710,127,905)@[0,10]
g1005(420,159,870)@[17,23]
g1005(601,321,410)@[0,16]
g1004@[24,26]
g1005(261,306,346)@[11,24]
g1006(234,122,831,776)@[1,8]
g1005(330,442,536)@[6,44]
g1005(75,631,913)@[12,26]
g1004@[14,36]
g1005(534,345,300)@[10,40]
g1005(689,221,418)@[18,25]
g1005(225,358,476)@[0,19]
g1005(717,476,718)@[31,41]
g1005(204,565,161)@[15,47]
g1005(798,785,306)@[32,48]
g1004@[10,15]
g1005(831,463,791)@[11,42]
g1005(457,771,511)@[11,13]
g1004@[38,46]
g1005(267,40,207)@[10,14]
g1005(572,634,547)@[30,35]
g1005(204,173,434)@[2,32]
g1005(373,6,491)@[18,39]
g1004@[6,42]
g1004@[45,47]
g1005(707,308,107)@[38,39]
g1004@[36,41]
g1005(595,517,593)@[6,45]
g1006(243,257,760,80)@[0,34]
g1005(722,602,348)@[43,49]
g1005(861,754,281)@[0,35]
g1004@[13,38]
g1005(267,332,277)@[17,19]
g1005(47,111,681)@[1,27]
g1005(11,56,93)@[18,35]
g1004@[14,26]
g1004@[3,25]
g1005(99,390,514)@[14,35]
g1005(897,588,369)@[30,40]
g1006(151,816,135,270)@[24,34]
g1004@[4,5]
g1005(737,159,83)@[38,47]
g1004@[26,46]
g1005(119,641,20)@[8,32]
g1005(209,672,323)@[5,15]
g1004@[21,48]
g1005(349,316,133)@[38,41]
g1005(217,616,88)@[31,39]
g1005(603,140,500)@[42,48]
g1004@[8,15]
g1005(95,839,248)@[11,48]
g1004@[25,41]
g1005(311,564,373)@[7,47]
g1005(655,438,733)@[16,36]
g1005(416,285,135)@[19,25]
g1005(843,205,818)@[19,32]
g1005(709,728,834)@[23,31]
g1004@[11,19]
g1005(55,669,33)@[12,28]
g1004@[8,47]
g1006(381,697,764,173)@[1,43]
g1005(917,613,844)@[24,47]
g1004@[2,11]
g1005(24,276,525)@[6,26]
g1005(776,279,700)@[19,31]
g1004@[16,29]
g1006(84,162,777,833)@[4,19]
g1005(541,882,229)@[33,40]
g1005(567,399,872)@[17,40]
g1006(384,658,652,547)@[0,25]
g1005(755,669,801)@[7,44]
g1005(171,707,668)@[0,2]
g1005(801,787,113)@[29,43]
g1005(253,874,575)@[7,13]
g1004@[20,47]
g1004@[21,49]
g1005(14,513,897)@[7,45]
g1006(263,311,806,346)@[34,48]
g1006(110,362,671,417)@[10,14]
g1006(733,718,149,77)@[13,28]
g1004@[10,14]
g1005(846,291,607)@[18,34]
g1005(749,38,256)@[9,20]
g1005(122,219,0)@[28,38]
g1005(294,81,357)@[19,35]
g1004@[31,45]
g1005(423,837,619)@[14,34]
g1005(668,161,907)@[5,32]
g1004@[18,36]
g1005(825,560,109)@[0,27]
g1006(851,87,66,216)@[1,39]
g1005(695,406,497)@[25,28]
g1006(788,815,822,559)@[20,45]
g1005(188,309,218)@[5,47]
g1005(743,868,778)@[34,39]
g1005(628,607,316)@[21,40]
g1005(20,776,69)@[12,42]
g1004@[15,17]
g1004@[27,35]
g1004@[29,43]
g1005(552,442,424)@[23,32]
g1005(835,720,567)@[10,16]
g1005(190,870,699)@[9,33]
g1005(765,853,685)@[11,45]
g1005(567,873,216)@[2,4]
g1004@[23,41]
g1005(625,834,562)@[20,44]
g1005(778,751,414)@[9,17]
g1005(769,439,663)@[31,47]
g1005(519,548,696)@[6,10]
g1005(600,901,267)@[7,29]
g1005(355,471,550)@[23,45]
g1004@[5,45]
g1005(340,128,554)@[5,23]
g1005(739,534,546)@[5,16]
g1005(54,625,627)@[22,26]
g1005(331,578,26)@[1,32]
g1006(885,158,475,451)@[10,34]
g1005(224,349,375)@[15,41]
g1004@[15,23]
g1004@[10,17]
g1005(58,286,206)@[6,24]
g1005(859,736,784)@[16,46]
g1005(238,880,403)@[0,42]
g1005(715,866,166)@[30,43]
g1005(816,459,469)@[26,29]
g1004@[34,40]
g1005(145,703,478)@[26,30]
g1005(223,806,448)@[41,46]
g1005(253,409,170)@[20,49]
g1005(824,99,788)@[10,36]
g1005(274,194,919)@[13,47]
g1004@[5,29]
g1005(466,751,832)@[4,20]
g1004@[34,44]
g1005(453,185,334)@[6,17]
g1005(286,832,294)@[8,22]
g1004@[6,48]
g1005(348,793,430)@[27,43]
g1005(346,897,448)@[5,32]
g1004@[14,25]
g1004@[3,40]
g1005(725,368,889)@[9,21]
g1004@[0,39]
g1005(739,285,588)@[15,20]
g1005(259,578,888)@[38,44]
g1005(227,498,478)@[35,49]
g1006(53,54,598,636)@[1,29]
g1005(6,510,1)@[34,39]
g1004@[0,14]
g1004@[7,15]
g1005(507,89,42)@[0,12]
g1005(544,310,450)@[15,39]
g1005(442,268,94)@[24,36]
g1005(521,313,92)@[16,36]
g1004@[16,34]
g1005(255,873,634)@[0,2]
g1006(65,48,257,420)@[24,28]
g1005(456,32,548)@[13,24]
g1004@[25,33]
g1004@[5,38]
g1005(63,140,801)@[22,33]
g1004@[1,39]
g1005(14,414,618)@[12,45]
g1005(882,544,308)@[30,37]
g1004@[16,45]
g1004@[1,28]
g1005(526,145,895)@[3,24]
g1005(766,552,255)@[26,44]
g1005(775,541,710)@[6,7]
g1004@[11,34]
g1005(319,158,559)@[9,38]
g1004@[5,34]
g1005(711,527,849)@[23,37]
g1005(912,523,22)@[22,30]
g1006(145,609,717,404)@[0,32]
g1004@[3,15]
g1005(849,190,903)@[10,43]
g1005(219,488,790)@[0,13]
g1005(172,328,62)@[3,31]
g1004@[38,48]
g1004@[3,25]
g1004@[30,36]
g1005(848,391,859)@[20,49]
g1005(542,598,548)@[40,48]
g1005(87,826,178)@[13,21]
g1004@[19,45]
g1004@[8,34]
g1005(894,249,462)@[35,39]
g1005(730,56,444)@[7,44]
g1004@[9,26]
g1005(665,120,714)@[22,38]
g1005(905,591,421)@[20,40]
g1004@[35,47]
g1004@[13,31]
g1005(656,894,440)@[12,21]
g1004@[5,21]
g1004@[29,46]
g1005(475,202,917)@[18,19]
g1005(669,821,680)@[17,25]
g1006(482,247,288,159)@[5,31]
g1005(859,275,162)@[9,46]
g1005(711,573,777)@[3,48]
g1005(665,831,431)@[32,33]
g1006(20,824,453,492)@[25,42]
g1004@[10,32]
g1005(7,506,812)@[0,21]
g1005(339,804,745)@[36,48]
g1005(196,402,167)@[8,14]
g1005(580,372,4)@[8,12]
g1005(209,706,798)@[14,33]
g1004@[9,37]
g1005(344,881,532)@[1,13]
g1005(662,833,805)@[20,48]
g1004@[17,49]
g1006(117,343,819,51)@[33,40]
g1005(663,445,570)@[39,49]
g1005(68,826,393)@[19,49]
g1004@[5,41]
g1005(449,774,360)@[8,43]
g1005(139,58,692)@[10,16]
g1005(721,116,99)@[3,8]
g1005(907,94,42)@[24,32]
g1005(385,194,221)@[29,48]
g1004@[29,45]
g1005(68,863,879)@[3,48]
g1005(845,259,278)@[12,39]
g1005(268,367,374)@[19,47]
g1004@[12,17]
g1005(128,162,345)@[17,28]
g1005(678,396,148)@[43,46]
g1006(811,422,556,199)@[16,44]
g1006(81,658,574,504)@[28,47]
g1004@[39,45]
g1005(182,655,297)@[1,47]
g1005(758,98,175)@[10,29]
g1005(647,725,328)@[26,38]
g1005(137,413,173)@[36,42]
g1005(184,535,516)@[0,3]
g1005(584,233,420)@[13,15]
g1005(672,485,439)@[13,27]
g1005(881,564,748)@[0,39]
g1005(771,267,769)@[13,39]
g1005(883,906,187)@[2,41]
g1005(882,802,27)@[17,47]
g1005(61,401,442)@[25,44]
g1005(777,36,416)@[14,20]
g1004@[15,49]
g1005(169,545,229)@[16,17]
g1005(580,827,257)@[14,31]
g1005(173,408,319)@[15,22]
g1005(380,55,543)@[14,29]
g1005(388,600,380)@[3,11]
g1004@[26,40]
g1005(13,40,725)@[3,26]
g1005(208,655,422)@[9,12]
g1005(471,609,848)@[5,31]
g1005(911,139,879)@[12,38]
g1005(617,255,449)@[28,29]
g1005(461,628,916)@[0,38]
g1004@[15,29]
g1006(114,243,100,828)@[3,37]
g1006(640,457,885,736)@[20,25]
g1005(728,201,416)@[6,37]
g1005(208,482,261)@[17,38]
g1004@[4,30]
g1006(874,869,170,576)@[2,4]
g1006(487,468,83,549)@[12,33]
g1006(138,711,150,269)@[13,36]
g1005(584,127,452)@[9,33]
g1005(880,5,532)@[4,13]
g1004@[24,27]
g1005(330,567,80)@[0,5]
g1004@[5,12]
g1006(306,123,36,435)@[14,15]
g1005(303,65,217)@[39,44]
g1005(66,314,55)@[24,45]
g1005(840,526,503)@[33,38]
g1006(313,742,556,863)@[27,29]
g1005(468,511,681)@[20,22]
g1005(614,136,181)@[24,26]
g1005(741,413,720)@[28,33]
g1006(510,278,736,233)@[23,28]
g1005(565,547,679)@[10,18]
g1005(342,246,567)@[17,32]
g1005(754,793,623)@[18,24]
g1005(391,637,163)@[11,30]
g1005(405,482,873)@[25,30]
g1006(879,774,642,507)@[1,7]
g1005(460,316,11)@[38,41]
g1005(307,284,575)@[8,36]
g1004@[24,34]
g1006(256,792,423,554)@[17,47]
g1004@[26,45]
g1005(282,326,460)@[33,43]
g1004@[17,38]
g1005(705,911,236)@[19,28]
g1005(402,135,180)@[30,31]
g1005(374,521,815)@[25,37]
g1005(368,637,204)@[22,28]
g1005(627,732,181)@[13,45]
g1005(723,464,192)@[18,32]
g1005(720,880,530)@[2,9]
g1004@[1,16]
g1004@[11,17]
g1005(526,38,672)@[2,31]
g1005(110,910,475)@[0,17]
g1006(0,724,253,344)@[21,38]
g1005(626,180,46)@[27,29]
g1005(524,350,29)@[23,47]
g1004@[9,11]
g1005(554,748,257)@[27,29]
g1004@[25,43]
g1005(360,506,242)@[20,27]
g1004@[3,18]
g1004@[2,42]
g1005(360,836,156)@[8,16]
g1006(686,326,506,697)@[11,21]
g1005(238,561,694)@[3,6]
g1005(164,575,597)@[16,36]
g1005(872,774,880)@[1,22]
g1005(237,62,516)@[0,3]
g1005(309,564,581)@[2,7]
g1005(91,908,834)@[7,41]
g1006(42,519,32,900)@[8,37]
g1005(272,182,791)@[0,18]
g1005(404,761,553)@[0,7]
g1005(671,222,543)@[14,45]
g1005(364,896,659)@[29,39]
g1006(842,607,806,360)@[5,31]
g1004@[19,38]
g1004@[41,48]
g1005(691,724,32)@[5,20]
g1005(637,756,519)@[1,18]
g1005(38,342,186)@[5,36]
g1005(473,525,351)@[9,28]
g1005(544,540,414)@[20,29]
g1005(631,912,381)@[34,39]
g1005(478,83,348)@[33,46]
g1004@[20,25]
g1005(128,97,709)@[23,33]
g1005(870,362,49)@[5,11]
g1004@[15,18]
g1004@[4,31]
g1005(184,571,452)@[25,31]
g1004@[3,46]
g1004@[11,43]
g1005(247,539,81)@[29,40]
g1004@[11,26]
g1006(655,265,68,830)@[17,18]
g1005(563,469,205)@[41,47]
g1004@[4,14]
g1005(3,724,187)@[30,43]
g1006(881,138,127,18)@[9,32]
g1005(242,115,884)@[29,49]
g1005(821,800,761)@[12,23]
g1004@[46,48]
g1005(839,789,431)@[2,9]
g1004@[33,39]
g1004@[36,49]
g1005(268,445,682)@[24,44]
g1006(554,895,115,560)@[24,34]
g1004@[0,17]
g1005(626,415,409)@[14,49]
g1005(153,765,65)@[15,47]
g1006(364,832,518,329)@[23,24]
g1005(503,410,838)@[28,30]
g1005(206,796,486)@[21,39]
g1004@[11,23]
g1004@[19,29]
g1005(73,786,430)@[21,34]
g1005(820,736,750)@[0,2]
g1005(324,743,734)@[27,34]
g1004@[8,23]
g1004@[17,36]
g1004@[34,38]
g1004@[45,46]
g1004@[3,34]
g1005(397,232,722)@[23,41]
g1004@[5,40]
g1005(328,346,49)@[18,41]
g1004@[23,41]
g1006(551,859,603,327)@[20,49]
g1005(83,85,664)@[21,23]
g1004@[30,48]
g1005(405,717,846)@[20,49]
g1005(545,111,595)@[2,33]
g1005(727,834,603)@[3,33]
g1005(575,650,511)@[18,40]
g1005(820,85,189)@[32,43]
g1005(121,790,91)@[27,37]
g1004@[19,22]
g1005(474,139,274)@[1,27]
g1006(492,712,197,852)@[9,49]
g1005(635,812,845)@[4,46]
g1005(804,133,901)@[38,41]
g1005(888,253,52)@[10,49]
g1004@[29,49]
g1005(181,843,32)@[5,33]
g1005(692,680,845)@[24,34]
g1005(266,338,199)@[15,30]
g1005(323,895,23)@[26,42]
g1005(589,723,15)@[6,46]
g1004@[14,40]
g1005(376,199,655)@[26,45]
g1005(380,196,606)@[38,47]
g1005(549,272,806)@[13,38]
g1006(685,485,443,107)@[37,44]
g1004@[27,34]
g1005(189,174,34)@[26,27]
g1005(823,761,335)@[11,12]
g1006(446,555,581,574)@[9,10]
g1004@[21,41]
g1005(654,910,679)@[0,48]
g1005(202,89,881)@[0,37]
g1005(101,859,521)@[7,24]
g1005(229,733,419)@[23,28]
g1005(878,92,305)@[1,45]
g1005(236,451,918)@[6,35]
