g526(267,493)@[15,42]
g529(232,837,691,166)@[0,25]
g528(162,575,324)@[0,37]
g528(972,417,407)@[2,45]
g526(665,593)@[1,26]
g528(897,640,597)@[0,36]
g528(393,603,980)@[35,39]
g529(108,978,833,447)@[10,47]
g528(901,259,663)@[26,40]
g528(589,18,437)@[3,17]
g528(637,215,129)@[4,43]
g526(74,239)@[21,25]
g526(66,211)@[1,4]
g528(355,355,271)@[5,37]
g528(630,456,999)@[1,19]
g528(805,216,106)@[13,16]
g528(545,239,641)@[27,41]
g528(690,867,38)@[28,32]
g528(174,576,768)@[15,26]
g526(318,373)@[40,45]
g526(670,789)@[0,45]
g528(651,932,329)@[26,30]
g528(246,651,214)@[34,47]
g528(245,568,293)@[23,43]
g528(344,620,643)@[28,31]
g528(545,69,363)@[3,23]
g526(549,23)@[9,44]
g528(130,122,772)@[28,37]
g526(84,522)@[6,22]
g528(797,315,404)@[17,21]
g528(164,649,514)@[18,40]
g526(839,785)@[6,23]
g528(129,437,890)@[20,29]
g528(823,875,837)@[6,35]
g528(163,578,739)@[27,31]
g528(737,849,786)@[22,43]
g528(160,633,897)@[20,23]
g527(727,548,861,775)@[21,46]
g528(935,22,956)@[0,42]
g528(8,129,321)@[19,37]
g526(991,414)@[27,34]
g528(47,843,176)@[0,6]
g528(528,520,81)@[16,48]
g528(908,790,294)@[11,33]
g528(481,74,172)@[5,26]
g526(382,694)@[12,36]
g528(791,471,228)@[28,43]
g526(790,174)@[30,34]
g528(619,369,173)@[26,29]
g528(407,199,42)@[0,35]
g526(435,844)@[25,30]
g526(538,833)@[33,36]
g526(709,508)@[2,39]
g528(812,228,765)@[9,35]
g528(455,366,321)@[10,21]
g528(979,225,805)@[18,39]
g528(984,105,461)@[31,41]
g528(222,90,45)@[7,8]
g528(774,64,540)@[9,40]
g528(45,540,405)@[4,23]
g527(999,781,925,114)@[4,33]
g528(392,727,240)@[0,49]
g528(44,833,762)@[4,35]
g528(350,921,650)@[15,26]
g528(54,431,990)@[19,38]
g528(362,394,800)@[15,24]
g528(971,645,836)@[25,41]
g528(522,544,281)@[10,48]
g526(391,3)@[7,31]
g526(883,216)@[0,45]
g528(291,103,860)@[19,34]
g526(241,5)@[42,43]
g528(502,276,455)@[4,7]
g526(894,908)@[7,21]
g529(881,833,858,755)@[22,27]
g526(183,645)@[16,27]
g528(370,737,617)@[24,25]
g528(566,22,609)@[21,27]
g528(524,800,681)@[20,42]
g528(445,48,407)@[37,49]
g528(489,466,268)@[6,37]
g528(184,757,199)@[9,42]
g526(896,915)@[7,33]
g528(813,916,7)@[23,46]
g528(390,8,14)@[7,49]
g528(654,999,450)@[6,34]
g528(102,301,622)@[34,35]
g528(972,930,145)@[19,20]
g528(780,516,409)@[11,32]
g526(358,758)@[15,43]
g526(457,205)@[8,30]
g526(165,123)@[5,38]
g528(251,269,382)@[35,39]
g528(70,358,93)@[14,39]
g528(481,222,304)@[9,44]
g527(656,599,705,34)@[21,34]
g526(366,573)@[17,22]
g528(894,3,560)@[31,34]
g528(996,795,1)@[30,44]
g526(292,908)@[18,44]
g527(348,375,520,41)@[32,47]
g526(314,721)@[21,37]
g528(543,852,655)@[17,37]
g528(384,863,397)@[8,48]
g527(601,171,479,750)@[10,14]
g528(443,111,287)@[45,49]
g526(595,67)@[43,47]
g527(921,15,412,130)@[24,43]
g529(788,27,599,612)@[14,48]
g528(273,699,990)@[42,43]
g528(567,416,59)@[18,36]
g527(290,97,960,495)@[22,42]
g527(661,159,728,350)@[26,43]
g526(601,753)@[28,31]
g528(85,885,40)@[4,22]
g526(267,317)@[0,3]
g528(570,587,765)@[18,40]
g528(206,621,341)@[1,18]
g528(251,463,401)@[1,15]
g528(120,961,37)@[7,43]
g526(954,472)@[19,23]
g528(806,729,10)@[25,39]
g528(873,783,993)@[0,14]
g528(461,555,656)@[24,43]
g526(644,827)@[24,26]
g528(440,232,133)@[25,30]
g528(238,901,138)@[8,40]
g528(629,362,583)@[27,32]
g526(137,114)@[5,44]
g528(899,802,113)@[6,15]
g528(321,920,347)@[10,33]
g528(898,980,833)@[6,48]
g528(631,13,935)@[7,41]
g528(390,323,777)@[17,48]
g528(283,865,964)@[3,10]
g528(443,335,630)@[38,44]
g528(909,689,682)@[3,9]
g528(603,575,456)@[1,29]
g528(493,121,61)@[4,14]
g526(452,610)@[1,40]
g528(547,155,88)@[32,35]
g528(545,147,511)@[21,44]
g528(975,101,962)@[6,18]
g526(408,249)@[8,39]
g528(704,233,409)@[6,36]
g528(408,713,994)@[12,24]
g528(228,609,765)@[5,38]
g526(472,744)@[4,43]
g526(628,907)@[8,17]
g526(131,350)@[19,37]
g526(522,851)@[40,48]
g526(542,126)@[16,30]
g528(972,416,901)@[6,19]
g528(74,867,175)@[23,42]
g528(548,837,327)@[28,42]
g528(587,596,412)@[20,30]
g529(431,547,88,851)@[21,34]
g528(196,508,713)@[1,28]
g528(695,36,411)@[5,38]
g528(178,495,549)@[5,44]
g528(742,769,582)@[26,49]
g528(136,54,938)@[21,35]
g528(134,216,390)@[17,46]
g528(248,185,198)@[21,22]
g526(153,997)@[35,39]
g526(884,657)@[0,14]
g526(134,940)@[14,45]
g528(42,670,876)@[4,41]
g528(937,171,639)@[6,39]
g528(416,344,391)@[1,11]
g528(37,967,874)@[34,49]
g528(973,569,12)@[31,40]
g528(815,907,188)@[23,43]
g528(283,619,793)@[17,25]
g528(926,903,375)@[21,30]
g528(265,340,615)@[18,34]
g528(147,168,960)@[16,42]
g528(685,851,407)@[19,38]
g528(914,254,663)@[8,39]
g528(69,873,850)@[5,11]
g528(903,437,903)@[5,12]
g528(246,227,889)@[0,31]
g528(69,900,728)@[21,29]
g528(715,27,749)@[1,6]
g528(471,557,635)@[36,44]
g526(741,421)@[33,47]
g528(350,734,893)@[8,32]
g526(62,611)@[26,48]
g528(308,74,70)@[21,33]
g528(179,521,921)@[4,19]
g528(744,168,193)@[39,43]
g528(88,352,249)@[22,39]
g526(197,603)@[34,42]
g528(113,791,635)@[4,35]
g528(235,440,125)@[19,20]
g528(400,634,320)@[28,36]
g528(614,388,151)@[22,35]
g526(692,735)@[30,34]
g526(349,531)@[28,36]
g529(412,684,853,199)@[43,48]
g526(32,498)@[3,32]
g528(59,195,368)@[4,42]
g526(572,129)@[2,36]
g528(645,791,542)@[1,18]
g526(548,303)@[7,29]
g528(710,166,277)@[21,31]
g528(796,717,775)@[7,49]
g526(476,839)@[11,34]
g528(640,905,158)@[6,26]
g526(909,500)@[43,46]
g528(738,864,309)@[37,40]
g528(99,1,238)@[9,30]
g528(445,775,179)@[33,36]
g528(512,286,314)@[1,25]
g528(134,358,323)@[19,36]
g528(598,94,301)@[16,30]
g528(154,204,354)@[14,27]
g528(831,831,132)@[1,32]
g526(116,389)@[11,13]
g528(898,604,424)@[20,41]
g526(467,549)@[23,26]
g528(321,477,28)@[6,10]
g528(204,835,286)@[5,26]
g528(82,588,25)@[7,33]
g528(812,517,99)@[21,48]
g528(244,375,595)@[33,47]
g526(738,857)@[15,34]
g528(111,319,86)@[41,43]
g528(831,243,27)@[12,24]
g528(943,773,269)@[25,39]
g528(571,145,777)@[8,35]
g526(1,455)@[16,35]
g526(229,654)@[28,48]
g528(38,43,780)@[19,26]
g526(493,297)@[19,47]
g526(583,725)@[33,39]
g528(935,537,76)@[26,36]
g528(659,837,670)@[0,49]
g528(865,841,846)@[7,16]
g528(858,223,382)@[5,42]
g527(768,241,254,247)@[34,47]
g526(253,665)@[42,48]
g528(888,576,176)@[25,29]
g528(839,893,86)@[45,48]
g528(586,274,718)@[25,47]
g528(110,875,947)@[15,17]
g527(544,143,469,752)@[21,23]
g528(733,890,458)@[1,26]
g528(319,614,619)@[2,14]
g528(204,154,382)@[6,9]
g528(497,886,61)@[30,36]
g526(422,990)@[20,31]
g528(768,432,246)@[46,48]
g528(106,796,875)@[1,16]
g526(359,961)@[5,12]
g528(407,86,947)@[11,39]
g528(130,238,568)@[26,36]
g528(994,474,659)@[18,48]
g528(559,760,491)@[0,11]
g526(693,892)@[11,28]
g528(182,886,433)@[13,41]
g526(691,124)@[18,42]
g528(250,336,146)@[0,18]
g526(22,109)@[11,21]
g528(705,584,458)@[14,37]
g528(464,803,581)@[29,49]
g526(780,170)@[2,5]
g528(517,418,197)@[37,38]
g528(695,453,143)@[31,48]
g528(130,80,959)@[14,33]
g526(657,229)@[7,13]
g528(424,800,623)@[34,47]
g528(504,947,380)@[4,16]
g526(328,995)@[26,42]
g528(366,80,289)@[20,32]
g528(877,635,749)@[12,40]
g528(145,300,804)@[26,33]
g526(629,955)@[6,40]
g528(578,607,135)@[41,43]
g526(518,708)@[1,20]
g528(833,549,646)@[18,26]
g526(850,954)@[2,20]
g528(136,752,659)@[12,22]
g528(787,634,225)@[6,37]
g528(270,327,14)@[3,41]
g526(64,204)@[7,21]
g528(999,956,831)@[26,28]
g526(217,498)@[24,33]
g528(782,881,248)@[6,43]
g528(439,407,854)@[1,16]
g526(636,373)@[9,23]
g528(799,788,611)@[18,49]
g528(520,980,637)@[2,49]
g528(608,147,296)@[31,48]
g528(285,538,906)@[18,39]
g526(102,833)@[15,36]
g528(821,7,60)@[32,40]
g526(385,553)@[29,30]
g528(542,936,599)@[3,40]
g528(94,878,90)@[1,44]
g528(703,999,210)@[14,18]
g529(681,796,910,712)@[3,21]
g528(883,962,968)@[22,24]
g528(474,210,289)@[9,23]
g526(544,611)@[5,41]
g526(61,680)@[10,38]
g528(811,183,369)@[19,21]
g527(997,753,539,448)@[12,39]
g526(326,714)@[16,45]
g528(226,529,174)@[28,31]
g528(899,730,875)@[23,25]
g528(50,451,594)@[1,35]
g528(49,979,777)@[12,47]
g526(937,311)@[34,35]
g528(379,231,955)@[32,46]
g526(431,620)@[16,31]
g528(864,368,328)@[17,43]
g528(603,113,581)@[0,13]
g528(59,802,514)@[25,40]
g528(685,708,353)@[22,48]
g528(835,28,275)@[4,25]
g529(933,330,167,949)@[2,6]
g527(894,983,976,987)@[44,48]
g526(593,867)@[45,46]
g526(404,52)@[21,47]
g526(431,851)@[5,32]
g526(399,176)@[18,46]
g528(285,897,802)@[3,49]
g528(911,433,241)@[18,32]
g526(195,600)@[17,41]
g528(410,857,517)@[5,6]
g528(618,822,109)@[18,29]
g528(340,938,880)@[2,4]
g526(476,700)@[6,22]
g528(463,316,800)@[6,34]
g528(227,728,101)@[28,37]
g526(128,103)@[8,21]
g528(784,29,945)@[1,26]
g526(84,386)@[27,32]
g528(119,698,41)@[5,26]
g528(254,504,383)@[1,32]
g528(657,34,37)@[8,21]
g528(935,765,7)@[21,49]
g528(219,216,420)@[27,40]
g526(584,467)@[20,47]
g528(230,458,276)@[4,15]
g528(567,710,230)@[19,33]
g528(787,112,804)@[2,20]
g526(457,12)@[6,39]
g528(164,889,331)@[2,6]
g528(427,546,657)@[17,46]
g528(621,811,626)@[10,11]
g528(955,835,806)@[21,40]
g526(43,473)@[15,21]
g528(340,643,146)@[23,35]
g528(849,379,77)@[6,48]
g526(365,557)@[36,38]
g526(869,465)@[21,27]
g527(396,396,954,319)@[5,33]
g528(418,360,141)@[8,22]
g528(464,755,170)@[5,29]
g528(722,684,397)@[12,47]
g526(454,839)@[14,36]
g528(687,210,172)@[7,33]
g528(936,853,667)@[36,46]
g526(155,706)@[3,8]
g528(952,79,344)@[34,38]
g528(303,527,627)@[5,16]
g528(571,421,528)@[18,27]
g526(514,538)@[24,46]
g528(985,972,413)@[33,47]
g527(855,773,556,477)@[12,29]
g527(452,799,603,163)@[31,36]
g526(530,625)@[29,49]
g526(721,787)@[37,48]
g528(317,490,993)@[14,44]
g528(978,292,67)@[16,31]
g529(133,92,108,608)@[35,46]
g526(19,14)@[37,42]
g527(302,33,589,389)@[23,37]
g528(277,703,173)@[17,41]
g526(725,26)@[8,41]
g528(94,802,669)@[23,38]
g526(375,922)@[19,42]
g528(77,296,220)@[17,31]
g528(809,339,342)@[2,32]
g529(896,279,942,7)@[3,15]
g528(215,708,8)@[4,37]
g528(406,842,486)@[32,46]
g528(346,9,673)@[10,30]
g526(556,778)@[6,42]
g527(265,271,862,744)@[23,25]
g528(471,925,51)@[17,48]
g526(519,359)@[6,25]
g526(231,691)@[2,22]
g528(250,238,975)@[13,14]
g526(594,981)@[22,28]
g528(743,743,286)@[16,23]
g528(45,415,871)@[19,39]
g526(223,838)@[5,38]
g528(904,232,171)@[11,38]
g528(275,891,548)@[28,47]
g528(271,418,791)@[12,41]
g528(993,637,857)@[4,17]
g528(429,185,913)@[15,16]
g528(761,407,493)@[9,12]
g528(959,809,981)@[6,39]
g528(1,238,294)@[14,31]
g528(524,145,404)@[31,38]
g526(45,114)@[21,42]
g528(788,938,925)@[22,35]
g528(638,924,745)@[8,48]
g528(939,398,990)@[28,35]
g528(153,166,658)@[11,37]
g526(765,356)@[2,10]
g526(382,154)@[4,12]
g528(326,847,456)@[27,40]
g526(430,930)@[19,42]
g526(121,71)@[31,33]
g528(594,294,818)@[6,9]
g528(716,168,306)@[4,49]
g528(31,238,267)@[16,30]
g528(296,13,36)@[8,38]
g528(821,494,265)@[14,49]
g528(339,190,232)@[31,44]
g526(501,293)@[2,7]
g528(731,240,959)@[3,38]
g528(963,462,410)@[13,41]
g526(526,665)@[16,36]
g528(403,299,624)@[39,44]
g528(483,586,1)@[13,32]
g528(394,132,45)@[33,47]
g528(513,636,435)@[10,13]
g526(340,370)@[26,28]
g528(348,917,533)@[14,23]
g529(150,510,856,996)@[28,39]
g526(922,827)@[1,10]
g526(696,975)@[16,49]
g528(893,434,380)@[3,17]
g528(320,235,350)@[11,45]
g526(489,974)@[26,42]
g528(664,282,854)@[6,31]
g528(41,36,209)@[8,44]
g528(324,355,293)@[7,14]
g528(251,833,407)@[0,3]
g528(492,413,128)@[27,34]
g528(812,515,34)@[12,26]
g526(892,211)@[16,28]
g527(298,554,448,602)@[4,40]
g528(299,766,121)@[27,30]
g528(415,91,856)@[11,47]
g526(278,406)@[44,48]
g528(487,754,840)@[30,32]
g528(380,200,263)@[8,17]
g528(445,454,866)@[10,15]
g526(714,387)@[13,23]
g528(871,631,498)@[9,20]
g528(97,147,334)@[22,23]
g528(647,720,70)@[31,39]
g526(899,878)@[16,23]
g526(440,112)@[4,35]
g528(419,386,118)@[7,8]
g528(484,628,376)@[9,45]
g528(741,829,320)@[47,48]
g528(396,858,738)@[14,44]
g526(676,839)@[11,19]
g528(144,275,706)@[0,19]
g528(599,188,476)@[5,17]
g526(822,238)@[17,33]
g528(585,749,464)@[20,24]
g528(47,968,691)@[10,17]
g527(305,611,114,508)@[37,49]
g528(112,50,451)@[3,44]
g528(108,115,62)@[20,21]
g526(507,840)@[2,45]
g528(198,70,686)@[3,5]
g528(246,272,79)@[2,5]
g528(465,958,806)@[13,21]
g527(781,359,298,323)@[25,47]
g526(953,752)@[19,36]
g528(768,321,927)@[25,48]
g528(414,463,52)@[11,40]
g528(850,533,282)@[5,24]
g528(620,997,420)@[26,36]
g526(516,854)@[16,42]
g528(528,331,519)@[10,44]
g528(978,788,474)@[0,17]
g528(960,452,302)@[5,29]
g526(468,705)@[23,43]
g528(885,647,961)@[36,47]
g526(270,881)@[13,24]
g528(902,203,232)@[40,47]
g526(440,428)@[4,18]
g528(920,159,609)@[36,38]
g528(214,328,316)@[10,31]
g526(985,956)@[9,20]
g528(787,546,252)@[4,13]
g526(254,94)@[24,31]
g528(828,13,783)@[17,41]
g528(253,980,878)@[30,34]
g528(967,171,150)@[6,11]
g528(850,361,838)@[34,48]
g528(556,497,113)@[1,15]
g528(755,226,260)@[29,36]
g528(58,898,478)@[10,16]
g526(299,865)@[44,48]
g529(911,781,774,428)@[7,19]
g526(418,54)@[37,44]
g526(34,19)@[6,15]
g528(72,459,566)@[24,33]
g528(834,497,551)@[34,45]
g528(18,623,27)@[32,34]
g528(251,595,717)@[28,45]
g526(873,848)@[13,36]
g526(348,756)@[30,49]
g526(545,914)@[28,39]
g528(763,219,426)@[5,40]
g526(958,324)@[17,32]
g528(846,892,950)@[5,48]
g528(153,128,329)@[29,37]
g528(193,179,878)@[43,45]
g526(99,606)@[12,28]
g528(675,476,498)@[6,42]
g526(909,106)@[17,47]
g528(83,814,66)@[8,29]
g528(649,810,577)@[19,23]
g527(584,13,137,571)@[13,37]
g528(440,552,678)@[8,45]
g526(877,304)@[18,46]
g526(953,450)@[5,38]
g528(876,882,343)@[28,41]
g529(378,356,655,143)@[6,9]
g526(943,93)@[1,4]
g528(417,634,69)@[33,36]
g528(498,819,478)@[27,32]
g526(135,815)@[9,39]
g526(440,804)@[14,49]
g528(540,180,389)@[2,43]
g526(532,65)@[3,38]
g526(208,837)@[7,43]
g528(504,794,590)@[20,23]
g528(411,276,301)@[47,48]
g528(246,785,76)@[13,45]
g528(949,99,82)@[12,17]
g528(209,874,908)@[7,10]
g526(594,909)@[28,44]
g526(828,820)@[1,36]
g528(478,167,822)@[12,20]
g526(655,310)@[15,43]
g528(28,37,518)@[1,4]
g528(659,872,230)@[13,42]
g528(127,434,469)@[30,36]
g528(362,480,325)@[1,47]
g528(473,79,804)@[11,15]
g526(203,526)@[0,41]
g527(21,971,268,141)@[21,42]
g526(27,802)@[28,36]
g528(61,87,527)@[5,41]
g528(46,214,236)@[19,34]
g528(121,445,502)@[6,14]
g527(102,729,313,36)@[16,23]
g528(668,583,23)@[33,41]
g529(784,313,588,287)@[11,28]
g528(477,476,599)@[17,46]
g528(15,343,921)@[15,16]
g526(808,842)@[17,45]
g528(110,484,838)@[4,30]
g528(729,881,901)@[8,41]
g528(375,141,922)@[24,32]
g526(455,518)@[4,35]
g527(289,492,528,27)@[29,40]
g526(922,439)@[19,38]
g526(609,114)@[21,48]
g529(706,407,363,505)@[38,48]
g527(236,7,188,631)@[42,44]
g528(356,411,479)@[9,26]
g529(645,871,804,548)@[7,33]
g528(354,384,846)@[9,36]
g526(723,648)@[20,30]
g526(385,450)@[10,47]
g526(216,798)@[32,44]
g528(75,131,105)@[6,49]
g526(262,581)@[0,16]
g528(21,193,23)@[28,41]
g528(586,88,776)@[27,47]
g528(258,42,499)@[11,39]
g528(464,745,102)@[7,41]
g528(289,386,560)@[26,29]
g526(253,723)@[2,38]
g528(139,654,282)@[23,35]
g528(830,782,466)@[23,43]
g528(526,308,117)@[17,39]
g526(760,432)@[14,25]
g526(815,194)@[6,39]
g528(371,889,370)@[22,27]
g527(423,668,777,702)@[20,21]
g526(396,555)@[13,24]
g527(518,925,19,254)@[33,38]
g529(799,713,371,190)@[35,36]
g526(613,427)@[10,38]
g527(234,406,541,348)@[12,44]
g528(227,291,412)@[10,37]
g527(89,37,874,967)@[2,44]
g528(56,227,600)@[15,17]
g528(600,753,794)@[42,44]
g528(817,684,736)@[37,45]
g526(599,27)@[33,35]
g526(322,407)@[18,44]
g526(30,535)@[20,38]
g528(543,835,500)@[28,37]
g528(47,562,842)@[46,49]
g526(359,563)@[10,44]
g528(429,872,831)@[25,31]
g528(155,246,809)@[10,48]
g526(575,25)@[38,44]
g527(815,826,870,673)@[0,13]
g528(462,769,605)@[32,42]
g528(721,512,455)@[2,4]
g528(571,689,351)@[21,44]
g527(399,519,753,444)@[27,35]
g526(287,117)@[21,40]
g528(262,953,828)@[5,18]
g529(111,75,128,226)@[11,13]
g528(534,548,35)@[24,28]
g528(75,860,268)@[23,35]
g526(129,412)@[29,43]
g526(952,673)@[10,21]
g528(495,930,287)@[2,32]
g528(248,710,927)@[18,21]
g528(852,444,399)@[31,35]
g528(597,638,61)@[17,28]
g528(213,978,391)@[35,39]
g526(184,61)@[2,49]
g526(814,782)@[13,20]
g526(81,363)@[23,42]
g528(753,683,832)@[7,34]
g528(270,187,377)@[14,34]
g526(258,662)@[15,20]
g528(421,786,755)@[24,28]
g528(966,112,671)@[0,34]
g528(23,24,314)@[8,11]
g528(985,143,977)@[11,42]
g528(993,220,735)@[10,37]
g528(247,467,365)@[24,31]
g526(63,601)@[35,39]
g526(746,41)@[0,4]
g527(652,256,693,767)@[9,37]
g528(908,732,997)@[4,39]
g528(645,766,369)@[0,35]
g528(973,936,736)@[13,38]
g527(330,904,530,897)@[21,22]
g528(466,531,749)@[27,37]
g527(509,932,614,764)@[8,49]
g528(72,209,498)@[14,44]
g526(379,189)@[17,29]
g528(938,173,90)@[11,17]
g528(145,59,686)@[3,34]
g528(61,986,195)@[7,16]
g526(10,729)@[13,15]
g528(599,269,265)@[1,49]
g527(171,232,532,126)@[20,32]
g528(813,998,916)@[4,21]
g528(663,688,890)@[29,43]
g528(853,450,570)@[7,39]
g526(626,639)@[17,38]
g528(163,646,710)@[17,35]
g526(945,987)@[24,44]
g528(914,117,612)@[14,43]
g528(833,105,367)@[17,23]
g529(595,919,539,427)@[18,42]
g528(476,851,785)@[35,47]
g526(99,379)@[33,35]
g528(58,838,567)@[5,12]
g526(605,627)@[8,11]
g528(839,376,802)@[24,29]
g528(720,483,908)@[12,38]
g528(326,16,998)@[19,39]
g526(99,238)@[7,16]
g526(280,437)@[2,17]
g528(774,745,559)@[5,14]
g527(118,584,626,706)@[30,48]
g528(99,574,433)@[13,48]
g526(933,891)@[10,47]
g527(17,688,517,66)@[27,40]
g528(434,416,905)@[11,35]
g526(652,876)@[1,27]
g527(629,774,119,368)@[26,48]
g526(239,695)@[14,44]
g528(700,914,494)@[5,41]
g527(10,965,576,86)@[0,24]
g528(706,86,118)@[13,29]
g528(400,105,226)@[17,23]
g528(165,924,435)@[15,35]
g526(475,568)@[22,40]
g528(875,427,450)@[5,33]
g526(782,839)@[39,49]
g528(91,926,891)@[14,32]
g527(6,587,954,457)@[11,45]
g526(958,320)@[19,34]
g528(423,36,505)@[9,46]
g528(412,384,78)@[20,43]
g526(435,346)@[22,29]
g526(928,938)@[9,45]
g526(644,325)@[21,25]
g527(238,320,651,876)@[0,47]
g528(630,392,567)@[19,41]
g526(366,649)@[8,46]
g528(371,851,522)@[27,46]
g528(366,172,128)@[20,47]
g527(41,499,302,555)@[34,35]
g526(845,21)@[27,42]
g528(879,997,173)@[13,45]
g528(458,237,615)@[11,22]
g528(781,588,825)@[24,49]
g528(756,758,896)@[8,42]
g526(288,978)@[9,47]
g528(627,872,742)@[33,48]
g528(921,152,185)@[5,22]
g528(117,197,374)@[0,15]
g528(427,208,238)@[1,16]
g526(337,693)@[1,6]
g527(919,883,926,85)@[16,20]
g529(666,850,843,63)@[48,49]
g528(782,694,699)@[35,40]
g526(452,731)@[6,32]
g526(756,960)@[20,32]
g528(456,266,560)@[1,33]
g527(574,961,414,995)@[44,46]
g528(452,53,100)@[18,22]
g526(919,121)@[15,45]
g528(744,238,552)@[13,28]
g528(889,425,96)@[9,40]
g528(791,428,823)@[23,35]
g528(461,541,131)@[18,33]
g527(624,315,365,752)@[34,46]
g528(157,872,728)@[19,42]
g528(564,131,485)@[17,34]
g528(817,437,699)@[10,38]
g528(147,900,111)@[34,44]
g526(262,691)@[39,45]
g528(757,718,411)@[22,33]
g526(128,816)@[3,33]
g526(230,417)@[8,22]
g526(181,587)@[28,40]
g526(391,787)@[31,48]
g529(376,988,154,870)@[14,16]
g528(167,88,22)@[19,35]
g528(181,316,849)@[31,33]
g528(47,476,872)@[30,44]
g528(247,758,119)@[13,16]
g526(399,444)@[13,30]
g526(145,272)@[2,13]
g528(488,844,275)@[13,44]
g526(462,927)@[10,36]
g526(594,45)@[10,43]
g528(45,875,18)@[5,41]
g528(983,582,810)@[33,39]
g528(942,340,786)@[31,35]
g528(764,614,509)@[27,33]
g528(668,284,949)@[30,36]
g528(976,86,970)@[5,11]
g528(47,582,952)@[38,39]
g526(441,416)@[44,49]
g528(407,844,894)@[0,14]
g528(916,570,72)@[21,44]
g528(408,617,944)@[15,32]
g526(233,71)@[33,36]
g528(424,838,685)@[10,26]
g528(74,938,250)@[0,17]
g526(452,122)@[46,47]
g528(248,751,131)@[19,40]
g528(964,14,888)@[15,19]
g528(267,295,358)@[29,40]
g526(392,105)@[10,14]
g528(715,773,293)@[8,46]
g528(103,508,329)@[41,44]
g526(711,929)@[29,42]
g526(588,284)@[1,24]
g526(33,671)@[41,45]
g526(639,950)@[22,38]
g529(242,488,180,765)@[18,20]
g526(214,732)@[5,6]
g526(944,265)@[4,41]
g528(859,535,555)@[23,38]
g528(189,37,379)@[8,31]
g528(191,176,332)@[23,33]
g528(345,386,291)@[4,49]
g528(81,952,26)@[4,13]
g528(972,32,852)@[26,30]
g526(62,323)@[15,18]
g528(337,638,561)@[13,36]
g528(6,992,278)@[14,24]
g528(966,333,234)@[22,37]
g528(235,654,83)@[24,33]
g527(759,745,439,610)@[8,36]
g528(747,154,418)@[0,35]
g528(278,99,129)@[16,19]
g528(663,263,105)@[14,20]
g526(976,260)@[10,31]
g528(486,861,891)@[3,38]
g529(663,672,515,752)@[0,7]
g526(890,459)@[21,47]
g528(181,519,202)@[10,37]
g528(949,384,690)@[18,26]
g528(670,698,789)@[3,30]
g526(932,110)@[15,47]
g526(664,501)@[6,14]
g528(416,857,147)@[11,32]
g526(163,828)@[12,20]
g527(33,755,623,159)@[6,45]
g528(348,578,179)@[20,26]
g526(939,69)@[31,41]
g528(458,24,578)@[32,42]
g526(692,875)@[10,45]
g528(491,643,860)@[1,33]
g528(649,651,308)@[24,31]
g528(897,184,714)@[19,23]
g528(741,466,861)@[19,21]
g528(691,945,310)@[34,49]
g526(553,432)@[26,32]
g528(107,391,140)@[1,42]
g528(358,212,991)@[6,46]
g528(442,387,601)@[32,49]
g528(691,392,719)@[26,44]
g526(336,802)@[9,38]
g528(639,311,290)@[7,46]
g528(442,836,974)@[23,31]
g527(590,979,631,512)@[14,22]
g528(529,142,848)@[5,45]
g528(778,717,760)@[16,19]
g526(19,311)@[4,26]
g529(89,376,879,334)@[0,46]
g528(830,231,566)@[4,15]
g528(38,328,885)@[19,48]
g528(674,666,558)@[35,38]
g528(612,441,369)@[9,17]
g528(604,69,279)@[17,28]
g528(200,556,118)@[20,49]
g526(420,145)@[26,37]
g526(202,674)@[2,39]
g528(603,772,718)@[15,35]
g528(117,12,583)@[17,24]
g526(397,617)@[1,8]
g526(656,791)@[36,40]
g528(319,661,684)@[17,45]
g527(943,94,88,54)@[9,33]
g528(919,778,436)@[21,40]
g526(176,935)@[5,6]
g528(135,554,82)@[22,32]
g528(324,261,105)@[10,15]
g526(849,557)@[42,44]
g529(721,143,290,787)@[7,15]
g526(831,127)@[1,31]
g528(265,351,33)@[19,44]
g528(266,711,205)@[3,7]
g526(960,169)@[18,19]
g528(242,973,453)@[1,31]
g528(781,83,475)@[17,28]
g528(945,446,997)@[13,19]
g528(801,568,429)@[3,12]
g526(33,731)@[27,49]
g528(356,738,688)@[20,42]
g527(970,873,642,437)@[27,38]
g528(197,753,708)@[26,28]
g528(887,377,332)@[27,41]
g528(630,926,308)@[3,32]
g528(610,831,13)@[9,34]
g526(619,114)@[23,37]
g528(51,331,678)@[32,40]
g526(713,508)@[15,28]
g528(809,72,747)@[19,20]
g528(137,659,360)@[18,46]
g528(856,273,873)@[10,21]
g526(160,253)@[10,37]
g527(939,90,623,680)@[18,21]
g528(39,723,651)@[14,28]
g526(617,597)@[26,28]
g528(716,296,528)@[12,45]
g528(702,311,19)@[2,35]
g528(589,51,242)@[31,45]
g527(391,42,45,398)@[12,42]
g526(647,270)@[33,49]
g526(905,562)@[16,35]
g527(533,809,992,387)@[35,38]
g527(335,44,457,988)@[11,40]
g528(720,53,998)@[14,41]
g528(455,232,372)@[31,46]
g526(104,258)@[15,31]
g528(184,757,789)@[34,45]
g527(104,486,520,258)@[0,1]
g527(680,423,505,36)@[22,47]
g526(919,970)@[32,40]
g528(195,961,421)@[3,28]
g528(738,57,509)@[9,29]
g526(87,414)@[20,39]
g526(143,46)@[5,44]
g528(591,206,998)@[8,48]
g528(687,714,5)@[13,25]
g526(957,85)@[24,45]
g528(748,344,510)@[0,44]
g528(913,411,993)@[4,43]
g528(676,316,151)@[2,40]
g528(147,582,173)@[17,45]
g526(397,597)@[9,24]
g528(124,757,706)@[3,27]
g528(616,750,432)@[8,15]
g528(110,347,724)@[23,29]
g528(377,670,93)@[13,37]
g528(475,947,59)@[1,9]
g528(39,244,585)@[26,27]
g528(254,260,479)@[24,39]
g528(385,639,234)@[6,30]
g528(778,744,29)@[2,30]
g528(497,312,920)@[8,14]
g528(114,190,989)@[12,38]
g527(338,133,797,297)@[11,27]
g526(323,279)@[34,47]
g528(855,481,120)@[6,47]
g528(81,738,716)@[37,47]
g528(177,161,839)@[11,13]
g526(17,665)@[2,12]
g526(233,506)@[29,38]
g528(152,940,44)@[13,46]
g528(252,495,725)@[27,41]
g528(594,590,215)@[6,35]
g527(988,558,441,871)@[12,24]
g526(264,543)@[13,49]
g526(845,752)@[1,36]
g528(329,850,916)@[10,32]
g526(104,762)@[8,35]
g527(930,375,922,141)@[30,48]
g528(542,985,974)@[0,1]
g528(150,995,460)@[32,42]
g528(372,418,720)@[38,42]
g528(88,181,838)@[33,40]
g526(804,70)@[2,5]
g529(609,378,205,684)@[2,45]
g528(259,450,58)@[19,37]
g528(43,892,995)@[17,36]
g528(224,23,425)@[32,38]
g528(299,308,113)@[33,49]
g526(500,717)@[13,43]
g526(763,241)@[6,34]
g528(131,273,817)@[12,35]
g528(132,479,829)@[0,23]
g528(856,974,678)@[28,37]
g526(413,797)@[11,23]
g526(854,272)@[41,42]
g526(778,435)@[27,40]
g529(410,330,782,766)@[8,19]
g528(301,90,556)@[6,13]
g528(9,930,62)@[3,44]
g528(587,475,214)@[27,31]
g526(969,735)@[33,42]
g527(538,257,837,795)@[11,38]
g526(860,440)@[21,28]
g526(462,618)@[16,37]
g528(292,34,383)@[42,43]
g528(55,490,165)@[29,36]
g528(9,77,26)@[42,49]
g528(159,740,265)@[15,26]
g526(986,526)@[25,40]
g528(99,959,275)@[13,43]
g528(587,778,981)@[0,16]
g527(48,304,731,302)@[10,11]
g528(952,586,532)@[7,20]
g528(234,795,845)@[32,37]
g526(235,865)@[16,32]
g528(415,230,492)@[12,18]
g528(260,829,693)@[4,8]
g528(750,114,630)@[12,40]
g528(887,463,27)@[18,25]
g528(765,914,369)@[21,49]
g528(486,797,273)@[19,35]
g526(150,804)@[13,22]
g529(755,413,302,864)@[2,32]
g528(757,395,157)@[8,9]
g528(131,747,750)@[9,11]
g528(735,391,255)@[1,44]
g528(12,664,343)@[2,48]
g528(901,359,786)@[46,49]
g528(841,395,803)@[23,42]
g528(361,897,918)@[11,12]
g528(385,106,213)@[7,48]
g528(983,372,443)@[5,14]
g528(115,954,846)@[1,30]
g528(700,941,975)@[5,43]
g528(117,267,671)@[14,45]
g528(620,581,766)@[30,34]
g526(452,549)@[26,43]
g528(171,223,754)@[6,8]
g528(254,950,365)@[10,47]
g528(602,822,62)@[16,29]
g528(514,9,141)@[16,39]
g526(944,170)@[18,23]
g528(939,803,349)@[22,47]
g528(902,229,94)@[5,22]
g528(647,300,243)@[33,42]
g526(9,18)@[11,36]
g526(314,739)@[40,42]
g528(980,686,2)@[39,48]
g526(878,219)@[2,38]
g529(723,370,457,233)@[8,44]
g528(329,472,426)@[34,44]
g528(352,572,738)@[21,27]
g528(287,857,795)@[9,33]
g526(713,629)@[16,18]
g528(908,472,958)@[14,24]
g528(189,86,813)@[20,34]
g528(77,298,76)@[4,45]
g528(324,56,488)@[5,41]
g526(36,854)@[23,41]
g528(13,106,909)@[3,4]
g528(794,235,46)@[5,46]
g527(663,712,541,647)@[5,16]
g528(701,718,571)@[15,29]
g526(792,308)@[28,37]
g528(701,387,855)@[4,21]
g528(861,627,950)@[4,27]
g526(940,820)@[11,39]
g526(596,345)@[26,37]
g528(194,757,471)@[10,27]
g528(475,69,601)@[3,42]
g526(920,432)@[1,39]
g526(415,244)@[21,35]
g528(260,257,240)@[33,34]
g528(700,9,436)@[15,20]
g528(515,752,672)@[4,20]
g526(714,382)@[23,38]
g528(133,475,428)@[12,13]
g526(623,280)@[6,8]
g528(771,12,276)@[4,33]
g528(196,886,29)@[22,33]
g526(938,188)@[7,14]
g528(154,303,929)@[14,41]
g528(647,580,554)@[23,38]
g528(788,273,998)@[23,24]
g528(301,193,827)@[1,26]
g526(418,657)@[28,32]
g526(752,4)@[4,22]
g528(231,783,454)@[2,29]
g526(346,47)@[7,16]
g526(18,850)@[17,35]
g526(251,759)@[0,6]
g528(684,963,965)@[7,9]
g526(536,105)@[17,19]
g528(489,433,417)@[4,45]
g528(968,65,551)@[24,45]
g528(315,706,403)@[35,36]
g528(589,297,450)@[39,44]
g528(520,421,236)@[4,5]
g528(131,292,458)@[24,49]
g528(445,311,634)@[0,34]
g527(228,309,567,694)@[28,35]
g527(534,496,848,981)@[10,30]
g526(68,454)@[2,44]
g528(485,743,28)@[24,44]
g528(563,539,726)@[34,48]
g528(243,774,318)@[34,47]
g528(538,689,48)@[9,42]
g528(136,794,561)@[34,43]
g528(83,183,756)@[11,23]
g528(65,444,673)@[23,48]
g528(373,83,747)@[17,36]
g528(907,645,191)@[3,25]
g526(239,2)@[16,39]
g526(752,964)@[4,46]
g528(595,530,978)@[28,45]
g526(423,302)@[9,31]
g528(34,24,616)@[8,17]
g528(141,268,21)@[28,39]
g528(91,813,784)@[27,40]
g528(406,427,735)@[6,26]
g526(562,123)@[13,47]
g528(956,709,489)@[11,32]
g528(953,653,770)@[44,45]
g528(456,617,728)@[11,34]
g528(976,907,239)@[1,36]
g528(358,362,680)@[6,37]
g528(781,390,459)@[38,43]
g526(233,585)@[15,43]
g526(422,25)@[8,12]
g528(380,429,897)@[3,11]
g528(880,454,823)@[3,48]
g528(142,397,685)@[2,25]
g528(706,294,313)@[1,17]
g528(37,286,743)@[0,41]
g528(318,619,519)@[1,10]
g526(14,790)@[6,11]
g528(328,633,160)@[27,30]
g528(24,173,64)@[7,16]
g528(149,506,186)@[14,40]
g528(925,34,15)@[28,44]
g526(573,653)@[6,9]
g526(523,382)@[19,34]
g526(563,563)@[9,25]
g526(925,315)@[28,30]
g528(696,872,94)@[6,20]
g526(253,675)@[26,46]
g526(280,819)@[11,16]
g528(637,608,341)@[1,12]
g528(759,751,536)@[0,29]
g528(670,138,428)@[13,18]
g528(38,123,262)@[1,15]
g527(207,268,466,703)@[7,48]
g526(153,295)@[14,43]
g526(689,43)@[31,36]
g528(885,622,608)@[20,28]
g528(735,252,19)@[0,24]
g528(204,354,46)@[5,18]
g529(227,487,636,620)@[23,36]
g528(583,277,195)@[16,31]
g526(621,881)@[4,46]
g528(950,603,611)@[22,46]
g528(402,636,143)@[10,46]
g528(92,454,772)@[10,26]
g528(279,153,649)@[19,45]
g528(711,97,104)@[16,49]
g527(230,711,994,737)@[15,24]
g528(305,745,313)@[30,44]
g528(888,476,774)@[31,44]
g528(622,681,12)@[7,15]
g526(144,193)@[26,29]
g528(308,63,573)@[25,49]
g528(939,62,508)@[40,45]
g526(543,841)@[37,45]
g526(149,434)@[33,35]
g528(767,693,652)@[35,46]
g528(150,157,614)@[27,40]
g528(143,134,288)@[9,44]
g527(98,848,836,520)@[26,28]
g527(817,371,94,929)@[22,24]
g527(313,569,294,706)@[12,46]
g528(597,209,268)@[15,48]
g528(446,582,810)@[5,8]
g528(9,174,752)@[4,10]
g526(165,211)@[18,33]
g528(50,953,418)@[24,40]
g528(733,198,517)@[13,47]
g529(213,647,844,232)@[34,45]
g526(692,724)@[16,46]
g526(967,159)@[11,32]
g526(729,99)@[3,20]
g526(815,789)@[5,31]
g528(805,62,335)@[24,40]
g527(365,200,273,609)@[9,35]
g528(384,155,873)@[1,13]
g528(252,691,901)@[35,45]
g526(85,388)@[22,41]
g526(819,593)@[27,49]
g528(691,27,315)@[37,44]
g528(870,149,745)@[4,16]
g528(5,535,922)@[12,39]
g528(535,575,32)@[10,46]
g526(197,358)@[1,32]
g528(990,354,128)@[3,34]
g528(823,208,22)@[29,37]
g526(297,360)@[5,48]
g526(3,759)@[6,40]
g528(287,345,361)@[16,20]
g528(292,689,363)@[33,37]
g526(583,786)@[29,48]
g528(965,131,218)@[15,36]
g528(489,909,254)@[28,35]
g528(591,45,687)@[28,46]
g528(534,385,891)@[2,38]
g527(810,200,275,454)@[31,35]
g526(460,740)@[4,28]
g528(118,178,471)@[8,43]
g528(980,81,506)@[40,44]
g528(647,625,325)@[28,43]
g528(218,411,965)@[6,31]
g526(961,121)@[17,31]
g528(420,690,241)@[18,31]
g528(713,615,243)@[37,41]
g528(172,842,760)@[9,25]
g526(204,906)@[32,33]
g528(213,295,966)@[41,42]
g526(887,483)@[1,33]
g528(346,635,509)@[2,32]
g528(739,440,552)@[18,33]
g528(61,98,539)@[15,40]
g528(180,385,248)@[13,26]
g528(732,162,305)@[23,42]
g528(906,889,549)@[4,26]
g528(609,993,114)@[20,44]
g528(721,451,703)@[5,36]
g527(960,175,581,795)@[21,37]
g528(9,752,318)@[1,28]
g528(363,135,840)@[13,28]
g528(618,711,228)@[39,47]
g528(988,927,123)@[21,22]
g526(794,323)@[3,13]
g528(924,950,313)@[20,40]
g528(213,952,928)@[14,16]
g528(934,984,941)@[3,7]
g526(290,650)@[30,49]
g526(674,915)@[19,32]
g528(974,222,440)@[15,28]
g528(337,736,2)@[10,17]
g526(821,960)@[7,41]
g528(368,842,503)@[10,39]
g528(742,950,114)@[2,48]
g526(512,30)@[10,27]
g528(77,530,649)@[2,23]
g528(948,691,953)@[6,32]
g528(698,789,201)@[5,37]
g528(961,183,596)@[21,27]
g528(15,876,379)@[2,34]
g528(204,935,683)@[21,29]
g528(568,814,952)@[21,32]
g528(564,82,766)@[12,20]
g526(96,191)@[13,44]
g528(804,407,637)@[3,48]
g528(414,514,873)@[16,28]
g526(838,720)@[11,26]
g528(714,850,49)@[23,48]
g527(260,694,263,631)@[21,36]
g528(416,8,533)@[44,47]
g526(317,385)@[17,33]
g528(168,749,324)@[9,34]
g528(266,410,800)@[10,39]
g528(330,219,856)@[6,35]
g526(329,515)@[22,35]
g526(770,367)@[0,1]
g528(900,269,993)@[14,18]
g527(666,663,310,79)@[9,31]
g528(438,557,288)@[29,46]
g528(95,255,658)@[1,16]
g528(585,458,77)@[7,33]
g528(718,741,633)@[28,44]
g528(211,753,76)@[14,44]
g528(72,104,494)@[16,38]
g528(162,998,792)@[2,5]
g528(610,723,18)@[7,23]
g528(713,166,899)@[9,10]
g528(467,374,215)@[32,35]
g529(476,681,430,227)@[13,37]
g529(549,331,410,397)@[41,47]
g526(146,806)@[36,48]
g528(332,242,246)@[0,16]
g528(700,38,623)@[4,30]
g528(220,813,849)@[1,40]
g526(15,192)@[23,30]
g528(407,205,712)@[11,34]
g528(885,681,314)@[8,9]
g528(788,145,528)@[9,33]
g528(445,339,442)@[1,37]
g528(270,942,226)@[14,26]
g528(638,634,471)@[8,11]
g528(564,484,22)@[15,45]
g526(914,249)@[10,43]
g526(441,721)@[13,37]
g526(240,257)@[23,34]
g528(232,799,661)@[4,17]
g528(227,608,640)@[4,43]
g526(729,319)@[6,47]
g526(327,109)@[11,23]
g526(395,255)@[11,19]
g526(320,979)@[25,28]
g526(521,473)@[5,21]
g528(171,745,665)@[4,20]
g528(228,442,77)@[0,8]
g528(315,711,528)@[7,22]
g526(621,398)@[5,47]
g528(757,532,872)@[30,33]
g526(695,113)@[5,34]
g526(525,840)@[14,26]
g528(421,140,793)@[15,48]
g526(683,952)@[27,48]
g529(182,422,496,937)@[17,22]
g526(8,501)@[12,43]
g528(69,810,757)@[13,34]
g528(382,151,30)@[46,49]
g528(760,549,976)@[3,24]
g528(745,541,661)@[8,22]
g528(696,918,456)@[28,41]
g526(700,783)@[0,27]
g528(916,998,935)@[33,42]
g528(705,532,127)@[10,46]
g526(998,288)@[4,21]
g528(928,531,600)@[29,45]
g528(669,325,938)@[9,32]
g528(438,628,912)@[0,46]
g526(949,284)@[26,46]
g526(380,215)@[2,49]
g528(482,680,970)@[2,36]
g526(556,740)@[4,36]
g528(163,820,494)@[4,34]
g526(364,292)@[21,39]
g528(198,283,729)@[11,41]
g528(822,642,787)@[14,23]
g528(694,554,283)@[6,16]
g528(224,670,281)@[14,31]
g528(67,531,712)@[23,35]
g526(862,141)@[25,34]
g528(101,581,635)@[36,37]
g528(377,200,50)@[4,37]
g526(839,452)@[9,41]
g528(750,10,528)@[3,15]
g528(110,295,930)@[14,20]
g528(467,242,711)@[0,21]
g528(945,291,623)@[23,45]
g526(682,988)@[32,33]
g526(115,88)@[14,36]
g526(385,586)@[37,49]
g528(300,269,63)@[9,39]
g528(924,416,745)@[14,17]
g528(573,512,270)@[18,35]
g526(505,185)@[26,33]
g526(34,387)@[12,49]
g528(987,308,483)@[12,21]
g526(820,530)@[40,41]
g528(457,58,18)@[25,45]
g527(45,757,571,436)@[24,47]
g528(811,718,14)@[0,13]
g528(567,827,570)@[15,22]
g528(644,56,951)@[40,43]
g528(256,287,402)@[17,45]
g528(845,203,620)@[1,5]
g528(864,868,375)@[0,20]
g526(389,323)@[21,24]
g528(187,782,814)@[8,19]
g528(236,851,491)@[5,33]
g528(69,880,916)@[27,42]
g528(811,432,302)@[26,40]
g528(30,831,477)@[12,44]
g528(779,157,903)@[0,48]
g528(68,402,225)@[22,48]
g528(383,428,868)@[13,23]
g526(994,331)@[36,47]
g528(872,766,652)@[33,36]
g526(86,635)@[22,45]
g528(382,857,513)@[6,19]
g528(339,979,257)@[0,48]
g528(576,487,399)@[34,39]
g528(161,311,974)@[14,32]
g526(993,484)@[23,32]
g528(525,950,85)@[11,19]
g528(491,414,777)@[19,44]
g528(285,314,680)@[5,46]
g528(967,563,563)@[22,39]
g527(561,17,52,934)@[43,45]
g526(580,741)@[13,20]
g528(432,609,199)@[15,49]
g528(353,642,431)@[12,29]
g526(193,590)@[2,47]
g528(765,210,12)@[24,37]
g526(756,141)@[12,33]
g526(872,578)@[17,32]
g528(476,931,239)@[10,20]
g528(721,327,661)@[3,33]
g529(317,642,689,144)@[22,40]
g528(980,526,918)@[17,29]
g528(166,807,313)@[25,27]
g528(601,37,947)@[1,43]
g526(969,971)@[1,24]
g526(65,721)@[26,41]
g528(115,238,323)@[25,33]
g528(320,308,629)@[9,22]
g528(641,566,678)@[10,11]
g528(607,753,205)@[18,33]
g528(281,303,364)@[19,27]
g526(760,9)@[9,13]
g528(233,504,374)@[5,36]
g526(163,906)@[5,19]
g528(687,499,43)@[11,28]
g526(970,902)@[37,40]
g528(475,186,186)@[32,37]
g528(200,394,445)@[5,44]
g526(420,294)@[27,33]
g528(334,881,9)@[28,30]
g528(401,201,439)@[33,35]
g526(562,686)@[23,43]
g528(821,411,600)@[3,17]
g528(492,204,46)@[28,48]
g527(511,141,491,454)@[3,25]
g528(7,562,757)@[17,20]
g529(654,64,783,17)@[0,16]
g528(728,549,182)@[10,37]
g527(454,361,130,168)@[8,9]
g528(354,101,494)@[24,27]
g526(137,211)@[3,29]
g528(331,779,176)@[3,17]
g528(784,974,926)@[20,41]
g526(553,585)@[21,42]
g526(407,682)@[2,16]
g526(909,799)@[1,48]
g526(698,75)@[26,35]
g528(479,207,375)@[4,29]
g526(498,166)@[13,44]
g526(605,458)@[5,10]
g528(388,738,887)@[4,48]
g528(357,759,816)@[21,26]
g527(267,713,784,601)@[8,47]
g528(615,637,536)@[4,44]
g528(380,25,515)@[30,42]
g528(538,209,5)@[33,47]
g528(128,307,360)@[29,33]
g528(198,285,572)@[14,26]
g528(263,549,826)@[16,36]
g528(615,454,644)@[4,45]
g526(602,226)@[33,49]
g528(887,797,568)@[46,47]
g528(962,577,709)@[32,48]
g527(216,736,271,222)@[13,21]
g526(419,346)@[4,45]
g528(825,240,749)@[0,2]
g528(275,725,15)@[13,36]
g527(572,95,430,945)@[26,49]
g528(93,303,231)@[34,42]
g528(808,413,859)@[9,22]
g527(622,671,296,739)@[38,47]
g528(609,539,992)@[37,42]
g526(42,542)@[10,12]
g528(752,504,370)@[31,42]
g528(839,252,137)@[32,44]
g528(989,3,502)@[30,31]
g528(116,854,67)@[0,46]
g526(150,351)@[21,49]
g528(652,990,888)@[11,32]
g526(847,530)@[15,16]
g528(69,536,363)@[5,32]
g526(956,727)@[4,30]
g526(983,976)@[31,44]
g528(819,965,514)@[36,46]
g526(154,933)@[30,34]
g528(222,571,128)@[12,14]
g528(815,282,816)@[8,34]
g526(920,396)@[20,25]
g526(944,595)@[33,37]
g526(419,891)@[4,30]
g528(103,277,982)@[38,44]
g528(988,666,94)@[37,46]
g526(987,19)@[0,13]
g526(216,254)@[13,39]
g528(150,399,112)@[32,48]
g528(506,318,769)@[22,40]
g529(325,480,695,362)@[4,26]
g528(820,553,201)@[27,45]
g528(801,402,232)@[11,37]
g526(946,255)@[0,21]
g528(810,484,441)@[30,43]
g528(111,70,260)@[11,14]
g528(272,438,702)@[21,27]
g528(992,508,314)@[20,21]
g526(539,374)@[21,26]
g526(185,301)@[45,47]
g528(888,930,492)@[3,49]
g528(793,910,858)@[2,47]
g526(235,356)@[31,39]
g528(416,39,449)@[21,49]
g526(832,810)@[34,49]
g526(433,44)@[24,39]
g528(784,364,429)@[17,18]
g526(933,794)@[22,48]
g528(598,755,821)@[11,24]
g526(440,222)@[20,28]
g526(722,535)@[13,25]
g528(639,131,507)@[18,36]
g528(616,916,332)@[4,43]
g528(548,790,781)@[4,22]
g528(928,285,623)@[41,48]
g528(421,9,101)@[24,39]
g528(632,959,93)@[5,26]
g526(756,293)@[4,45]
g526(830,163)@[9,31]
g526(176,535)@[0,37]
g528(473,582,903)@[15,34]
g528(638,216,528)@[4,12]
g528(17,159,194)@[17,42]
g528(534,606,300)@[1,12]
g528(644,809,30)@[22,39]
g526(652,805)@[41,44]
g526(348,684)@[36,39]
g528(921,689,647)@[6,36]
g526(717,768)@[12,46]
g527(412,55,6,156)@[23,37]
g528(626,779,767)@[31,44]
g528(413,262,53)@[11,39]
g528(681,275,681)@[22,47]
g528(307,799,816)@[28,29]
g526(832,512)@[13,41]
g528(528,607,601)@[11,15]
g528(245,828,369)@[25,44]
g528(881,99,831)@[16,26]
g528(250,764,912)@[26,44]
g528(514,552,150)@[16,44]
g528(133,295,693)@[21,24]
g528(350,441,12)@[5,38]
g526(146,144)@[30,45]
g528(570,108,294)@[13,23]
g526(684,556)@[11,23]
g528(204,396,587)@[11,20]
g528(890,50,813)@[9,44]
g528(964,58,635)@[13,46]
g526(111,444)@[18,34]
g528(234,175,750)@[8,23]
g528(442,736,330)@[29,40]
g528(111,709,123)@[17,40]
g528(866,820,828)@[19,22]
g528(619,512,837)@[3,42]
g526(293,368)@[2,32]
g526(130,528)@[9,34]
g528(869,862,387)@[22,37]
g528(291,659,902)@[19,38]
g528(50,933,625)@[0,36]
g528(770,293,83)@[14,48]
g528(260,7,833)@[0,15]
g526(552,161)@[27,30]
g528(342,941,612)@[26,30]
g528(267,262,570)@[2,22]
g528(379,470,467)@[15,20]
g526(223,963)@[19,31]
g526(368,813)@[3,30]
g526(305,816)@[6,33]
g528(43,683,495)@[1,21]
g528(501,109,715)@[2,17]
g528(933,429,855)@[4,33]
g526(775,52)@[32,42]
g528(150,68,146)@[37,48]
g526(316,874)@[18,31]
g526(85,300)@[27,30]
g526(245,390)@[20,40]
g528(705,806,655)@[8,46]
g528(539,6,355)@[16,23]
g528(153,363,306)@[10,32]
g528(14,317,267)@[0,24]
g526(909,681)@[17,46]
g526(119,131)@[5,9]
g526(387,869)@[32,46]
g526(999,728)@[18,34]
g528(517,692,980)@[18,39]
g528(360,206,638)@[11,23]
g526(159,697)@[6,27]
g528(938,643,415)@[14,40]
g526(66,477)@[22,44]
g528(259,239,674)@[3,5]
g528(284,429,871)@[3,38]
g528(719,41,718)@[35,36]
g528(214,755,699)@[10,43]
g528(324,410,654)@[28,40]
g528(133,352,121)@[12,16]
g527(230,336,373,836)@[7,39]
g528(566,507,982)@[1,40]
g528(422,294,163)@[5,41]
g526(961,440)@[0,8]
g528(967,896,867)@[12,18]
g526(702,597)@[37,48]
g528(201,867,702)@[0,24]
g528(200,496,310)@[16,26]
g528(69,336,138)@[21,23]
g528(20,293,923)@[1,19]
g528(674,199,174)@[25,34]
g528(664,451,893)@[9,38]
g528(147,944,988)@[5,40]
g528(151,854,129)@[24,38]
g527(747,411,864,38)@[17,25]
g526(708,216)@[14,23]
g526(756,161)@[18,49]
g526(136,816)@[36,42]
g526(309,200)@[5,41]
g528(597,359,173)@[3,25]
g528(242,304,704)@[31,45]
g526(828,636)@[13,35]
g528(427,919,595)@[25,39]
g528(956,564,317)@[0,46]
g528(397,808,696)@[13,37]
g528(906,988,57)@[10,28]
g528(296,791,656)@[26,33]
g528(537,145,603)@[28,36]
g528(73,540,705)@[41,47]
g528(730,104,183)@[2,6]
g528(397,653,132)@[10,38]
g528(800,523,745)@[6,30]
g528(86,616,34)@[5,40]
g528(896,734,331)@[31,45]
g526(927,531)@[12,28]
g528(812,385,646)@[8,32]
g528(635,892,693)@[12,49]
g526(184,23)@[2,10]
g528(774,387,63)@[20,40]
g528(857,606,209)@[18,41]
g526(950,879)@[5,12]
g528(741,725,471)@[9,47]
g528(678,763,764)@[25,49]
g528(70,797,251)@[21,35]
g528(98,932,640)@[0,46]
g526(495,729)@[0,22]
g528(109,487,675)@[0,35]
g528(256,205,369)@[30,45]
g527(659,546,541,442)@[11,17]
g526(408,747)@[38,41]
g529(367,150,933,971)@[9,45]
g526(775,538)@[21,48]
g528(558,19,174)@[21,40]
g528(186,285,314)@[24,26]
g526(354,445)@[15,21]
g528(8,983,363)@[0,3]
g528(735,368,202)@[25,49]
g526(590,291)@[12,32]
g528(88,792,202)@[29,32]
g526(445,394)@[13,18]
g526(511,234)@[20,40]
g528(774,506,793)@[30,46]
g526(449,182)@[3,16]
g528(575,450,953)@[20,29]
g528(349,869,948)@[0,41]
g528(80,7,618)@[15,44]
g528(675,600,296)@[17,23]
g526(511,335)@[36,40]
g528(946,659,480)@[24,41]
g528(489,276,809)@[15,40]
g526(349,736)@[31,39]
g528(5,338,646)@[43,45]
g528(407,16,78)@[37,43]
g526(687,549)@[22,43]
g528(757,979,359)@[19,45]
g528(859,372,433)@[16,25]
g528(380,972,75)@[7,21]
g528(315,999,530)@[15,44]
g528(901,211,626)@[13,47]
g526(440,646)@[9,29]
g528(316,455,927)@[33,46]
g528(91,884,737)@[13,34]
g526(289,803)@[13,18]
g527(61,800,124,111)@[15,35]
g528(204,65,792)@[28,35]
g528(744,981,594)@[46,47]
g526(432,542)@[29,31]
g526(357,948)@[31,44]
g526(146,150)@[34,37]
g528(761,589,807)@[37,47]
g528(281,869,486)@[10,45]
g526(235,966)@[30,40]
g526(391,326)@[3,38]
g528(160,378,124)@[33,34]
g527(396,516,878,891)@[37,40]
g528(468,907,419)@[27,33]
g528(768,925,979)@[10,31]
g528(41,127,998)@[11,15]
g527(128,602,525,794)@[19,36]
g526(987,836)@[20,34]
g528(966,527,310)@[2,48]
g528(329,451,237)@[10,46]
g527(58,321,997,988)@[15,43]
g528(913,898,556)@[10,31]
g528(507,659,395)@[47,49]
g526(18,189)@[9,15]
g528(658,725,716)@[14,19]
g529(294,102,171,620)@[3,38]
g528(57,811,188)@[45,48]
g528(953,380,596)@[2,37]
g527(182,418,743,95)@[23,24]
g528(315,638,753)@[21,48]
g528(622,549,384)@[26,37]
g528(566,947,652)@[0,26]
g526(309,156)@[25,38]
g528(835,429,2)@[4,41]
g526(801,49)@[7,19]
g526(609,398)@[14,44]
g526(915,886)@[16,39]
g528(735,708,101)@[40,41]
g526(817,273)@[30,44]
g528(577,138,372)@[22,34]
g528(54,959,176)@[28,47]
g528(446,891,158)@[6,39]
g528(780,103,329)@[35,36]
g528(983,359,177)@[8,17]
g528(232,341,69)@[11,42]
g528(217,66,818)@[2,48]
g528(200,455,11)@[21,26]
g528(402,875,277)@[29,39]
g528(439,386,34)@[35,38]
g528(157,439,753)@[15,31]
g528(125,234,453)@[17,22]
g526(974,845)@[0,31]
g526(221,305)@[16,21]
g526(611,197)@[5,13]
g526(949,800)@[23,35]
g528(724,715,193)@[6,7]
g526(384,49)@[32,44]
g528(187,821,60)@[17,30]
g526(159,15)@[30,44]
g526(699,160)@[1,20]
g528(428,662,26)@[12,43]
g526(296,206)@[1,29]
g526(383,651)@[31,40]
g528(105,718,463)@[16,31]
g527(505,28,922,853)@[38,40]
g528(825,19,926)@[6,45]
g526(635,380)@[12,20]
g528(423,539,71)@[27,32]
g528(940,740,33)@[6,22]
g526(334,746)@[45,46]
g528(539,253,549)@[39,49]
g529(886,320,679,53)@[11,44]
g526(476,271)@[28,44]
g526(656,331)@[3,15]
g526(502,700)@[12,26]
g528(669,45,394)@[8,18]
g528(545,154,783)@[20,28]
g526(644,557)@[16,23]
g528(461,922,732)@[3,29]
g526(268,241)@[13,16]
g528(846,716,301)@[10,14]
g527(451,959,859,654)@[23,40]
g528(843,670,539)@[45,49]
g528(560,106,452)@[29,36]
g528(961,437,981)@[37,49]
g526(340,269)@[7,44]
g526(810,485)@[29,40]
g528(452,559,801)@[12,16]
g528(440,413,244)@[28,43]
g528(963,628,269)@[35,48]
g528(543,122,843)@[1,36]
g528(100,652,588)@[15,24]
g528(35,290,795)@[13,43]
g528(708,271,86)@[31,42]
g526(452,84)@[8,24]
g528(842,153,567)@[5,34]
g528(280,8,965)@[3,46]
g528(365,920,601)@[8,38]
g528(999,605,50)@[32,33]
g526(120,481)@[25,43]
g526(106,549)@[21,43]
g528(169,892,836)@[13,46]
g526(663,84)@[10,25]
g526(300,566)@[27,30]
g528(171,762,44)@[35,44]
g528(226,332,750)@[40,47]
g528(733,232,449)@[38,40]
g528(67,64,97)@[6,44]
g526(685,636)@[3,33]
g528(709,541,991)@[7,9]
g526(813,671)@[2,36]
g526(472,589)@[7,29]
g528(63,869,215)@[9,45]
g528(726,215,886)@[15,18]
g528(3,688,972)@[20,22]
g528(479,376,208)@[27,39]
g528(780,176,756)@[2,9]
g528(460,335,679)@[5,30]
g526(989,824)@[8,11]
g526(496,55)@[28,34]
g528(749,833,428)@[1,4]
g527(700,205,137,723)@[45,48]
g528(846,462,563)@[6,10]
g528(390,483,666)@[6,21]
g529(993,362,497,905)@[13,22]
g528(563,562,325)@[8,10]
g528(104,756,930)@[24,28]
g527(308,854,272,301)@[16,33]
g528(539,477,718)@[0,41]
g526(543,889)@[15,46]
g528(131,612,184)@[0,8]
g528(704,828,30)@[29,32]
g528(272,19,88)@[13,18]
g528(870,187,700)@[0,1]
g528(284,595,349)@[1,31]
g526(436,98)@[41,47]
g528(38,501,326)@[4,25]
g528(54,64,275)@[23,49]
g528(755,697,927)@[18,44]
g528(968,112,136)@[24,46]
g526(714,531)@[12,49]
g528(884,109,379)@[15,18]
g528(904,562,493)@[0,9]
g528(963,827,879)@[45,46]
g528(187,349,480)@[14,42]
g528(311,675,847)@[7,40]
g526(674,238)@[21,33]
g528(980,632,963)@[33,49]
g526(235,950)@[8,10]
g528(324,960,659)@[1,20]
g528(443,294,279)@[40,49]
g526(178,875)@[6,34]
g526(524,204)@[34,47]
g528(907,135,986)@[17,19]
g528(200,454,275)@[36,38]
g528(305,148,185)@[5,23]
g528(205,547,157)@[0,39]
g528(877,770,878)@[16,17]
g528(423,532,371)@[28,48]
g528(448,584,959)@[2,48]
g528(818,481,295)@[21,35]
g528(811,573,961)@[22,39]
g528(71,244,944)@[4,24]
g529(810,275,200,454)@[18,29]
g526(406,677)@[7,21]
g528(356,69,479)@[23,48]
g526(826,653)@[5,28]
g526(934,135)@[19,30]
g528(906,63,429)@[10,12]
g528(685,645,88)@[4,38]
g528(577,352,918)@[4,27]
g526(383,422)@[25,41]
g528(692,28,636)@[0,8]
g528(113,586,187)@[43,47]
g529(976,844,734,392)@[14,36]
g526(144,885)@[27,40]
g528(652,308,768)@[19,49]
g528(137,456,100)@[21,31]
g528(511,223,192)@[19,27]
g528(734,371,948)@[11,40]
g526(821,546)@[18,35]
g528(408,388,954)@[3,12]
g526(497,362)@[16,33]
g526(444,259)@[15,40]
g528(451,866,582)@[18,49]
g528(210,531,205)@[2,7]
g528(937,750,470)@[0,14]
g526(17,610)@[7,39]
g528(349,541,583)@[4,36]
g526(192,957)@[1,30]
g528(365,635,245)@[13,17]
g527(790,804,315,398)@[11,17]
g528(830,79,876)@[13,42]
g528(729,541,99)@[8,23]
g526(70,442)@[4,20]
g528(496,937,422)@[4,46]
g528(558,144,233)@[41,42]
g528(315,648,873)@[9,38]
g528(845,726,716)@[16,23]
g528(796,815,682)@[3,23]
g528(873,762,66)@[11,34]
g526(465,190)@[29,45]
g529(977,195,884,399)@[3,45]
g528(157,220,551)@[42,43]
g526(766,199)@[2,32]
g528(427,79,666)@[28,44]
g528(978,743,743)@[5,6]
g528(472,851,974)@[7,25]
g528(727,657,488)@[34,42]
g528(503,191,835)@[12,39]
g528(876,944,724)@[31,41]
g528(61,167,811)@[11,27]
g528(531,243,829)@[18,33]
g529(367,108,977,976)@[1,27]
g528(523,326,186)@[6,43]
g527(143,43,373,13)@[3,12]
g526(389,919)@[17,48]
g528(215,806,898)@[2,38]
g528(888,969,285)@[14,35]
g526(740,603)@[13,27]
g528(694,680,816)@[43,44]
g528(699,255,337)@[0,19]
g528(92,936,916)@[18,43]
g526(50,746)@[13,16]
g528(425,718,662)@[39,45]
g528(814,753,115)@[22,47]
g527(994,648,901,453)@[22,45]
g528(80,108,380)@[4,7]
g527(943,977,468,88)@[0,41]
g528(39,16,28)@[13,23]
g528(645,998,748)@[27,42]
g528(548,272,306)@[33,48]
g526(708,174)@[5,19]
g528(39,562,750)@[31,37]
g528(568,740,207)@[29,34]
g528(827,598,462)@[20,32]
g528(589,923,824)@[28,42]
g526(359,421)@[4,37]
g528(786,940,134)@[6,42]
g528(175,645,596)@[44,46]
g528(824,451,766)@[6,32]
g528(147,493,664)@[20,31]
g528(788,549,862)@[6,48]
g528(83,611,846)@[11,16]
g526(864,268)@[10,47]
g528(805,991,803)@[4,31]
g528(26,48,314)@[31,38]
g528(699,958,122)@[30,32]
g526(794,429)@[42,45]
g528(192,702,498)@[19,39]
g528(460,8,586)@[29,43]
g528(142,485,205)@[29,34]
g528(111,50,166)@[26,31]
g528(641,743,169)@[11,16]
g526(222,383)@[17,42]
g528(165,188,309)@[26,44]
g528(33,473,220)@[13,28]
g528(147,939,497)@[3,25]
g528(147,499,191)@[14,37]
g528(170,184,618)@[6,12]
g528(423,553,125)@[9,49]
g528(676,828,94)@[6,42]
g526(778,540)@[5,33]
g526(539,919)@[3,29]
g528(502,307,700)@[36,42]
g528(801,66,866)@[32,33]
g527(293,935,911,119)@[30,31]
g526(656,363)@[30,35]
g526(828,33)@[9,23]
g528(649,587,325)@[7,23]
g526(370,564)@[11,29]
g528(869,25,654)@[5,44]
g528(582,8,413)@[1,12]
g528(26,69,567)@[13,21]
g528(183,614,55)@[29,33]
g526(504,254)@[3,32]
g528(655,692,513)@[22,39]
g528(420,862,420)@[11,22]
g526(541,501)@[3,16]
g526(464,325)@[16,41]
g526(455,826)@[18,31]
g528(370,18,76)@[3,8]
g528(622,172,374)@[4,42]
g528(41,981,696)@[6,38]
g528(574,667,361)@[25,32]
g528(340,172,416)@[28,42]
g526(536,904)@[14,49]
g526(155,94)@[30,45]
g526(50,913)@[41,48]
g528(455,388,85)@[5,31]
g526(976,954)@[26,32]
g526(634,90)@[12,49]
g528(315,869,862)@[17,48]
g528(588,962,752)@[7,29]
g527(693,959,260,514)@[34,36]
g528(389,23,926)@[13,24]
g526(842,562)@[7,14]
g526(929,172)@[7,33]
g526(299,728)@[26,42]
g528(745,704,806)@[2,19]
g526(687,555)@[11,44]
g526(972,688)@[32,42]
g528(627,722,257)@[28,42]
g528(143,978,898)@[35,36]
g528(619,886,558)@[15,25]
g528(616,325,744)@[17,46]
g526(276,121)@[30,39]
g528(795,377,31)@[18,33]
g527(162,602,789,895)@[28,33]
g526(546,707)@[11,14]
g528(781,682,216)@[31,38]
g528(933,82,96)@[26,32]
g528(793,976,336)@[37,41]
g528(133,774,827)@[5,13]
g528(135,981,798)@[14,22]
g528(329,8,42)@[29,30]
g526(138,114)@[24,32]
g526(414,669)@[2,26]
g528(411,30,46)@[22,43]
g529(105,851,407,153)@[10,31]
g528(89,575,260)@[32,37]
g528(456,985,192)@[3,41]
g528(324,614,860)@[30,31]
g528(652,93,955)@[11,31]
g528(212,84,362)@[0,48]
g528(706,294,303)@[2,11]
g528(415,899,825)@[12,27]
g528(848,681,827)@[1,44]
g528(753,447,477)@[33,45]
g529(786,849,270,737)@[1,22]
g528(614,244,238)@[1,9]
g528(690,425,366)@[4,30]
g526(150,430)@[19,40]
g529(586,846,958,486)@[2,40]
g528(154,811,961)@[47,48]
g526(547,847)@[30,36]
g526(262,459)@[15,28]
g528(215,299,685)@[6,17]
g528(824,346,792)@[12,43]
g528(940,474,562)@[31,36]
g528(414,916,958)@[14,43]
g528(47,324,732)@[29,37]
g528(443,825,961)@[13,33]
g528(373,503,161)@[18,20]
g528(896,93,482)@[25,38]
g528(934,614,655)@[7,41]
g526(200,667)@[39,47]
g528(344,953,276)@[13,48]
g529(150,183,444,989)@[13,34]
g526(829,768)@[24,49]
g526(853,369)@[14,18]
g526(171,11)@[38,48]
g529(355,775,556,794)@[32,45]
g526(209,24)@[23,43]
g526(370,118)@[3,37]
g526(682,689)@[9,19]
g526(268,977)@[10,18]
g528(505,832,474)@[24,38]
g526(82,101)@[10,31]
g527(264,658,702,577)@[41,45]
g526(33,954)@[19,33]
g528(332,807,541)@[40,43]
g526(858,257)@[7,12]
g528(312,882,478)@[2,45]
g528(331,258,24)@[2,30]
g528(200,768,782)@[0,31]
g528(448,70,774)@[22,43]
g528(158,696,833)@[12,26]
g528(576,181,447)@[15,39]
g528(666,930,591)@[1,25]
g528(299,803,966)@[19,42]
g526(65,732)@[0,1]
g526(518,558)@[38,40]
g528(372,232,46)@[3,33]
g528(628,221,717)@[3,38]
g528(699,455,932)@[40,44]
g526(217,996)@[28,46]
g526(399,869)@[13,18]
g528(554,636,704)@[37,41]
g528(702,331,893)@[16,32]
g528(155,497,416)@[11,30]
g528(674,974,326)@[13,35]
g528(942,168,722)@[21,45]
g528(64,837,449)@[7,11]
g528(996,31,475)@[13,16]
g528(514,248,615)@[0,11]
g528(679,521,571)@[5,6]
g528(128,245,620)@[9,18]
g528(151,679,879)@[5,38]
g528(276,875,946)@[30,39]
g528(30,84,41)@[17,48]
g526(846,874)@[0,39]
g526(243,252)@[8,42]
g526(972,285)@[3,33]
g528(185,378,308)@[11,43]
g529(315,233,442,595)@[10,38]
g526(358,541)@[15,33]
g528(764,508,48)@[21,31]
g528(495,585,348)@[19,43]
g526(998,294)@[20,40]
g526(103,971)@[43,49]
g526(610,298)@[2,26]
g528(120,109,22)@[5,29]
g528(535,555,176)@[13,40]
g528(869,464,459)@[19,39]
g528(122,514,667)@[24,31]
g528(254,782,281)@[11,33]
g528(209,236,378)@[15,28]
g528(698,103,451)@[15,30]
g526(778,39)@[18,25]
g526(920,891)@[1,2]
g526(810,932)@[3,16]
g526(925,418)@[10,11]
g528(992,732,118)@[26,47]
g528(823,963,353)@[0,2]
g528(515,348,989)@[7,37]
g528(233,654,657)@[32,47]
g528(204,996,242)@[8,12]
g526(720,444)@[12,49]
g528(599,335,30)@[9,11]
g526(590,43)@[19,22]
g526(982,324)@[16,28]
g528(447,970,277)@[2,40]
g526(684,597)@[3,16]
g526(981,676)@[21,25]
g529(968,738,508,814)@[20,28]
g528(86,235,791)@[11,21]
g528(341,487,551)@[33,42]
g529(61,121,149,493)@[13,40]
g526(546,465)@[14,20]
g528(929,308,227)@[16,30]
g527(479,221,402,80)@[0,1]
g528(625,325,557)@[15,35]
g527(504,440,185,717)@[33,36]
g528(268,744,209)@[4,48]
g528(288,351,999)@[23,49]
g526(700,263)@[22,48]
g526(177,122)@[24,44]
g528(615,465,693)@[4,16]
g528(396,587,923)@[21,44]
g527(501,530,142,248)@[2,31]
g528(881,428,277)@[3,36]
g528(34,526,206)@[31,33]
g528(210,537,312)@[20,47]
g526(805,118)@[40,41]
g528(561,189,708)@[27,38]
g528(477,556,855)@[8,12]
g526(887,852)@[32,39]
g528(169,819,438)@[20,27]
g526(858,690)@[11,39]
g528(523,865,51)@[25,49]
g528(822,621,571)@[17,45]
g528(292,196,886)@[22,46]
g526(499,264)@[14,19]
g528(17,292,161)@[16,45]
g526(649,138)@[2,27]
g528(814,100,694)@[4,22]
g526(371,696)@[5,11]
g528(679,256,648)@[29,33]
g528(463,945,788)@[2,39]
g528(833,940,483)@[2,10]
g528(489,628,79)@[10,49]
g528(307,429,405)@[5,22]
g529(46,442,163,30)@[26,37]
g526(263,456)@[23,42]
g528(736,442,654)@[15,17]
g528(158,797,611)@[31,46]
g528(264,427,700)@[39,45]
g528(465,735,191)@[36,48]
g528(523,734,595)@[3,8]
g526(535,131)@[3,6]
g528(236,241,236)@[14,27]
g527(810,902,342,485)@[7,24]
g527(734,113,811,979)@[0,36]
g529(391,719,713,204)@[15,23]
g528(553,354,460)@[17,31]
g528(785,290,806)@[19,32]
g528(656,806,879)@[24,41]
g528(163,628,166)@[5,36]
g526(423,505)@[26,36]
g528(175,876,705)@[16,20]
g527(609,883,159,920)@[2,40]
g528(794,775,355)@[17,42]
g527(782,380,339,112)@[5,46]
g528(982,42,136)@[4,42]
g527(630,707,683,368)@[22,40]
g528(535,391,533)@[40,44]
g528(776,24,503)@[17,37]
g526(666,79)@[3,5]
g528(107,605,802)@[3,41]
g528(979,676,616)@[12,41]
g528(345,740,577)@[12,15]
g528(861,743,788)@[18,24]
g528(162,755,590)@[31,41]
g528(427,878,141)@[8,38]
g526(282,340)@[41,45]
g528(134,924,961)@[43,49]
g527(153,700,60,784)@[25,41]
g528(822,468,400)@[9,24]
g528(329,215,549)@[8,20]
g528(933,971,150)@[16,18]
g528(429,575,15)@[3,38]
g528(997,849,726)@[16,45]
g528(199,80,479)@[33,40]
g527(12,78,786,711)@[5,31]
g526(875,593)@[14,32]
g528(949,681,802)@[12,32]
g528(774,918,326)@[5,10]
g528(432,227,956)@[22,44]
g528(122,450,572)@[13,15]
g528(435,994,693)@[11,34]
g528(751,897,894)@[26,31]
g528(119,22,699)@[1,5]
g528(933,969,446)@[14,17]
g529(105,518,809,261)@[12,16]
g526(287,19)@[36,39]
g526(849,679)@[25,30]
g528(356,935,918)@[9,31]
g527(280,557,934,760)@[16,45]
g528(201,799,651)@[12,49]
g529(139,445,377,277)@[26,30]
g528(699,457,278)@[4,16]
g526(568,887)@[6,37]
g528(257,103,516)@[10,45]
g528(304,250,406)@[11,20]
g526(279,409)@[23,46]
g528(372,257,293)@[36,48]
g528(970,595,107)@[1,29]
g528(904,309,359)@[11,48]
g528(828,495,412)@[20,45]
g529(905,842,335,431)@[12,16]
g528(182,821,737)@[7,49]
g528(111,339,505)@[5,39]
g526(796,339)@[3,45]
g528(902,836,714)@[30,36]
g526(54,853)@[10,29]
g528(399,312,242)@[16,41]
g526(396,32)@[17,33]
g526(456,67)@[15,45]
g528(55,35,178)@[14,37]
g528(741,912,305)@[15,37]
g529(812,987,265,476)@[34,41]
g526(253,699)@[10,35]
g528(703,585,497)@[21,42]
g529(961,906,466,274)@[40,49]
g528(905,614,54)@[11,21]
g528(366,348,756)@[4,38]
g528(346,649,70)@[3,5]
g528(540,385,635)@[38,48]
g528(442,720,579)@[9,48]
g528(395,759,356)@[21,41]
g528(979,353,935)@[0,16]
g526(932,254)@[0,10]
g528(544,481,317)@[28,36]
g528(175,621,838)@[18,26]
g528(193,717,391)@[26,34]
g526(560,386)@[37,40]
g526(26,151)@[9,30]
g528(740,650,227)@[20,25]
g528(538,266,485)@[11,47]
g528(850,273,686)@[4,26]
g528(662,120,822)@[17,30]
g527(797,707,466,319)@[2,8]
g526(575,988)@[3,47]
g526(478,938)@[15,20]
g526(823,863)@[32,33]
g526(367,105)@[20,25]
g526(622,472)@[16,19]
g528(133,60,137)@[33,38]
g527(744,973,735,622)@[22,33]
g528(807,586,235)@[9,12]
g528(450,581,628)@[9,38]
g528(56,221,165)@[8,38]
g526(414,250)@[7,34]
g528(266,602,366)@[27,32]
g528(58,905,302)@[15,42]
g526(434,41)@[19,28]
g526(798,120)@[0,35]
g528(41,59,544)@[17,37]
g527(867,378,830,872)@[37,39]
g528(137,939,435)@[36,46]
g526(773,104)@[22,43]
g528(409,236,683)@[2,14]
g528(795,514,486)@[6,29]
g528(488,75,238)@[30,49]
g527(395,366,659,507)@[43,49]
g526(112,474)@[9,15]
g526(451,990)@[38,45]
g528(882,980,125)@[39,47]
g526(40,812)@[30,44]
g528(347,15,829)@[22,46]
g528(90,801,357)@[12,36]
g526(903,99)@[11,37]
g528(687,154,860)@[2,34]
g528(908,239,185)@[13,28]
g528(433,95,330)@[2,30]
g528(837,513,378)@[30,43]
g526(801,832)@[32,39]
g527(890,150,857,612)@[27,48]
g528(720,816,208)@[30,47]
g527(652,419,799,204)@[9,43]
g528(451,700,404)@[18,32]
g528(378,397,705)@[11,29]
g528(712,632,402)@[9,29]
g528(908,670,699)@[39,40]
g529(276,26,438,851)@[5,17]
g528(990,573,55)@[2,29]
g528(716,551,398)@[4,39]
g526(563,815)@[24,42]
g528(320,465,929)@[33,43]
g526(687,387)@[38,44]
g528(585,453,33)@[24,48]
g526(92,450)@[3,24]
g526(908,912)@[17,40]
g526(347,879)@[13,47]
g526(850,446)@[32,46]
g528(517,390,543)@[22,37]
g526(944,792)@[0,11]
g528(632,178,556)@[18,47]
g528(618,381,975)@[11,36]
g526(963,891)@[41,45]
g526(743,622)@[9,32]
g528(228,142,242)@[13,27]
g528(270,334,669)@[36,46]
g528(73,58,126)@[27,43]
g526(78,233)@[7,17]
g528(612,752,663)@[5,26]
g526(393,985)@[1,42]
g528(91,7,551)@[5,33]
g528(325,709,690)@[3,20]
g528(382,960,503)@[15,40]
g526(626,742)@[14,20]
g528(760,462,981)@[10,43]
g528(549,269,276)@[1,4]
g526(105,452)@[0,27]
g526(152,642)@[27,45]
g526(444,254)@[34,38]
g528(936,461,638)@[14,22]
g528(386,860,836)@[36,49]
g528(17,716,15)@[11,30]
g528(764,452,992)@[3,44]
g528(979,138,402)@[0,10]
g528(574,703,860)@[14,15]
g528(858,844,432)@[14,26]
g528(191,116,43)@[13,28]
g528(568,45,306)@[2,12]
g528(546,248,888)@[1,7]
g528(320,772,625)@[21,27]
g526(20,355)@[4,12]
g528(363,728,539)@[16,48]
g526(77,80)@[16,24]
g528(451,711,815)@[19,34]
g528(571,769,180)@[31,37]
g526(561,75)@[19,21]
g528(452,509,777)@[0,2]
g528(69,316,50)@[31,36]
g528(859,61,833)@[10,45]
g527(71,522,851,668)@[16,34]
g528(945,226,784)@[24,30]
g526(53,562)@[12,18]
g528(711,255,498)@[8,29]
g528(701,990,851)@[25,48]
g526(951,474)@[19,47]
g528(677,764,242)@[9,29]
g527(976,271,356,308)@[21,28]
g526(622,68)@[10,28]
g526(626,566)@[16,45]
g528(209,955,845)@[25,45]
g528(577,179,792)@[4,45]
g528(745,736,128)@[14,25]
g526(1,586)@[27,33]
g528(944,797,235)@[3,22]
g528(974,772,728)@[42,44]
g528(878,468,76)@[4,8]
g528(462,161,412)@[1,45]
g528(846,523,424)@[4,40]
g528(747,339,711)@[17,21]
g528(721,34,652)@[7,24]
g526(150,570)@[30,45]
g528(886,47,987)@[10,11]
g526(254,909)@[12,30]
g527(386,518,98,28)@[13,18]
g528(837,629,814)@[0,47]
g528(503,192,834)@[7,8]
g526(579,176)@[7,21]
g527(199,145,375,660)@[16,21]
g528(199,15,221)@[4,11]
g527(74,800,746,239)@[14,27]
g526(772,76)@[15,27]
g526(745,908)@[1,25]
g529(386,462,36,773)@[27,38]
g526(711,56)@[19,27]
g528(636,756,417)@[7,28]
g526(476,74)@[10,38]
g526(536,859)@[5,25]
g526(886,313)@[29,45]
g526(980,429)@[20,49]
g527(424,902,742,905)@[8,36]
g526(430,562)@[4,42]
g526(636,193)@[1,49]
g526(23,583)@[25,37]
g526(28,456)@[13,35]
g528(414,972,553)@[28,37]
g528(621,749,804)@[5,23]
g528(513,665,226)@[39,46]
g526(127,86)@[8,22]
g528(504,822,600)@[9,38]
g528(514,260,693)@[4,47]
g528(604,767,837)@[22,24]
g528(478,121,719)@[36,42]
g527(310,572,794,419)@[16,19]
g527(706,979,530,135)@[1,17]
g528(599,390,808)@[40,48]
g529(374,340,388,141)@[12,48]
g526(980,935)@[7,36]
g528(413,895,275)@[5,9]
g528(240,873,736)@[18,49]
g528(156,75,351)@[13,14]
g528(228,377,244)@[11,45]
g528(637,597,417)@[43,44]
g528(353,207,881)@[0,15]
g528(465,492,991)@[28,35]
g528(39,437,294)@[21,27]
g528(632,350,589)@[42,43]
g528(223,903,230)@[4,44]
g528(833,320,358)@[22,24]
g528(814,307,370)@[44,46]
g528(459,926,164)@[0,37]
g528(564,127,876)@[7,47]
g526(414,18)@[17,18]
g528(971,931,305)@[6,18]
g526(792,143)@[6,8]
g528(909,461,617)@[44,48]
g528(132,289,335)@[10,45]
g528(787,234,116)@[1,40]
g528(238,836,186)@[11,31]
g528(817,117,881)@[26,39]
g528(75,203,956)@[21,34]
g528(425,150,283)@[25,30]
g527(361,364,629,775)@[42,49]
g528(807,146,596)@[18,27]
g528(113,827,450)@[20,28]
g528(157,436,357)@[5,37]
g526(394,45)@[5,39]
g528(507,149,353)@[33,34]
g528(928,875,327)@[12,47]
g526(713,8)@[4,40]
g528(434,978,58)@[0,3]
g528(539,980,164)@[10,16]
g528(144,771,99)@[0,1]
g529(283,574,986,314)@[35,44]
g528(141,120,199)@[6,42]
g526(951,56)@[40,49]
g526(132,444)@[9,17]
g528(249,952,235)@[1,21]
g528(122,121,440)@[38,41]
g528(657,859,907)@[31,44]
g528(346,502,357)@[2,35]
g527(412,636,192,814)@[25,28]
g526(549,889)@[24,46]
g526(260,18)@[12,20]
g528(897,92,602)@[16,42]
g526(425,37)@[21,40]
g528(316,702,423)@[2,15]
g528(420,529,755)@[5,44]
g526(815,554)@[16,23]
g528(588,4,799)@[12,16]
g528(934,599,537)@[4,41]
g528(9,497,612)@[40,45]
g528(944,538,725)@[19,41]
g526(230,767)@[23,40]
g527(464,150,206,972)@[21,32]
g528(483,810,781)@[14,49]
g528(195,506,695)@[0,49]
g528(784,911,888)@[9,28]
g528(429,840,958)@[11,18]
g526(220,191)@[41,47]
g528(601,308,234)@[27,33]
g528(467,132,57)@[24,48]
g526(324,5)@[27,30]
g528(111,216,955)@[11,44]
g528(393,667,382)@[6,13]
g528(919,126,834)@[11,18]
g526(879,863)@[40,43]
g526(290,281)@[0,3]
g528(101,562,208)@[5,14]
g526(575,432)@[21,40]
g528(310,261,161)@[9,41]
g528(275,173,272)@[39,45]
g528(437,661,345)@[11,19]
g527(868,129,177,732)@[31,45]
g528(956,152,793)@[5,13]
g528(112,853,405)@[20,45]
g526(200,98)@[5,47]
g528(276,905,145)@[17,32]
g528(686,607,650)@[12,17]
g528(946,182,932)@[28,49]
g528(775,347,521)@[8,16]
g528(476,886,801)@[25,32]
g528(641,750,726)@[10,35]
g528(626,651,547)@[8,29]
g528(730,775,184)@[3,12]
g528(636,123,176)@[16,18]
g527(528,853,369,596)@[26,40]
g528(476,302,977)@[14,21]
g526(549,533)@[1,10]
g526(277,838)@[8,19]
g528(255,767,289)@[25,41]
g528(450,712,614)@[27,47]
g526(265,987)@[0,44]
g526(567,727)@[12,19]
g528(121,891,294)@[25,47]
g526(208,597)@[11,28]
g526(581,581)@[11,14]
g528(842,203,243)@[4,34]
g528(502,715,753)@[16,39]
g526(719,423)@[26,28]
g528(415,625,994)@[26,45]
g528(936,285,129)@[26,27]
g528(581,25,419)@[15,43]
g528(853,941,759)@[9,43]
g528(62,520,486)@[7,18]
g528(730,846,241)@[13,28]
g528(109,783,580)@[25,28]
g526(351,379)@[6,16]
g528(532,255,314)@[4,31]
g528(448,605,450)@[1,9]
g527(326,751,341,714)@[20,22]
g528(193,913,556)@[19,23]
g528(698,968,979)@[4,32]
g528(644,950,568)@[27,39]
g528(417,110,865)@[23,31]
g528(382,679,451)@[7,40]
g528(660,375,199)@[6,22]
g526(89,672)@[2,15]
g528(152,103,812)@[7,41]
g528(173,98,765)@[14,19]
g528(927,927,697)@[40,48]
g528(969,949,191)@[16,43]
g528(196,53,349)@[2,19]
g528(273,465,546)@[31,36]
g528(908,615,104)@[7,17]
g526(777,289)@[25,49]
g528(363,76,337)@[10,48]
g528(817,196,394)@[28,34]
g526(578,572)@[29,37]
g528(316,362,107)@[13,39]
g528(505,121,581)@[3,19]
g528(339,778,37)@[0,43]
g528(615,852,290)@[12,25]
g528(785,169,920)@[28,32]
g528(641,624,703)@[19,40]
g528(438,1,61)@[40,47]
g526(477,745)@[1,35]
g526(716,132)@[25,44]
g528(654,16,67)@[6,13]
g526(609,22)@[17,46]
g527(403,358,63,827)@[26,41]
g528(524,959,346)@[13,16]
g527(857,489,945,97)@[13,24]
g528(624,258,305)@[3,15]
g528(306,50,217)@[19,22]
g526(190,816)@[1,20]
g528(942,16,989)@[0,16]
g528(835,110,279)@[7,49]
g526(187,511)@[31,48]
g528(599,279,365)@[22,23]
g528(407,210,498)@[10,20]
g527(861,283,274,980)@[29,36]
g528(589,110,882)@[14,32]
g526(362,25)@[3,24]
g528(290,641,453)@[12,34]
g528(108,403,924)@[13,35]
g528(620,43,22)@[0,14]
g526(269,178)@[23,41]
g526(913,568)@[18,48]
g528(398,372,839)@[12,21]
g528(630,651,72)@[14,40]
g526(848,456)@[14,34]
g528(379,751,699)@[4,11]
g528(157,747,314)@[12,22]
g528(792,979,17)@[26,38]
g528(408,139,822)@[2,47]
g528(344,794,990)@[10,12]
g528(799,133,490)@[17,43]
g528(178,395,933)@[14,34]
g528(478,986,595)@[30,36]
g528(48,831,361)@[6,40]
g528(531,639,233)@[19,43]
g529(889,863,839,388)@[10,27]
g526(994,381)@[15,33]
g528(285,832,714)@[30,38]
g528(661,24,69)@[3,25]
g528(292,283,992)@[0,24]
g528(140,172,630)@[7,40]
g528(488,40,170)@[25,37]
g527(248,787,804,112)@[1,39]
g528(570,582,181)@[20,25]
g528(405,914,342)@[3,21]
g528(784,168,346)@[42,44]
g528(110,381,328)@[1,14]
g526(789,2)@[13,21]
g528(581,992,112)@[38,47]
g526(364,872)@[31,36]
g528(685,258,879)@[3,11]
g528(595,211,351)@[16,32]
g526(440,402)@[27,43]
g526(214,911)@[25,31]
g528(14,617,318)@[22,44]
g528(648,540,888)@[8,22]
g528(661,559,678)@[25,44]
g528(731,317,518)@[15,48]
g528(71,377,536)@[22,37]
g528(921,356,82)@[3,12]
g528(988,828,547)@[11,30]
g526(497,274)@[35,37]
g528(586,810,935)@[22,45]
g526(602,92)@[3,29]
g528(32,216,13)@[18,48]
g529(469,0,999,787)@[37,49]
g526(313,108)@[4,36]
g526(296,926)@[16,33]
g528(913,634,698)@[0,40]
g528(49,4,752)@[13,43]
g528(389,922,328)@[11,16]
g526(56,753)@[7,29]
g528(631,414,208)@[34,46]
g528(8,285,222)@[18,49]
g529(191,660,26,140)@[15,38]
g528(267,881,31)@[2,6]
g528(702,373,43)@[37,46]
g528(168,213,467)@[42,49]
g528(371,535,996)@[24,39]
g528(458,60,446)@[12,20]
g528(463,739,4)@[24,39]
g527(573,317,361,365)@[23,42]
g529(432,856,330,219)@[17,30]
g528(92,246,338)@[46,47]
g528(176,15,159)@[4,13]
g526(759,788)@[11,20]
g528(623,736,741)@[8,20]
g528(638,897,586)@[21,36]
g528(860,973,342)@[5,48]
g528(722,274,599)@[6,48]
g528(33,626,895)@[12,23]
g526(76,932)@[3,48]
g527(98,974,779,94)@[41,46]
g526(65,300)@[43,45]
g528(564,182,952)@[31,49]
g528(236,932,89)@[5,23]
g528(390,70,225)@[15,47]
g526(201,256)@[39,44]
g528(809,261,518)@[18,27]
g528(381,603,606)@[10,45]
g528(729,756,576)@[15,32]
g528(131,687,116)@[2,48]
g527(756,531,176,780)@[14,42]
g526(265,429)@[29,32]
g528(96,927,316)@[31,47]
g526(459,696)@[32,35]
g528(212,208,265)@[18,21]
g526(214,772)@[4,26]
g528(665,768,226)@[20,33]
g526(111,226)@[10,48]
g527(502,72,566,459)@[2,13]
g528(494,260,798)@[31,33]
g528(874,551,803)@[10,22]
g528(532,568,382)@[8,28]
g526(795,488)@[13,34]
g528(150,620,74)@[23,26]
g526(589,758)@[24,40]
g528(174,554,730)@[34,44]
g526(938,357)@[14,19]
g526(427,650)@[12,26]
g527(643,554,607,416)@[37,47]
g526(266,666)@[22,31]
g528(169,64,754)@[5,29]
g528(309,576,243)@[7,10]
g528(397,526,203)@[3,7]
g528(888,338,40)@[3,34]
g528(623,821,540)@[0,45]
g528(345,102,715)@[38,42]
g526(676,214)@[21,35]
g526(510,718)@[1,26]
g528(500,962,69)@[13,45]
g528(173,310,486)@[20,26]
g528(848,501,432)@[14,48]
g526(601,753)@[13,23]
g528(839,330,440)@[13,36]
g528(701,832,709)@[24,46]
g526(889,921)@[10,27]
g526(9,633)@[6,13]
g529(528,840,359,174)@[3,42]
g528(90,440,149)@[14,15]
g528(61,990,115)@[32,44]
g526(176,843)@[35,40]
g526(886,866)@[24,33]
g528(951,993,60)@[9,48]
g528(345,306,164)@[1,11]
g526(394,353)@[19,39]
g526(667,917)@[0,42]
g528(94,123,95)@[5,28]
g528(854,194,858)@[12,48]
g526(792,850)@[12,27]
g528(826,163,518)@[9,46]
g528(750,630,11)@[1,27]
g528(819,555,839)@[12,44]
g526(269,189)@[4,24]
g529(211,228,58,747)@[37,38]
g528(229,339,36)@[40,49]
g528(849,270,619)@[29,47]
g526(105,858)@[10,41]
g528(970,415,985)@[17,27]
g528(396,507,965)@[14,27]
g527(540,385,553,128)@[5,7]
g526(300,344)@[2,23]
g528(156,307,429)@[31,41]
g528(443,913,724)@[5,26]
g526(629,863)@[1,48]
g528(315,218,423)@[0,35]
g528(185,826,344)@[4,42]
g528(137,70,870)@[1,19]
g528(917,806,611)@[25,44]
g528(434,67,234)@[19,41]
g526(988,472)@[18,33]
g528(451,445,649)@[5,47]
g526(649,94)@[13,27]
g528(599,317,931)@[2,39]
g526(120,170)@[33,35]
g529(44,729,472,260)@[39,48]
g528(913,728,878)@[25,33]
g526(819,301)@[24,39]
g528(345,218,112)@[34,35]
g528(268,4,876)@[22,36]
g528(84,110,942)@[6,38]
g528(732,538,929)@[9,41]
g528(478,610,553)@[4,47]
g528(230,798,716)@[3,46]
g528(675,166,185)@[14,44]
g526(771,475)@[9,38]
g528(187,497,848)@[11,28]
g528(732,185,679)@[25,49]
g526(55,218)@[5,6]
g528(177,540,85)@[25,49]
g526(511,415)@[30,46]
g529(285,898,136,950)@[2,5]
g528(79,376,341)@[14,21]
g528(219,219,444)@[7,22]
g528(548,531,517)@[0,14]
g528(594,90,361)@[0,12]
g528(822,697,466)@[7,14]
g526(382,905)@[29,34]
g526(655,48)@[25,30]
g528(767,324,746)@[10,16]
g526(582,733)@[21,41]
g528(596,412,6)@[39,40]
g526(743,818)@[4,15]
g528(510,415,466)@[4,32]
g528(442,595,233)@[8,43]
g526(294,432)@[13,43]
g528(872,972,776)@[31,43]
g528(904,756,529)@[15,46]
g528(348,170,337)@[43,44]
g529(487,399,202,159)@[4,40]
g526(428,138)@[31,43]
g527(928,824,869,925)@[7,34]
g526(933,699)@[3,17]
g528(676,963,757)@[20,25]
g528(5,220,972)@[45,48]
g528(726,602,531)@[5,44]
g528(200,736,574)@[17,34]
g528(551,599,100)@[23,27]
g527(560,746,307,901)@[13,22]
g527(469,451,661,563)@[2,13]
g526(845,571)@[6,30]
g528(897,644,123)@[33,49]
g526(653,85)@[27,47]
g528(84,717,127)@[5,13]
g526(163,442)@[15,19]
g529(632,930,430,360)@[11,17]
g528(785,999,537)@[11,36]
g528(967,237,795)@[3,11]
g528(108,542,890)@[2,21]
g528(271,829,508)@[15,36]
g528(286,734,884)@[3,26]
g528(914,77,835)@[5,8]
g528(529,178,400)@[23,49]
g528(516,353,211)@[17,42]
g526(255,440)@[5,30]
g528(360,670,707)@[4,42]
g526(434,607)@[0,39]
g528(458,43,849)@[26,28]
g526(849,823)@[16,21]
g528(568,568,282)@[13,47]
g528(841,622,970)@[31,47]
g528(673,190,587)@[20,26]
g528(309,625,297)@[15,41]
g526(764,574)@[28,41]
g528(528,616,393)@[40,41]
g528(670,647,983)@[6,7]
g526(11,753)@[23,39]
g528(71,827,818)@[6,29]
g526(485,448)@[29,45]
g529(884,582,755,707)@[14,36]
g528(460,607,702)@[5,13]
g528(161,289,918)@[24,35]
g528(360,460,707)@[14,37]
g527(898,132,67,460)@[23,31]
g528(469,736,399)@[13,15]
g526(741,456)@[25,45]
g526(683,420)@[5,37]
g526(485,450)@[31,42]
g529(656,97,278,826)@[42,43]
g528(756,841,7)@[5,37]
g526(606,259)@[36,41]
g528(770,54,506)@[18,49]
g528(307,95,552)@[36,37]
g528(176,241,15)@[4,6]
g528(158,915,329)@[46,48]
g528(179,94,155)@[30,38]
g526(227,80)@[10,19]
g528(721,915,964)@[7,21]
g526(876,552)@[12,41]
g528(978,369,852)@[5,15]
g528(961,472,892)@[0,35]
g528(320,876,651)@[7,15]
g528(851,686,669)@[34,42]
g528(972,657,846)@[8,29]
g528(31,606,569)@[17,23]
g526(363,953)@[2,13]
g528(944,509,327)@[32,47]
g526(382,770)@[10,25]
g528(174,951,873)@[10,45]
g528(241,328,426)@[19,25]
g528(198,359,215)@[12,37]
g526(140,178)@[40,45]
g528(836,531,451)@[31,46]
g526(158,905)@[24,43]
g527(500,896,915,304)@[25,26]
g528(136,881,310)@[6,40]
g528(233,206,140)@[33,44]
g526(396,857)@[23,43]
g526(540,553)@[5,25]
g526(479,448)@[5,19]
g528(135,839,12)@[24,46]
g528(368,886,487)@[21,44]
g528(245,325,826)@[12,29]
g528(865,162,22)@[21,33]
g528(699,117,843)@[32,46]
g528(82,211,605)@[37,46]
g528(37,338,714)@[0,30]
g527(85,534,600,863)@[44,48]
g528(47,384,728)@[3,39]
g528(510,165,63)@[29,40]
g526(459,259)@[36,49]
g526(528,150)@[27,31]
g528(976,99,534)@[5,31]
g526(977,955)@[3,39]
g527(883,793,721,370)@[14,24]
g526(984,539)@[5,36]
g528(919,373,941)@[0,8]
g526(881,848)@[12,13]
g526(356,364)@[34,40]
g528(810,581,839)@[14,24]
g528(740,54,880)@[5,25]
g526(560,708)@[5,45]
g528(626,780,818)@[26,35]
g528(808,401,501)@[14,22]
g529(652,799,419,204)@[2,6]
g528(780,617,992)@[2,41]
g528(285,50,742)@[12,14]
g526(723,136)@[25,28]
g528(530,739,191)@[19,32]
g527(535,559,212,447)@[5,38]
g526(185,846)@[22,38]
g528(368,172,957)@[12,41]
g528(544,44,625)@[23,43]
g528(869,742,195)@[28,45]
g528(747,274,708)@[30,35]
g528(762,889,359)@[0,48]
g526(789,764)@[24,48]
g528(144,204,935)@[4,43]
g528(700,211,167)@[36,45]
g528(500,672,626)@[37,42]
g528(790,181,787)@[26,27]
g529(416,147,315,688)@[5,36]
g528(746,464,522)@[7,48]
g528(323,474,951)@[6,46]
g528(430,674,150)@[14,34]
g528(927,218,423)@[27,44]
g528(967,299,561)@[5,25]
g528(692,818,119)@[4,32]
g528(717,565,993)@[6,26]
g526(530,938)@[23,38]
g528(971,11,65)@[6,30]
g528(321,121,578)@[21,38]
g528(224,188,259)@[19,21]
g528(794,178,212)@[28,35]
g528(879,861,263)@[12,28]
g528(711,589,816)@[9,44]
g528(753,901,550)@[36,41]
g528(26,954,669)@[12,25]
g529(123,927,651,988)@[21,42]
g528(11,105,563)@[21,41]
g528(501,162,716)@[2,23]
g528(796,319,343)@[24,45]
g528(238,250,657)@[13,20]
g526(301,853)@[17,21]
g528(829,960,756)@[2,6]
g528(229,974,700)@[21,26]
g528(800,340,282)@[16,26]
g526(526,193)@[28,45]
g528(207,567,307)@[30,41]
g528(978,770,472)@[35,45]
g526(253,891)@[31,41]
g526(935,998)@[9,37]
g527(928,156,447,328)@[9,13]
g528(733,692,292)@[10,35]
g528(450,49,322)@[16,30]
g528(576,272,267)@[19,33]
g528(281,688,448)@[30,33]
g528(534,11,400)@[19,42]
g528(268,473,870)@[9,20]
g527(63,579,979,100)@[6,48]
g528(601,784,267)@[21,30]
g526(963,51)@[8,39]
g528(419,305,385)@[37,43]
g528(17,743,519)@[5,49]
g528(272,917,338)@[11,32]
g528(636,897,924)@[23,32]
g528(431,61,4)@[8,9]
g526(508,2)@[12,22]
g528(372,786,524)@[26,47]
g528(509,841,972)@[44,49]
g528(474,308,274)@[22,47]
g526(389,980)@[5,29]
g528(224,923,217)@[0,5]
g528(940,477,216)@[1,23]
g528(441,98,518)@[16,17]
g528(858,78,888)@[18,29]
g528(536,528,949)@[13,32]
g528(973,717,913)@[26,41]
g528(171,510,228)@[32,37]
g528(703,195,364)@[12,40]
g528(926,105,209)@[4,34]
g529(337,105,439,130)@[29,32]
g526(897,728)@[5,12]
g526(504,485)@[6,22]
g528(243,448,881)@[22,26]
g528(662,941,583)@[12,38]
g528(408,456,986)@[20,29]
g528(91,547,250)@[11,22]
g526(171,61)@[8,34]
g528(153,929,227)@[1,30]
g528(20,65,15)@[24,41]
g528(362,348,88)@[12,41]
g528(470,320,405)@[22,33]
g526(408,606)@[5,6]
g528(870,98,200)@[2,22]
g527(360,444,501,851)@[31,44]
g528(907,517,428)@[10,43]
g528(159,302,238)@[10,36]
g529(162,767,66,457)@[32,33]
g528(365,952,580)@[2,11]
g528(494,643,351)@[14,18]
g526(911,609)@[30,31]
g528(39,908,859)@[18,19]
g528(152,460,111)@[2,38]
g528(742,405,3)@[7,11]
g528(704,997,51)@[8,13]
g528(140,660,191)@[20,21]
g528(792,56,650)@[31,39]
g529(114,759,554,9)@[11,41]
g526(979,427)@[0,7]
g528(194,819,720)@[23,39]
g528(366,891,447)@[27,43]
g528(702,497,822)@[19,48]
g526(799,869)@[2,8]
g529(792,619,325,652)@[40,43]
g526(163,666)@[9,38]
g528(49,843,320)@[1,11]
g528(32,475,186)@[14,31]
g528(188,447,208)@[19,27]
g527(859,331,356,88)@[30,40]
g528(623,932,692)@[4,17]
g528(112,364,532)@[10,49]
g528(276,555,114)@[12,23]
g528(470,98,632)@[6,21]
g528(319,385,437)@[0,42]
g528(992,658,293)@[28,37]
g528(930,871,432)@[29,42]
g527(395,336,933,255)@[15,38]
g526(422,922)@[10,35]
g527(89,172,74,409)@[18,45]
g528(856,983,537)@[11,15]
g527(370,749,945,190)@[5,40]
g529(26,662,767,428)@[26,30]
g528(397,283,110)@[43,47]
g526(462,215)@[4,13]
g526(8,581)@[16,38]
g528(203,119,237)@[40,45]
g528(232,565,554)@[15,18]
g528(669,692,279)@[26,44]
g528(135,843,670)@[1,44]
g528(110,176,634)@[6,44]
g528(639,389,732)@[16,21]
g528(211,167,129)@[3,19]
g526(787,804)@[18,21]
g528(871,578,432)@[16,26]
g528(148,645,581)@[3,48]
g526(508,212)@[9,42]
g528(356,487,81)@[5,45]
g528(136,480,308)@[31,35]
g528(328,812,123)@[2,49]
g528(984,763,987)@[13,43]
g528(891,959,374)@[13,31]
g526(332,916)@[37,42]
g528(623,365,943)@[14,15]
g528(110,214,525)@[17,28]
g526(489,723)@[11,41]
g528(330,102,407)@[4,21]
g528(167,618,780)@[4,41]
g528(138,258,597)@[7,44]
g529(810,497,853,300)@[0,8]
g528(500,983,640)@[33,47]
g528(471,60,439)@[37,48]
g528(593,943,928)@[14,28]
g528(400,258,533)@[19,44]
g528(279,456,354)@[27,47]
g528(649,230,269)@[2,5]
g528(553,454,584)@[9,20]
g527(829,576,798,662)@[13,47]
g528(245,78,872)@[4,22]
g526(773,883)@[33,42]
g526(772,191)@[11,36]
g528(914,786,996)@[24,44]
g526(960,795)@[10,16]
g528(13,71,292)@[0,37]
g528(325,530,870)@[28,32]
g528(689,621,66)@[15,47]
g526(35,231)@[10,25]
g526(509,40)@[33,36]
g528(614,563,666)@[5,41]
g528(514,969,215)@[17,49]
g528(521,230,398)@[16,36]
g528(931,902,298)@[4,40]
g528(171,900,328)@[26,32]
g528(670,344,230)@[24,26]
g526(364,303)@[16,49]
g527(808,168,123,24)@[28,31]
g528(214,903,32)@[21,42]
g526(775,717)@[15,48]
g528(91,917,528)@[4,33]
g528(955,125,261)@[13,29]
g528(622,150,68)@[26,38]
g526(214,312)@[1,20]
g528(531,310,435)@[23,48]
g526(680,199)@[21,47]
g528(400,665,987)@[31,40]
g528(254,727,301)@[15,44]
g528(171,472,816)@[11,34]
g528(421,225,632)@[13,27]
g528(863,282,848)@[16,34]
g526(193,783)@[34,40]
g528(595,583,633)@[0,43]
g526(781,793)@[2,18]
g528(33,688,819)@[2,21]
g526(108,92)@[4,40]
g526(468,532)@[31,36]
g528(297,527,457)@[10,16]
g528(296,395,48)@[24,26]
g528(836,975,714)@[39,47]
g528(220,141,768)@[14,46]
g528(851,854,693)@[31,35]
g526(968,986)@[41,43]
g526(25,831)@[23,31]
g528(280,117,681)@[39,45]
g528(998,512,288)@[33,35]
g526(160,207)@[18,26]
g528(527,889,700)@[17,32]
g527(368,134,656,131)@[6,33]
g528(961,910,480)@[11,43]
g526(991,319)@[30,34]
g528(360,272,272)@[23,37]
g528(838,894,777)@[22,42]
g526(128,571)@[26,36]
g528(790,361,238)@[27,43]
g528(738,790,690)@[36,41]
g529(791,235,936,86)@[4,6]
g528(842,643,603)@[5,46]
g528(823,54,418)@[26,28]
g528(828,96,735)@[4,22]
g527(595,539,919,427)@[40,42]
g526(305,585)@[26,29]
g528(117,309,556)@[21,25]
g528(744,585,455)@[16,37]
g528(487,811,804)@[18,23]
g528(90,704,673)@[22,25]
g528(822,498,702)@[2,23]
g527(207,674,463,503)@[24,45]
g528(238,152,111)@[1,36]
g526(216,477)@[31,38]
g529(502,79,279,651)@[6,32]
g529(725,237,53,90)@[3,14]
g528(784,713,149)@[24,30]
g528(14,596,716)@[10,20]
g526(288,608)@[28,29]
g528(878,181,525)@[36,38]
g528(90,490,433)@[13,28]
g528(413,373,191)@[13,18]
g526(534,731)@[3,21]
g528(191,481,160)@[4,23]
g528(868,847,180)@[34,38]
g528(410,759,186)@[26,30]
g528(339,94,899)@[7,24]
g528(92,583,602)@[21,28]
g528(398,33,302)@[1,9]
g526(638,708)@[24,45]
g528(48,982,94)@[0,40]
g526(263,622)@[43,45]
g528(285,639,177)@[8,39]
g526(66,105)@[7,18]
g528(540,340,576)@[9,10]
g528(780,883,51)@[41,42]
g528(624,942,45)@[1,12]
g528(774,758,347)@[7,13]
g528(696,67,832)@[34,37]
g526(789,858)@[3,4]
g528(859,86,127)@[39,47]
g526(937,441)@[28,33]
g526(120,672)@[8,35]
g526(856,609)@[30,46]
g528(498,187,826)@[4,7]
g528(206,659,988)@[5,35]
g528(402,206,327)@[0,9]
g526(425,514)@[23,38]
g528(514,979,597)@[3,34]
g528(840,478,738)@[21,36]
g526(277,674)@[0,31]
g528(894,388,462)@[6,38]
g528(891,878,396)@[11,35]
g526(342,193)@[39,40]
g528(646,868,578)@[24,28]
g527(986,989,117,530)@[31,35]
g526(158,891)@[5,37]
g526(722,431)@[23,33]
g526(181,740)@[3,39]
g526(313,950)@[35,49]
g526(864,70)@[13,22]
g528(300,74,627)@[30,31]
g526(921,400)@[35,44]
g526(991,265)@[8,20]
g528(597,772,918)@[9,47]
g528(752,344,337)@[5,18]
g528(67,241,65)@[7,40]
g528(21,205,429)@[3,47]
g528(371,231,88)@[13,14]
g528(207,63,249)@[10,38]
g528(602,598,954)@[16,22]
g526(760,172)@[13,28]
g528(942,37,971)@[22,27]
g526(963,942)@[2,27]
g527(52,45,268,946)@[37,47]
g528(627,752,789)@[38,44]
g526(770,873)@[19,42]
g526(735,716)@[18,37]
g528(841,323,389)@[30,49]
g526(590,930)@[15,20]
g528(692,418,692)@[3,23]
g526(848,282)@[8,32]
g528(486,846,586)@[3,11]
g528(747,625,655)@[25,27]
g528(854,217,394)@[3,46]
g526(111,166)@[8,13]
g528(708,926,529)@[5,26]
g527(422,180,512,968)@[14,27]
g529(895,271,321,680)@[0,42]
g528(126,462,930)@[14,26]
g526(949,689)@[8,17]
g529(152,647,654,312)@[6,33]
g528(249,154,664)@[4,9]
g526(296,81)@[28,47]
g528(941,931,463)@[39,46]
g528(176,993,815)@[21,46]
g528(748,801,505)@[39,41]
g526(422,921)@[19,30]
g528(652,84,618)@[31,46]
g528(683,605,77)@[15,22]
g526(169,632)@[27,30]
g526(586,288)@[7,19]
g528(772,647,961)@[19,37]
g528(805,811,369)@[3,38]
g528(330,200,759)@[13,19]
g528(543,294,888)@[28,36]
g528(30,101,112)@[3,24]
g528(253,844,239)@[9,43]
g528(187,226,639)@[19,32]
g528(913,450,485)@[38,48]
g528(317,950,599)@[6,25]
g528(814,3,178)@[4,49]
g528(128,553,540)@[9,31]
g528(40,64,928)@[23,34]
g528(336,120,737)@[0,28]
g528(707,586,646)@[1,19]
g528(115,502,845)@[6,41]
g526(4,441)@[12,15]
g526(797,210)@[33,35]
g528(223,101,877)@[22,43]
g528(45,42,581)@[10,26]
g529(839,249,408,655)@[25,29]
g526(104,670)@[6,43]
g528(152,908,494)@[16,23]
g526(741,306)@[0,27]
g528(492,394,697)@[9,33]
g528(39,110,964)@[15,28]
g528(498,719,874)@[0,1]
g528(521,39,235)@[15,47]
g528(747,33,684)@[5,9]
g528(167,34,662)@[10,21]
g526(654,647)@[3,37]
g528(745,301,215)@[19,27]
g528(846,895,292)@[39,43]
g526(978,428)@[13,42]
g528(432,416,643)@[45,46]
g528(230,837,988)@[27,29]
g528(746,542,42)@[6,34]
g526(136,748)@[9,14]
g526(311,288)@[7,34]
g528(795,532,734)@[32,39]
g528(236,554,683)@[22,31]
g528(245,442,132)@[13,40]
g526(594,889)@[26,35]
g527(315,442,233,595)@[14,44]
g528(226,988,154)@[29,37]
g528(810,971,18)@[0,3]
g528(617,571,948)@[37,48]
g528(925,532,275)@[15,32]
g526(227,308)@[47,49]
g528(1,718,691)@[29,42]
g526(873,155)@[0,15]
g526(577,154)@[4,6]
g528(877,276,210)@[24,48]
g528(472,882,549)@[5,42]
g528(152,900,178)@[43,46]
g528(315,132,340)@[17,32]
g528(484,665,62)@[8,27]
g528(414,723,353)@[39,40]
g528(984,527,90)@[13,26]
g528(930,902,970)@[13,18]
g526(918,111)@[2,3]
g528(741,557,918)@[30,46]
g528(12,78,202)@[12,14]
g528(447,875,982)@[25,31]
g526(52,652)@[13,41]
g526(731,654)@[3,9]
g528(679,851,825)@[35,40]
g528(259,702,649)@[12,34]
g526(591,883)@[11,26]
g526(650,216)@[13,30]
g528(632,858,296)@[27,36]
g528(897,579,167)@[18,42]
g527(714,978,182,238)@[43,49]
g526(489,911)@[18,43]
g526(891,512)@[5,34]
g526(193,599)@[0,26]
g528(440,661,296)@[28,41]
g526(288,999)@[0,15]
g528(575,660,4)@[14,40]
g528(333,144,943)@[22,27]
g528(137,488,530)@[34,39]
g528(421,513,261)@[7,16]
g529(178,414,778,759)@[5,26]
g528(268,79,222)@[43,47]
g528(444,851,501)@[2,24]
g526(869,25)@[6,43]
g527(0,505,185,638)@[19,36]
g528(658,388,838)@[11,38]
g526(337,204)@[26,33]
g526(238,463)@[17,24]
g526(921,248)@[10,33]
g528(545,649,342)@[3,35]
g528(123,439,714)@[23,47]
g526(802,775)@[25,29]
g528(76,988,455)@[1,15]
g528(958,89,631)@[12,15]
g527(275,94,811,981)@[16,32]
g528(828,860,314)@[12,38]
g526(305,799)@[8,17]
g528(546,382,38)@[7,31]
g526(208,647)@[2,6]
g526(370,200)@[5,49]
g528(981,645,19)@[18,27]
g528(148,22,735)@[6,44]
g528(893,59,368)@[15,37]
g528(644,997,889)@[5,6]
g526(531,747)@[29,32]
g528(819,71,15)@[7,46]
g529(574,357,745,736)@[20,24]
g528(541,634,417)@[2,20]
g526(387,16)@[8,21]
g528(67,484,295)@[38,44]
g528(402,46,245)@[12,30]
g526(213,232)@[2,22]
g526(908,949)@[14,18]
g526(401,939)@[7,34]
g528(271,976,367)@[4,25]
g527(705,356,476,767)@[9,38]
g526(329,442)@[35,41]
g528(802,998,328)@[27,39]
g528(838,566,193)@[12,47]
g527(816,545,808,977)@[37,43]
g528(422,838,427)@[13,30]
g528(92,116,414)@[11,39]
g528(32,0,987)@[19,47]
g528(481,75,741)@[5,15]
g526(527,791)@[4,17]
g526(180,868)@[28,48]
g528(826,439,294)@[10,20]
g528(446,34,184)@[19,45]
g528(245,23,549)@[14,43]
g528(726,75,892)@[3,41]
g528(841,261,607)@[10,31]
g528(865,925,235)@[1,23]
g526(18,278)@[27,38]
g528(258,520,104)@[1,38]
g528(818,357,719)@[15,43]
g528(839,655,669)@[46,47]
g528(261,875,768)@[30,37]
g528(947,127,528)@[6,7]
g528(711,404,648)@[14,23]
g528(507,70,192)@[11,28]
g526(335,435)@[7,23]
g528(471,124,658)@[29,45]
g528(194,510,587)@[26,43]
g528(210,761,621)@[31,35]
g528(40,822,500)@[0,44]
g526(366,425)@[9,42]
g528(137,862,441)@[18,46]
g528(54,447,506)@[17,49]
g528(365,677,414)@[17,34]
g526(533,63)@[6,13]
g528(823,80,746)@[28,44]
g526(296,822)@[10,34]
g528(556,751,450)@[29,40]
g528(567,499,815)@[7,32]
g528(581,857,372)@[23,27]
g528(387,380,459)@[9,14]
g528(103,193,883)@[43,49]
g527(978,185,427,396)@[6,31]
g526(99,493)@[10,33]
g526(750,639)@[2,29]
g528(511,266,726)@[14,48]
g528(136,707,852)@[20,33]
g528(564,227,136)@[13,49]
g526(878,390)@[32,34]
g528(129,185,784)@[16,26]
g528(200,229,774)@[23,24]
g528(446,726,836)@[1,3]
g526(296,528)@[43,45]
g528(33,576,33)@[38,45]
g528(114,621,804)@[2,7]
g528(531,331,656)@[16,22]
g528(915,586,228)@[17,41]
g526(915,522)@[6,41]
g527(583,984,389,311)@[8,22]
g526(487,348)@[17,38]
g528(209,456,380)@[5,42]
g528(433,124,733)@[26,30]
g528(107,976,337)@[14,48]
g528(728,169,634)@[27,34]
g528(627,813,61)@[27,43]
g526(301,662)@[24,28]
g526(547,186)@[4,29]
g528(170,403,18)@[9,24]
g528(585,83,793)@[3,35]
g528(518,982,449)@[11,20]
g526(635,385)@[20,37]
g526(631,897)@[9,35]
g528(697,245,59)@[2,49]
g528(69,579,9)@[11,20]
g528(356,310,657)@[17,40]
g528(440,546,860)@[13,19]
g526(649,234)@[40,49]
g528(866,142,951)@[19,40]
g528(567,415,511)@[9,24]
g528(747,857,251)@[25,29]
g528(539,19,56)@[19,26]
g528(355,489,871)@[6,10]
g526(364,936)@[25,36]
g528(879,353,284)@[17,33]
g528(65,523,708)@[8,36]
g527(353,612,842,571)@[7,46]
g526(145,787)@[17,41]
g526(129,259)@[10,45]
g528(802,333,479)@[19,35]
g526(936,927)@[6,31]
g528(412,152,761)@[0,2]
g528(813,60,686)@[1,16]
g528(264,225,414)@[23,48]
g526(870,304)@[21,34]
g526(860,74)@[22,42]
g526(237,451)@[1,49]
g528(442,182,132)@[9,47]
g528(688,344,809)@[24,49]
g528(645,271,16)@[8,21]
g527(231,31,250,456)@[2,32]
g526(217,306)@[5,43]
g528(376,467,584)@[13,22]
g526(44,351)@[3,41]
g527(941,510,344,967)@[9,14]
g528(971,23,757)@[18,32]
g528(95,850,362)@[1,32]
g528(204,305,966)@[41,42]
g528(201,281,522)@[4,23]
g528(902,904,97)@[12,45]
g528(730,530,13)@[27,45]
g528(201,920,609)@[6,11]
g528(42,58,84)@[27,30]
g526(660,204)@[2,34]
g528(653,936,677)@[28,37]
g528(355,977,667)@[12,29]
g526(202,980)@[32,39]
g528(599,98,237)@[10,30]
g526(503,675)@[46,47]
g526(447,71)@[37,45]
g526(19,386)@[17,21]
g528(279,967,259)@[23,24]
g528(559,734,260)@[0,34]
g528(111,90,418)@[23,35]
g528(371,755,891)@[10,18]
g528(730,9,507)@[42,46]
g526(19,122)@[14,17]
g528(28,952,683)@[23,49]
g528(510,780,846)@[11,44]
g526(764,765)@[11,49]
g526(385,674)@[22,37]
g527(646,803,385,812)@[31,38]
g526(384,590)@[5,19]
g526(696,608)@[11,31]
g528(747,810,174)@[1,44]
g526(492,396)@[23,40]
g528(826,979,729)@[28,30]
g528(424,805,454)@[2,37]
g526(508,62)@[8,21]
g526(748,397)@[24,31]
g526(820,219)@[28,46]
g527(445,7,22,273)@[37,43]
g528(275,653,468)@[31,43]
g528(102,27,335)@[14,36]
g528(945,400,43)@[10,14]
g528(177,632,798)@[16,47]
g528(375,16,127)@[34,45]
g529(151,82,113,311)@[41,46]
g528(528,345,583)@[8,31]
g526(838,56)@[5,6]
g528(858,320,504)@[10,20]
g528(850,98,716)@[18,46]
g528(648,631,744)@[28,29]
g526(967,492)@[10,42]
g528(659,676,838)@[14,19]
g527(546,780,430,950)@[21,43]
g528(769,871,884)@[23,47]
g528(94,175,964)@[19,38]
g528(837,748,895)@[9,37]
g527(344,901,79,952)@[6,48]
g526(771,714)@[10,41]
g526(70,417)@[3,7]
g528(718,421,232)@[1,36]
g526(534,528)@[10,28]
g528(538,747,74)@[37,41]
g526(18,134)@[2,31]
g528(175,830,401)@[36,46]
g528(386,470,291)@[14,33]
g528(479,144,813)@[0,20]
g527(565,883,865,221)@[22,29]
g526(935,622)@[20,49]
g528(148,973,139)@[15,19]
g528(841,775,473)@[4,28]
g528(610,878,27)@[8,26]
g528(480,968,764)@[22,47]
g526(511,479)@[9,27]
g528(426,704,675)@[3,34]
g527(403,764,743,203)@[24,49]
g528(530,961,426)@[9,38]
g528(207,757,775)@[20,45]
g528(445,432,0)@[12,44]
g528(607,543,9)@[8,13]
g528(622,679,404)@[2,9]
g528(77,756,935)@[15,31]
g528(628,841,543)@[5,17]
g528(390,410,401)@[6,22]
g528(204,938,928)@[3,16]
g528(171,620,102)@[25,48]
g528(721,154,753)@[41,42]
g527(478,527,344,177)@[37,41]
g528(313,532,376)@[37,42]
g528(407,975,139)@[6,19]
g528(819,791,508)@[5,22]
g527(283,986,574,314)@[8,21]
g526(799,4)@[5,40]
g527(150,856,510,996)@[7,34]
g528(916,768,180)@[8,30]
g528(274,624,71)@[20,45]
g526(85,863)@[5,38]
g527(520,342,353,567)@[4,37]
g528(703,757,410)@[9,37]
g528(436,122,163)@[28,49]
g528(145,518,771)@[8,49]
g528(861,907,954)@[21,43]
g528(474,551,205)@[7,49]
g528(880,968,60)@[12,33]
g528(96,546,452)@[18,46]
g528(940,712,704)@[15,45]
g528(199,175,472)@[17,49]
g528(605,376,531)@[17,22]
g528(417,670,871)@[14,46]
g528(310,318,254)@[6,18]
g528(141,185,503)@[6,45]
g528(945,138,59)@[29,41]
g528(960,643,512)@[32,43]
g528(616,54,409)@[20,48]
g528(357,288,311)@[25,43]
g528(52,422,317)@[42,45]
g528(798,238,881)@[4,30]
g528(987,925,65)@[3,42]
g528(138,805,651)@[24,27]
g526(843,684)@[22,43]
g526(110,526)@[7,31]
g528(611,841,555)@[8,20]
g526(890,329)@[14,34]
g528(182,230,515)@[38,44]
g528(360,926,571)@[7,34]
g528(267,909,32)@[5,30]
g528(811,31,112)@[7,28]
g527(877,225,94,981)@[5,21]
g526(689,737)@[16,21]
g526(963,605)@[9,23]
g528(788,52,70)@[12,29]
g526(520,563)@[0,23]
g528(103,467,721)@[1,24]
g528(647,929,807)@[39,40]
g528(782,900,928)@[5,47]
g526(765,32)@[3,35]
g528(764,454,323)@[22,37]
g528(111,562,155)@[13,25]
g528(885,392,81)@[44,45]
g528(398,609,230)@[1,48]
g528(352,995,958)@[8,26]
g528(103,612,686)@[19,32]
g528(718,7,561)@[1,48]
g526(382,286)@[11,24]
g528(935,136,239)@[12,33]
g526(36,657)@[39,42]
g526(683,756)@[0,20]
g528(886,74,284)@[10,13]
g527(27,106,638,798)@[5,6]
g527(980,591,562,190)@[11,49]
g528(173,978,119)@[23,37]
g528(809,56,133)@[38,48]
g526(640,356)@[10,41]
g526(646,109)@[11,13]
g528(165,123,803)@[3,22]
g528(200,735,140)@[37,47]
g526(432,169)@[21,37]
g529(992,264,400,0)@[21,43]
g528(883,838,921)@[1,48]
g528(23,712,681)@[4,17]
g526(699,465)@[13,24]
g528(844,676,423)@[8,45]
g528(183,896,832)@[5,45]
g528(162,888,286)@[41,48]
g528(722,129,827)@[0,8]
g528(182,689,492)@[5,19]
g528(154,211,471)@[26,42]
g526(661,204)@[5,37]
g527(497,553,585,703)@[22,27]
g526(764,630)@[22,29]
g528(309,810,364)@[5,36]
g528(544,744,995)@[12,31]
g528(747,360,285)@[3,45]
g528(575,920,905)@[14,34]
g528(891,975,840)@[5,46]
g528(645,729,283)@[8,9]
g526(567,797)@[33,43]
g528(476,674,123)@[9,14]
g528(756,694,527)@[16,47]
g528(647,878,253)@[3,12]
g528(988,173,583)@[7,45]
g526(757,329)@[9,36]
g528(628,216,462)@[18,45]
g528(151,640,39)@[28,30]
g528(992,626,112)@[21,40]
g528(388,683,769)@[28,37]
g528(200,89,267)@[31,41]
g529(612,753,337,698)@[1,7]
g526(315,29)@[7,28]
g526(888,79)@[36,43]
g528(492,311,416)@[36,45]
g528(778,466,661)@[10,41]
g527(431,722,220,122)@[23,40]
g528(665,260,208)@[10,20]
g526(928,560)@[2,20]
g528(621,109,327)@[13,38]
g528(492,643,383)@[44,49]
g526(971,497)@[0,30]
g528(198,660,42)@[0,32]
g528(582,155,349)@[14,29]
g528(18,391,252)@[33,47]
g528(365,35,658)@[8,41]
g528(797,72,572)@[21,35]
g527(368,707,954,919)@[1,25]
g526(444,183)@[1,11]
g526(204,3)@[7,30]
g527(978,982,822,302)@[9,38]
g526(867,445)@[1,39]
g526(598,812)@[16,25]
g526(701,589)@[10,30]
g528(0,762,885)@[4,15]
g527(257,515,552,958)@[27,43]
g526(502,238)@[12,22]
g528(130,798,94)@[30,49]
g528(667,48,247)@[23,47]
g528(386,836,468)@[8,13]
g528(716,777,824)@[0,24]
g526(977,399)@[4,47]
g526(936,608)@[7,28]
g528(856,105,697)@[11,22]
g526(414,277)@[21,26]
g528(826,311,398)@[13,26]
g528(502,859,959)@[3,34]
g528(892,167,666)@[23,44]
g526(729,434)@[26,32]
g526(958,629)@[31,47]
g526(920,833)@[7,19]
g528(799,692,375)@[5,47]
g528(858,631,55)@[14,47]
g528(497,753,993)@[22,31]
g527(488,385,819,432)@[18,36]
g526(374,438)@[3,19]
g526(201,52)@[7,31]
g526(295,244)@[12,32]
g528(112,617,336)@[23,48]
g528(27,728,536)@[9,27]
g528(231,28,293)@[12,26]
g526(258,678)@[16,37]
g528(30,614,444)@[15,20]
g526(735,313)@[0,6]
g526(406,410)@[28,46]
g528(964,7,97)@[30,47]
g527(473,973,45,343)@[38,42]
g526(827,694)@[10,20]
g528(73,308,561)@[39,49]
g526(302,389)@[23,40]
g526(224,624)@[2,44]
g528(271,619,21)@[17,22]
g527(472,897,774,396)@[6,23]
g528(445,939,824)@[16,47]
g527(622,573,636,68)@[20,27]
g528(987,723,150)@[0,31]
g528(474,927,30)@[3,12]
g528(754,291,85)@[2,37]
g526(934,979)@[3,26]
g526(836,366)@[23,36]
g528(975,172,890)@[48,49]
g528(947,19,169)@[19,43]
g526(101,908)@[11,44]
g526(637,854)@[9,35]
g528(357,184,923)@[2,37]
g528(928,812,317)@[9,26]
g528(470,640,2)@[2,4]
g528(804,946,650)@[13,34]
g528(795,119,483)@[8,11]
g528(60,463,178)@[9,39]
g528(163,551,207)@[18,39]
g526(832,183)@[42,47]
g526(915,720)@[24,47]
g528(31,181,707)@[13,40]
g528(504,659,16)@[24,44]
g528(113,198,765)@[4,31]
g528(48,73,661)@[4,42]
g528(13,251,62)@[2,46]
g528(167,949,330)@[28,31]
g528(228,535,575)@[14,40]
g528(681,769,996)@[1,8]
g526(179,930)@[8,47]
g528(347,46,536)@[30,39]
g528(108,93,897)@[9,14]
g528(195,105,425)@[39,43]
g528(318,742,256)@[18,30]
g528(377,359,363)@[1,18]
g526(844,218)@[0,36]
g528(732,206,769)@[12,28]
g528(125,966,582)@[22,23]
g526(35,209)@[45,49]
g528(712,820,542)@[9,10]
g526(349,285)@[18,40]
g528(182,563,246)@[30,42]
g527(824,951,812,563)@[4,6]
g528(897,425,852)@[11,27]
g528(762,114,480)@[24,46]
g528(213,289,983)@[3,13]
g528(960,3,105)@[12,15]
g529(832,896,584,183)@[34,48]
g528(705,92,300)@[18,32]
g526(177,273)@[11,25]
g528(945,793,814)@[16,48]
g526(357,436)@[24,26]
g528(425,699,208)@[8,23]
g526(974,311)@[33,36]
g528(944,380,25)@[3,42]
g526(150,121)@[10,12]
g528(684,711,217)@[26,35]
g528(97,590,43)@[0,25]
g526(766,991)@[3,11]
g528(480,196,568)@[17,36]
g526(920,941)@[13,24]
g528(173,325,262)@[8,30]
g526(224,311)@[34,48]
g526(308,663)@[42,48]
g526(272,975)@[27,38]
g528(662,222,8)@[40,47]
g526(515,542)@[8,26]
g528(241,469,848)@[13,30]
g528(736,900,959)@[23,36]
g528(166,324,607)@[23,25]
g528(322,835,67)@[14,24]
g528(739,587,529)@[36,38]
g528(384,871,108)@[9,48]
g526(143,52)@[13,31]
g527(934,582,706,885)@[24,34]
g528(238,182,714)@[7,12]
g528(975,59,964)@[10,17]
g528(927,620,58)@[3,13]
g526(660,413)@[32,36]
g528(400,517,356)@[1,22]
g528(947,216,399)@[11,37]
g529(877,617,960,23)@[33,38]
g528(244,936,114)@[16,22]
g528(795,416,703)@[40,48]
g528(676,40,375)@[21,32]
g526(348,288)@[8,23]
g528(189,767,138)@[0,19]
g526(221,442)@[28,37]
g528(883,972,963)@[7,35]
g526(711,944)@[33,39]
g528(482,203,640)@[14,43]
g526(105,4)@[24,40]
g526(308,480)@[14,32]
g528(122,675,899)@[1,16]
g526(438,318)@[21,42]
g528(359,872,652)@[20,23]
g528(479,918,738)@[0,8]
g526(170,328)@[1,45]
g528(636,620,487)@[15,47]
g526(329,496)@[34,42]
g528(39,819,8)@[18,28]
g528(448,96,348)@[11,24]
g528(579,136,451)@[16,42]
g528(861,955,719)@[1,9]
g526(687,33)@[21,31]
g527(178,228,788,970)@[7,41]
g528(726,745,646)@[18,43]
g528(440,891,253)@[19,39]
g528(814,155,534)@[18,45]
g526(718,525)@[6,38]
g528(302,60,641)@[31,41]
g528(55,589,821)@[24,41]
g528(827,130,361)@[22,24]
g528(637,580,226)@[20,45]
g528(774,839,172)@[5,17]
g528(536,861,539)@[26,49]
g526(214,575)@[17,32]
g528(807,745,763)@[15,16]
g528(665,573,663)@[15,49]
g528(891,609,890)@[19,22]
g528(291,460,168)@[30,44]
g528(89,256,93)@[27,28]
g528(249,281,176)@[25,40]
g528(515,150,491)@[8,15]
g528(293,727,102)@[24,39]
g526(489,672)@[6,25]
g528(504,696,459)@[9,48]
g528(844,112,349)@[35,46]
g526(513,478)@[6,30]
g528(18,956,41)@[26,43]
g528(237,883,622)@[27,41]
g529(175,427,963,867)@[6,8]
g528(181,439,39)@[28,46]
g528(289,325,98)@[12,46]
g528(442,205,893)@[12,33]
g528(657,334,184)@[34,37]
g528(813,268,289)@[38,47]
g526(414,116)@[5,36]
g526(737,641)@[28,42]
g528(733,399,197)@[0,45]
g526(316,612)@[7,48]
g528(443,21,134)@[8,30]
g526(976,307)@[47,48]
g526(478,838)@[21,38]
g529(74,900,195,72)@[2,16]
g528(50,688,759)@[16,49]
g528(26,192,936)@[41,47]
g526(380,456)@[17,46]
g528(797,186,749)@[0,4]
g526(277,479)@[14,39]
g528(735,216,409)@[7,36]
g528(515,619,827)@[11,29]
g528(802,2,508)@[21,46]
g528(431,703,143)@[27,42]
g526(950,629)@[27,37]
g528(97,623,313)@[10,15]
g528(959,674,176)@[9,27]
g528(419,666,464)@[18,45]
g528(639,819,356)@[18,39]
g528(656,417,47)@[0,32]
g528(972,52,716)@[26,41]
g526(339,560)@[18,35]
g526(483,546)@[6,37]
g528(77,146,536)@[23,25]
g528(801,916,688)@[31,44]
g528(854,11,553)@[12,37]
g528(32,479,684)@[16,30]
g527(497,930,103,760)@[30,45]
g528(949,190,98)@[19,21]
g528(917,818,684)@[7,37]
g528(78,153,815)@[28,40]
g526(35,781)@[17,42]
g526(264,170)@[6,39]
g528(109,137,477)@[10,26]
g529(123,872,245,78)@[1,5]
g528(377,677,424)@[36,48]
g526(531,602)@[8,24]
g528(495,194,483)@[18,33]
g528(714,382,38)@[2,28]
g528(63,790,557)@[2,42]
g528(765,982,248)@[1,28]
g526(776,955)@[11,18]
g528(740,715,361)@[2,22]
g526(898,806)@[34,42]
g526(259,129)@[30,36]
g528(55,86,133)@[6,16]
g529(514,199,680,769)@[5,21]
g526(59,919)@[47,48]
g528(799,656,709)@[2,13]
g528(997,251,757)@[35,42]
g528(855,894,156)@[8,31]
g528(894,61,889)@[1,10]
g526(543,363)@[18,26]
g529(722,421,741,94)@[28,36]
g526(70,648)@[20,22]
g528(567,792,540)@[1,17]
g528(14,752,76)@[2,4]
g528(666,253,870)@[4,41]
g528(323,970,615)@[9,21]
g528(93,11,913)@[24,42]
g528(547,548,431)@[3,7]
g528(660,188,771)@[0,14]
g526(533,54)@[29,38]
g528(644,336,973)@[12,32]
g527(830,391,378,317)@[24,49]
g528(913,778,665)@[31,49]
g526(330,53)@[9,13]
g528(282,700,872)@[0,40]
g526(195,259)@[3,24]
g528(682,456,471)@[31,33]
g526(686,59)@[11,18]
g528(904,224,502)@[26,33]
g528(909,118,663)@[7,36]
g528(27,201,553)@[23,30]
g526(460,681)@[29,31]
g527(961,716,269,121)@[6,15]
g528(545,861,531)@[43,46]
g526(95,64)@[14,47]
g528(298,759,190)@[8,34]
g528(149,471,368)@[9,33]
g528(743,355,533)@[42,49]
g528(431,242,683)@[3,13]
g528(846,113,881)@[28,47]
g528(257,539,465)@[17,38]
g528(408,703,657)@[3,42]
g528(640,591,881)@[15,41]
g528(773,79,933)@[32,35]
g526(457,196)@[3,40]
g528(98,802,656)@[4,43]
g528(1,850,18)@[11,17]
g529(607,45,871,347)@[0,33]
g528(795,130,950)@[23,46]
g528(345,543,343)@[0,49]
g528(556,491,543)@[5,15]
g528(962,506,264)@[12,17]
g527(814,8,158,629)@[10,48]
g526(971,624)@[8,14]
g528(377,883,452)@[2,17]
g528(980,564,528)@[4,22]
g527(139,377,445,277)@[32,46]
g526(818,391)@[6,26]
g526(670,270)@[29,36]
g528(439,937,518)@[20,49]
g528(30,985,68)@[4,47]
g526(732,238)@[2,6]
g526(261,659)@[29,32]
g528(907,190,977)@[19,22]
g528(148,29,396)@[1,48]
g528(229,814,947)@[4,15]
g528(953,848,495)@[2,31]
g527(903,221,305,172)@[2,40]
g528(382,290,264)@[3,25]
g528(775,360,688)@[1,16]
g528(987,157,435)@[41,45]
g528(227,853,882)@[6,37]
g526(29,741)@[24,27]
g528(281,412,315)@[27,39]
g526(231,435)@[39,45]
g528(576,258,280)@[27,38]
g528(973,886,487)@[6,33]
g526(454,441)@[12,30]
g528(383,25,37)@[22,41]
g528(286,702,611)@[18,44]
g528(309,3,41)@[1,34]
g528(842,141,695)@[13,39]
g527(615,921,237,458)@[19,41]
g528(875,880,54)@[33,38]
g528(325,209,328)@[14,45]
g528(864,799,378)@[14,32]
g526(772,233)@[46,48]
g528(632,622,879)@[7,26]
g528(579,685,524)@[20,22]
g528(40,725,346)@[17,49]
g528(357,63,85)@[3,20]
g528(228,238,442)@[0,49]
g528(762,587,691)@[12,42]
g528(552,804,136)@[12,35]
g528(434,461,49)@[12,35]
g528(586,188,752)@[7,22]
g526(396,604)@[6,8]
g528(800,330,830)@[11,47]
g527(890,472,172,688)@[6,30]
g528(366,813,368)@[5,44]
g526(958,214)@[2,40]
g528(945,107,297)@[40,48]
g528(302,547,42)@[8,26]
g529(500,716,712,774)@[7,27]
g526(6,45)@[23,27]
g528(839,255,929)@[7,42]
g526(396,319)@[12,24]
g528(842,732,214)@[14,46]
g528(171,815,386)@[14,21]
g526(835,731)@[9,28]
g528(373,181,520)@[3,46]
g528(310,17,78)@[19,47]
g526(890,308)@[12,17]
g528(303,5,58)@[4,24]
g528(423,631,488)@[5,10]
g528(127,791,386)@[12,34]
g529(726,551,91,171)@[31,41]
g528(653,177,621)@[29,43]
g528(495,892,320)@[16,28]
g528(89,298,991)@[19,49]
g527(248,294,685,310)@[22,42]
g526(973,735)@[31,41]
g526(31,501)@[21,31]
g526(708,408)@[21,42]
g528(249,872,487)@[8,9]
g528(761,972,245)@[43,45]
g526(341,187)@[0,5]
g528(539,205,137)@[13,34]
g526(123,481)@[10,17]
g527(181,941,289,59)@[42,49]
g528(331,11,954)@[22,32]
g528(472,199,741)@[30,41]
g526(885,88)@[24,45]
g526(990,993)@[30,46]
g528(227,758,216)@[3,48]
g528(264,235,86)@[0,14]
g528(657,479,288)@[31,49]
g528(1,439,965)@[36,49]
g526(261,684)@[31,33]
g529(670,617,909,461)@[3,7]
g528(339,325,868)@[2,31]
g528(386,16,271)@[34,41]
g528(426,269,762)@[14,27]
g528(107,84,639)@[12,44]
g528(988,974,823)@[7,24]
g529(152,787,822,642)@[16,42]
g526(836,892)@[31,32]
g526(946,288)@[34,49]
g526(955,969)@[31,41]
g526(233,144)@[0,39]
g528(605,908,117)@[35,38]
g526(612,628)@[44,46]
g528(940,508,3)@[8,10]
g528(539,667,992)@[11,24]
g528(760,454,270)@[5,27]
g527(39,501,439,181)@[15,23]
g528(487,908,229)@[13,35]
g526(795,640)@[13,41]
g526(444,141)@[12,21]
g526(186,297)@[19,25]
g528(864,792,271)@[27,33]
g529(113,828,422,467)@[16,20]
g528(832,440,104)@[23,48]
g526(401,51)@[6,29]
g528(693,927,995)@[4,34]
g526(165,123)@[2,16]
g526(109,220)@[9,13]
g526(175,629)@[21,40]
g528(324,180,482)@[12,33]
g526(580,837)@[29,33]
g526(335,771)@[21,41]
g526(994,352)@[26,31]
g526(860,159)@[12,43]
g529(241,454,942,161)@[25,48]
g528(286,537,444)@[43,45]
g526(554,422)@[9,33]
g526(725,461)@[31,42]
g528(850,832,937)@[1,18]
g528(603,989,389)@[14,48]
g526(754,223)@[34,48]
g528(977,219,396)@[14,26]
g529(523,680,683,249)@[13,30]
g526(91,140)@[23,35]
g526(21,61)@[6,38]
g528(7,902,80)@[22,27]
g528(557,189,881)@[3,38]
g526(579,798)@[16,44]
g528(989,389,234)@[18,21]
g528(412,817,268)@[20,27]
g526(750,472)@[4,13]
g528(528,282,446)@[23,28]
g526(711,937)@[31,35]
g529(345,927,345,661)@[16,45]
g528(799,304,724)@[2,36]
g528(64,723,14)@[36,39]
g528(715,60,36)@[19,33]
g528(931,684,645)@[1,40]
g528(404,909,463)@[14,44]
g528(244,426,796)@[36,45]
g528(788,669,973)@[27,49]
g526(892,185)@[6,26]
g528(383,260,178)@[16,23]
g528(715,89,243)@[37,49]
g528(982,231,324)@[4,39]
g528(636,18,858)@[11,48]
g528(134,883,644)@[0,42]
g528(405,311,271)@[46,49]
g528(3,941,648)@[13,45]
g526(617,305)@[2,32]
g528(571,261,858)@[24,27]
g527(88,850,805,334)@[20,39]
g526(37,414)@[35,40]
g528(315,469,362)@[27,44]
g528(581,341,159)@[7,19]
g526(656,489)@[7,23]
g527(535,100,424,150)@[3,35]
g528(150,908,369)@[33,34]
g528(125,63,779)@[42,43]
g528(716,328,201)@[25,26]
g526(522,113)@[34,42]
g526(574,150)@[11,45]
g528(100,931,761)@[2,46]
g528(169,307,537)@[6,28]
g528(136,855,765)@[33,38]
g528(287,808,745)@[28,32]
g528(258,489,185)@[7,24]
g528(321,899,695)@[18,36]
g528(789,1,60)@[9,48]
g526(29,886)@[28,32]
g528(30,75,703)@[4,19]
g526(94,483)@[16,45]
g528(872,203,858)@[10,11]
g526(261,459)@[11,30]
g529(769,667,375,106)@[17,24]
g528(39,937,815)@[2,41]
g528(845,759,722)@[1,12]
g526(923,195)@[25,27]
