g528(914,14,607)@[3,46]
g526(968,545)@[17,42]
g528(504,289,359)@[26,36]
g528(999,196,178)@[7,24]
g526(129,259)@[10,45]
g526(661,709)@[19,34]
g526(808,920)@[10,22]
g528(120,620,697)@[26,37]
g528(129,210,406)@[18,27]
g528(814,738,968)@[22,40]
g526(594,151)@[14,22]
g528(696,872,94)@[6,20]
g528(181,316,849)@[31,33]
g526(803,156)@[47,48]
g528(382,583,372)@[22,43]
g528(175,5,484)@[10,27]
g528(334,230,269)@[5,30]
g528(917,8,852)@[27,30]
g528(762,728,479)@[10,20]
g527(557,63,601,382)@[3,28]
g526(766,199)@[2,32]
g528(232,638,109)@[12,21]
g526(684,32)@[12,19]
g528(444,673,598)@[11,20]
g528(597,641,424)@[44,49]
g526(7,150)@[24,44]
g528(170,592,151)@[24,48]
g527(743,591,31,759)@[8,36]
g528(902,184,510)@[6,23]
g528(685,706,564)@[7,42]
g528(229,562,86)@[22,24]
g528(121,907,555)@[5,49]
g528(999,605,50)@[32,33]
g528(480,78,936)@[15,24]
g528(42,701,5)@[11,34]
g528(934,879,893)@[16,40]
g528(361,897,918)@[11,12]
g528(112,381,952)@[8,34]
g528(378,363,656)@[29,32]
g528(329,624,772)@[9,11]
g528(803,39,585)@[0,45]
g526(861,158)@[23,44]
g528(744,456,914)@[7,37]
g528(427,208,238)@[1,16]
g528(509,808,26)@[17,23]
g528(522,600,816)@[2,13]
g528(118,77,441)@[20,42]
g526(644,790)@[8,34]
g528(90,514,867)@[7,10]
g526(81,487)@[22,37]
g528(500,511,225)@[4,46]
g528(158,516,426)@[31,42]
g526(384,53)@[34,43]
g528(139,307,6)@[13,44]
g528(42,149,258)@[19,33]
g528(395,904,713)@[21,44]
g528(808,104,91)@[2,28]
g528(199,294,229)@[33,36]
g528(286,579,771)@[6,27]
g528(788,974,724)@[3,10]
g528(238,250,657)@[13,20]
g528(279,729,934)@[7,24]
g526(937,441)@[28,33]
g529(804,0,700,106)@[10,46]
g528(132,873,770)@[37,48]
g526(103,675)@[1,12]
g528(670,138,428)@[13,18]
g528(860,842,208)@[4,25]
g527(540,385,553,128)@[5,7]
g528(50,5,333)@[10,18]
g526(318,267)@[1,29]
g528(802,902,651)@[38,41]
g526(639,411)@[2,39]
g528(653,47,735)@[23,42]
g526(15,921)@[4,39]
g528(688,684,717)@[6,49]
g528(112,548,496)@[37,48]
g528(344,755,875)@[17,49]
g526(828,171)@[16,21]
g528(235,489,143)@[5,19]
g526(629,121)@[31,42]
g526(369,766)@[2,28]
g528(346,327,247)@[4,32]
g528(411,465,914)@[13,33]
g528(968,65,551)@[24,45]
g526(643,535)@[21,31]
g528(952,11,993)@[1,24]
g526(224,152)@[28,38]
g528(673,190,587)@[20,26]
g526(936,658)@[9,44]
g529(680,505,423,36)@[8,11]
g528(992,732,118)@[26,47]
g528(114,91,990)@[21,25]
g526(487,879)@[9,46]
g528(901,516,176)@[15,18]
g528(162,381,607)@[13,38]
g528(315,49,741)@[18,35]
g528(844,154,845)@[6,7]
g528(433,95,330)@[2,30]
g527(286,978,743,743)@[26,45]
g527(355,814,876,487)@[11,40]
g528(43,44,869)@[6,46]
g528(394,612,574)@[21,26]
g528(564,924,566)@[0,23]
g528(109,137,477)@[10,26]
g528(880,155,47)@[24,26]
g526(814,455)@[2,7]
g528(555,589,882)@[34,39]
g526(312,962)@[14,19]
g528(94,123,95)@[5,28]
g528(639,605,946)@[19,41]
g528(841,911,471)@[7,22]
g528(674,970,823)@[2,9]
g528(119,370,251)@[34,48]
g528(48,831,361)@[6,40]
g526(93,620)@[4,21]
g526(920,432)@[1,39]
g529(241,533,801,613)@[29,30]
g528(559,147,983)@[25,42]
g528(559,768,717)@[4,26]
g527(373,385,663,28)@[4,7]
g528(821,8,580)@[36,40]
g528(453,33,213)@[5,23]
g528(181,231,3)@[34,43]
g528(692,726,994)@[21,43]
g528(751,454,327)@[17,48]
g528(904,622,891)@[23,38]
g528(826,979,729)@[28,30]
g526(394,45)@[5,39]
g528(959,809,981)@[6,39]
g526(869,811)@[16,26]
g526(584,14)@[21,27]
g528(937,360,297)@[4,7]
g526(226,664)@[23,43]
g528(949,555,831)@[8,49]
g526(804,315)@[0,20]
g528(392,665,253)@[14,18]
g528(538,627,522)@[11,32]
g528(152,167,410)@[10,38]
g528(6,162,174)@[16,23]
g528(208,328,331)@[0,12]
g526(67,831)@[36,39]
g526(301,312)@[4,31]
g528(324,359,197)@[4,11]
g527(479,98,97,232)@[8,16]
g527(619,28,614,319)@[21,38]
g528(725,835,194)@[4,23]
g527(290,798,193,0)@[35,48]
g528(652,93,955)@[11,31]
g528(572,544,38)@[0,41]
g528(876,108,801)@[12,33]
g526(561,75)@[19,21]
g527(677,470,454,986)@[0,1]
g528(738,640,696)@[24,32]
g526(152,312)@[0,22]
g528(644,477,827)@[22,38]
g526(847,559)@[4,20]
g528(971,23,757)@[18,32]
g528(503,747,413)@[14,25]
g528(143,506,83)@[16,25]
g528(873,355,951)@[20,32]
g528(521,685,221)@[1,4]
g528(719,990,771)@[1,16]
g528(971,96,131)@[36,46]
g528(794,623,956)@[7,16]
g528(839,888,414)@[34,42]
g528(430,674,150)@[14,34]
g528(894,764,371)@[17,33]
g528(910,997,33)@[23,34]
g528(531,729,381)@[35,44]
g526(614,438)@[34,47]
g528(791,441,966)@[11,31]
g528(260,257,240)@[33,34]
g528(819,926,630)@[6,23]
g526(277,479)@[14,39]
g528(196,271,529)@[14,40]
g528(351,465,37)@[4,7]
g528(592,466,767)@[32,40]
g528(692,582,135)@[25,34]
g526(878,190)@[29,44]
g526(714,387)@[13,23]
g526(189,745)@[7,18]
g528(33,576,33)@[38,45]
g528(594,238,140)@[14,37]
g528(733,655,565)@[0,3]
g528(89,298,991)@[19,49]
g526(54,476)@[31,33]
g526(177,122)@[24,44]
g526(212,973)@[20,43]
g529(178,414,778,759)@[5,26]
g526(991,641)@[12,18]
g526(905,708)@[30,42]
g526(493,297)@[19,47]
g526(332,36)@[21,29]
g528(939,398,990)@[28,35]
g528(662,295,659)@[11,23]
g526(946,580)@[16,25]
g526(525,840)@[14,26]
g528(953,641,720)@[25,33]
g528(532,711,748)@[5,49]
g528(534,676,314)@[47,48]
g528(446,184,504)@[31,33]
g526(921,44)@[7,42]
g528(660,19,380)@[9,23]
g526(20,14)@[31,45]
g528(842,141,695)@[13,39]
g528(346,891,432)@[25,46]
g528(78,504,961)@[43,49]
g528(327,429,50)@[34,35]
g528(380,857,225)@[30,45]
g526(762,638)@[22,23]
g527(717,931,645,684)@[3,30]
g526(150,804)@[13,22]
g529(666,944,862,275)@[6,11]
g528(684,482,855)@[6,49]
g526(12,732)@[10,44]
g526(587,682)@[32,46]
g528(227,858,105)@[26,38]
g528(758,233,896)@[0,30]
g528(827,598,462)@[20,32]
g528(984,810,946)@[27,35]
g526(862,141)@[25,34]
g526(877,304)@[18,46]
g526(649,94)@[13,27]
g528(638,294,865)@[10,24]
g526(257,443)@[21,42]
g528(112,812,515)@[9,19]
g528(278,956,831)@[15,39]
g528(868,593,857)@[19,43]
g528(133,475,428)@[12,13]
g528(379,628,182)@[15,30]
g526(640,691)@[6,21]
g528(511,253,939)@[6,18]
g528(41,302,423)@[8,40]
g528(746,454,817)@[20,46]
g526(591,566)@[28,30]
g527(166,367,802,528)@[39,43]
g528(959,17,855)@[11,20]
g528(901,259,663)@[26,40]
g528(546,259,890)@[27,38]
g528(937,193,929)@[10,43]
g528(990,714,354)@[16,46]
g526(203,839)@[9,25]
g528(668,702,777)@[6,34]
g528(521,271,160)@[27,30]
g528(152,460,111)@[2,38]
g528(17,50,944)@[14,34]
g528(607,123,517)@[9,22]
g526(579,953)@[26,42]
g528(940,701,875)@[38,43]
g526(27,667)@[9,13]
g528(755,226,260)@[29,36]
g529(574,357,745,736)@[20,24]
g529(654,64,783,17)@[0,16]
g528(995,998,909)@[1,4]
g526(647,100)@[26,43]
g528(562,705,234)@[29,45]
g528(753,26,954)@[1,47]
g526(872,763)@[10,38]
g526(294,561)@[8,36]
g528(255,767,289)@[25,41]
g527(586,958,846,486)@[5,15]
g528(154,952,16)@[19,44]
g526(370,190)@[16,38]
g528(165,298,638)@[14,15]
g526(31,75)@[11,48]
g528(655,832,355)@[29,32]
g528(573,954,392)@[8,24]
g526(322,455)@[2,36]
g528(585,22,718)@[2,24]
g528(21,249,326)@[9,34]
g528(478,569,163)@[25,26]
g528(61,475,707)@[33,46]
g528(187,912,700)@[1,22]
g528(393,459,16)@[6,9]
g528(113,664,857)@[8,39]
g528(28,897,84)@[0,22]
g528(294,510,124)@[14,35]
g526(138,959)@[13,48]
g528(497,905,362)@[3,41]
g528(392,479,970)@[33,34]
g528(640,687,591)@[22,36]
g526(844,356)@[11,44]
g526(570,268)@[19,28]
g528(692,28,636)@[0,8]
g526(729,299)@[21,22]
g526(622,472)@[16,19]
g526(478,692)@[15,32]
g528(986,756,795)@[0,7]
g528(647,422,942)@[1,37]
g528(159,51,166)@[26,34]
g527(370,667,766,972)@[9,35]
g528(211,665,516)@[34,46]
g527(890,204,141,231)@[36,42]
g528(68,320,125)@[3,11]
g528(611,773,835)@[2,48]
g528(520,885,315)@[33,44]
g528(994,133,352)@[3,14]
g529(970,594,769,514)@[1,15]
g526(763,833)@[17,37]
g527(980,546,465,44)@[20,37]
g528(95,129,579)@[4,12]
g528(950,865,235)@[33,36]
g528(799,956,270)@[6,27]
g528(674,182,686)@[11,27]
g528(37,931,524)@[33,44]
g528(161,951,368)@[10,49]
g528(791,471,228)@[28,43]
g528(793,865,325)@[5,30]
g528(531,344,309)@[3,43]
g528(71,155,818)@[26,40]
g528(309,464,580)@[8,21]
g526(829,443)@[6,16]
g526(952,57)@[37,45]
g528(22,694,472)@[3,10]
g528(892,893,386)@[6,20]
g528(632,350,589)@[42,43]
g526(684,661)@[15,44]
g528(245,881,17)@[31,39]
g526(699,751)@[13,23]
g528(338,586,573)@[16,34]
g526(878,179)@[43,46]
g528(730,54,881)@[8,25]
g528(639,783,637)@[3,4]
g528(686,742,162)@[31,44]
g528(703,812,951)@[12,29]
g526(822,238)@[17,33]
g528(312,838,242)@[12,49]
g528(838,561,669)@[26,43]
g528(679,53,754)@[10,15]
g528(889,297,474)@[6,24]
g528(58,536,907)@[0,14]
g529(950,62,113,767)@[7,46]
g528(536,778,813)@[0,13]
g528(683,549,574)@[32,39]
g528(261,188,308)@[13,39]
g527(355,556,775,794)@[15,20]
g526(234,852)@[31,37]
g526(114,723)@[22,47]
g528(996,572,558)@[31,49]
g526(698,75)@[26,35]
g528(944,380,25)@[3,42]
g528(592,750,113)@[15,21]
g528(200,378,667)@[0,4]
g528(602,598,954)@[16,22]
g526(2,835)@[11,15]
g528(994,474,659)@[18,48]
g528(117,267,671)@[14,45]
g528(252,641,457)@[0,22]
g528(512,215,30)@[16,31]
g526(679,571)@[3,46]
g526(376,832)@[37,39]
g528(786,936,40)@[14,27]
g526(97,28)@[16,46]
g528(957,821,4)@[15,42]
g526(277,91)@[30,49]
g528(264,648,837)@[16,23]
g528(63,986,334)@[25,39]
g528(511,874,803)@[23,44]
g528(291,460,168)@[30,44]
g528(84,110,942)@[6,38]
g528(248,415,921)@[29,31]
g526(99,379)@[33,35]
g528(270,455,331)@[34,35]
g528(41,39,591)@[33,42]
g526(86,327)@[0,44]
g528(319,661,684)@[17,45]
g528(377,185,959)@[20,47]
g528(992,390,278)@[26,47]
g528(117,391,640)@[26,30]
g528(135,554,82)@[22,32]
g526(766,106)@[17,23]
g528(921,152,185)@[5,22]
g528(165,158,804)@[40,41]
g526(121,71)@[31,33]
g528(368,683,630)@[25,45]
g528(233,597,391)@[8,45]
g527(14,468,718,811)@[9,13]
g528(534,606,300)@[1,12]
g528(703,57,647)@[3,6]
g528(494,240,600)@[1,35]
g528(739,117,868)@[37,38]
g528(9,609,501)@[6,34]
g528(152,895,585)@[29,35]
g528(323,855,285)@[2,41]
g526(626,639)@[17,38]
g528(73,116,433)@[2,39]
g528(832,747,105)@[6,32]
g528(663,263,105)@[14,20]
g528(547,850,872)@[5,39]
g527(609,205,378,684)@[24,44]
g528(522,699,303)@[7,29]
g526(995,783)@[0,24]
g529(45,571,757,436)@[4,25]
g528(668,857,5)@[13,33]
g528(831,895,867)@[7,37]
g528(131,516,853)@[25,29]
g528(549,398,552)@[5,21]
g528(606,786,773)@[2,34]
g526(602,44)@[40,43]
g526(938,822)@[34,39]
g528(733,403,196)@[5,26]
g527(791,519,418,271)@[19,39]
g527(303,536,294,706)@[0,25]
g526(818,719)@[0,18]
g528(684,963,965)@[7,9]
g528(581,992,112)@[38,47]
g528(75,283,31)@[29,35]
g528(603,12,84)@[9,38]
g526(495,4)@[19,46]
g528(170,995,780)@[12,22]
g528(156,719,83)@[1,34]
g528(617,431,324)@[12,15]
g528(316,702,423)@[2,15]
g528(581,25,419)@[15,43]
g528(440,546,860)@[13,19]
g528(981,775,26)@[19,21]
g528(401,741,29)@[9,30]
g526(919,117)@[12,24]
g528(131,816,27)@[16,30]
g526(944,170)@[18,23]
g528(279,231,139)@[21,38]
g528(315,950,726)@[24,40]
g527(69,898,974,136)@[21,46]
g526(946,255)@[0,21]
g528(717,820,172)@[1,5]
g528(304,198,868)@[5,7]
g528(862,789,602)@[20,38]
g528(387,227,169)@[12,39]
g526(668,777)@[25,43]
g528(484,131,368)@[22,38]
g528(175,830,401)@[36,46]
g528(698,789,201)@[5,37]
g527(361,364,629,775)@[42,49]
g528(79,692,352)@[19,24]
g526(51,566)@[10,27]
g528(153,128,329)@[29,37]
g528(235,585,564)@[22,43]
g528(913,464,561)@[12,48]
g526(305,585)@[26,29]
g528(660,375,199)@[6,22]
g528(993,220,735)@[10,37]
g528(879,200,187)@[19,32]
g528(194,980,184)@[5,19]
g529(849,644,700,44)@[13,19]
g528(993,768,89)@[39,44]
g528(22,772,888)@[8,45]
g526(534,727)@[39,41]
g528(594,884,901)@[6,12]
g526(160,633)@[0,19]
g526(354,566)@[1,11]
g527(262,648,891,834)@[29,41]
g526(31,123)@[18,27]
g526(567,9)@[11,42]
g527(242,353,838,312)@[29,44]
g528(144,568,883)@[21,48]
g526(992,195)@[3,7]
g527(10,965,576,86)@[0,24]
g528(477,146,854)@[37,48]
g528(168,213,467)@[42,49]
g528(486,909,791)@[11,35]
g528(844,289,933)@[7,33]
g528(474,897,701)@[21,26]
g526(941,642)@[24,36]
g526(521,717)@[28,49]
g528(944,434,621)@[3,23]
g527(829,393,840,943)@[2,43]
g526(296,206)@[1,29]
g528(896,93,482)@[25,38]
g528(956,93,935)@[17,47]
g528(989,389,234)@[18,21]
g527(145,663,957,272)@[4,48]
g528(476,405,621)@[31,44]
g528(15,612,921)@[9,34]
g528(120,181,170)@[18,25]
g528(304,273,226)@[4,31]
g526(558,634)@[14,32]
g528(305,219,361)@[0,24]
g528(461,555,656)@[24,43]
g526(490,29)@[0,3]
g528(443,21,134)@[8,30]
g526(670,461)@[6,39]
g528(126,905,371)@[7,24]
g526(940,197)@[3,12]
g528(403,544,229)@[4,12]
g528(284,595,349)@[1,31]
g528(780,176,756)@[2,9]
g528(996,79,493)@[2,10]
g528(324,180,482)@[12,33]
g526(749,428)@[20,43]
g527(721,697,819,540)@[7,11]
g528(825,45,543)@[18,21]
g528(303,186,468)@[22,47]
g526(223,563)@[4,39]
g528(300,497,810)@[8,18]
g529(314,3,63,863)@[25,41]
g528(852,947,602)@[25,35]
g528(872,133,77)@[7,38]
g526(898,572)@[13,41]
g528(640,905,158)@[6,26]
g528(685,645,88)@[4,38]
g528(170,58,809)@[3,24]
g528(523,865,51)@[25,49]
g526(458,974)@[28,45]
g528(609,965,371)@[14,20]
g526(26,714)@[2,8]
g528(135,595,944)@[15,49]
g528(732,907,620)@[3,44]
g529(783,502,375,162)@[14,41]
g529(920,24,936,830)@[7,20]
g528(685,161,450)@[27,46]
g528(956,693,571)@[4,33]
g526(711,50)@[17,46]
g528(348,625,480)@[4,15]
g528(428,801,235)@[18,41]
g526(645,903)@[18,36]
g528(609,189,337)@[16,27]
g528(545,69,363)@[3,23]
g529(660,592,429,806)@[7,19]
g529(468,363,282,76)@[41,44]
g527(986,931,955,835)@[6,34]
g527(853,267,493,385)@[5,11]
g528(48,262,753)@[0,22]
g527(601,190,816,608)@[5,32]
g526(311,384)@[4,49]
g528(33,301,169)@[23,24]
g526(364,936)@[25,36]
g528(603,606,172)@[25,28]
g526(190,411)@[27,44]
g526(765,32)@[3,35]
g528(238,34,740)@[20,22]
g529(308,272,854,301)@[1,37]
g528(279,246,198)@[3,24]
g528(136,855,765)@[33,38]
g528(391,841,264)@[4,31]
g528(297,366,131)@[12,24]
g528(651,541,8)@[16,38]
g526(722,94)@[24,39]
g527(76,294,187,298)@[29,43]
g528(368,202,360)@[46,49]
g528(993,55,697)@[20,42]
g528(509,24,533)@[4,6]
g529(171,155,633,103)@[8,30]
g528(111,562,155)@[13,25]
g528(83,596,650)@[11,18]
g526(195,730)@[26,27]
g526(495,729)@[0,22]
g526(90,669)@[33,46]
g528(987,658,780)@[15,48]
g526(920,941)@[13,19]
g527(879,84,12,258)@[8,19]
g528(367,723,130)@[41,43]
g526(28,488)@[16,19]
g526(443,596)@[23,42]
g526(257,457)@[18,37]
g526(217,581)@[21,42]
g528(166,119,202)@[9,14]
g528(703,195,364)@[12,40]
g528(647,720,70)@[31,39]
g528(286,339,795)@[25,32]
g528(146,618,788)@[4,7]
g528(883,85,926)@[10,37]
g528(517,835,60)@[9,42]
g527(736,916,332,179)@[11,34]
g528(69,867,9)@[4,16]
g526(629,371)@[1,22]
g528(335,204,679)@[21,28]
g529(728,366,632,167)@[34,36]
g528(694,860,112)@[16,39]
g526(407,351)@[3,18]
g528(552,815,915)@[18,33]
g526(579,713)@[5,23]
g528(371,851,522)@[27,46]
g528(778,867,358)@[17,18]
g528(802,418,360)@[1,36]
g528(361,670,22)@[11,38]
g528(54,431,990)@[19,38]
g528(652,425,567)@[13,39]
g526(801,783)@[24,44]
g528(895,626,462)@[5,9]
g528(311,942,620)@[29,35]
g527(214,193,465,772)@[6,22]
g528(276,905,145)@[17,32]
g528(770,431,972)@[42,47]
g526(693,416)@[21,24]
g528(742,950,114)@[2,48]
g528(199,12,457)@[13,35]
g528(257,22,491)@[33,34]
g528(548,169,25)@[18,46]
g528(841,481,896)@[6,45]
g526(286,63)@[2,24]
g528(642,460,457)@[29,43]
g526(423,702)@[41,49]
g526(441,416)@[44,49]
g528(800,525,538)@[26,47]
g529(472,90,251,274)@[7,25]
g528(56,221,165)@[8,38]
g526(700,644)@[1,37]
g528(502,894,734)@[27,42]
g526(346,959)@[8,43]
g528(873,195,773)@[7,43]
g526(201,900)@[20,36]
g528(736,166,816)@[5,18]
g528(795,988,872)@[0,16]
g528(171,900,328)@[26,32]
g528(248,15,964)@[4,37]
g528(986,869,733)@[6,34]
g526(37,440)@[26,31]
g528(346,680,895)@[14,15]
g528(283,443,839)@[0,2]
g528(738,857,685)@[13,41]
g528(511,531,435)@[9,13]
g528(13,974,273)@[1,35]
g528(347,46,536)@[30,39]
g528(633,138,661)@[8,19]
g526(418,352)@[9,16]
g528(933,800,717)@[11,45]
g526(367,802)@[9,46]
g528(882,980,125)@[39,47]
g528(687,165,386)@[28,35]
g528(459,615,427)@[15,28]
g528(110,803,602)@[27,39]
g528(785,70,501)@[17,39]
g528(382,290,264)@[3,25]
g528(692,418,692)@[3,23]
g526(414,250)@[7,34]
g528(183,979,431)@[9,20]
g527(199,145,375,660)@[16,21]
g528(148,22,735)@[6,44]
g528(992,132,686)@[5,13]
g528(434,44,498)@[2,28]
g528(877,688,265)@[1,26]
g528(653,45,192)@[14,29]
g526(191,587)@[29,48]
g528(753,115,346)@[22,34]
g528(869,742,195)@[28,45]
g528(923,523,690)@[32,39]
g528(466,165,998)@[24,46]
g528(715,244,881)@[12,44]
g528(836,987,894)@[6,11]
g526(35,209)@[45,49]
g528(297,163,407)@[26,41]
g528(908,670,699)@[39,40]
g528(563,562,325)@[8,10]
g528(332,323,955)@[3,48]
g528(906,985,558)@[0,11]
g528(634,304,929)@[7,33]
g526(197,881)@[29,44]
g526(710,34)@[6,21]
g528(141,196,91)@[24,30]
g526(795,911)@[24,40]
g528(689,305,393)@[12,45]
g526(713,8)@[4,40]
g526(802,605)@[11,14]
g528(842,948,308)@[26,28]
g528(291,967,681)@[7,13]
g526(162,639)@[19,45]
g526(894,908)@[7,21]
g527(790,804,315,398)@[11,17]
g527(744,579,610,759)@[13,49]
g528(244,148,48)@[16,36]
g526(949,694)@[12,20]
g526(712,687)@[10,16]
g526(136,601)@[25,44]
g528(157,957,617)@[3,11]
g527(50,726,51,504)@[8,47]
g528(743,228,73)@[4,46]
g528(390,253,458)@[26,41]
g528(74,996,351)@[13,37]
g526(383,591)@[26,43]
g528(590,239,788)@[1,16]
g526(135,590)@[6,13]
g526(370,564)@[11,29]
g528(221,923,11)@[17,43]
g528(822,958,687)@[1,33]
g526(472,415)@[14,24]
g528(294,716,447)@[11,49]
g528(679,851,825)@[35,40]
g528(705,366,541)@[3,7]
g527(21,980,655,482)@[7,39]
g528(330,200,759)@[13,19]
g528(822,70,113)@[38,43]
g529(448,617,747,601)@[9,17]
g526(350,489)@[29,47]
g526(351,208)@[10,40]
g528(163,115,966)@[10,40]
g527(382,331,176,779)@[29,31]
g528(316,682,810)@[21,36]
g528(459,330,178)@[4,49]
g528(495,960,290)@[8,36]
g527(221,135,163,605)@[0,6]
g526(542,974)@[43,49]
g526(313,950)@[35,49]
g528(127,531,584)@[1,9]
g528(378,484,959)@[27,30]
g526(875,519)@[8,38]
g528(627,905,993)@[8,46]
g529(216,4,761,798)@[14,40]
g526(433,720)@[14,25]
g528(788,356,627)@[19,26]
g526(773,104)@[22,43]
g526(436,262)@[21,29]
g528(382,964,694)@[10,14]
g528(975,59,964)@[10,17]
g528(92,970,473)@[2,46]
g528(694,125,685)@[3,5]
g528(750,892,218)@[30,42]
g528(868,462,194)@[25,38]
g526(414,587)@[3,23]
g526(979,675)@[25,42]
g528(694,238,361)@[0,30]
g528(428,637,17)@[5,22]
g528(20,65,15)@[24,41]
g528(36,578,582)@[13,39]
g528(853,23,515)@[37,43]
g528(84,258,12)@[9,13]
g529(74,900,195,72)@[2,16]
g526(757,112)@[24,47]
g528(684,922,407)@[2,42]
g528(190,713,799)@[20,34]
g528(597,324,886)@[48,49]
g528(521,497,511)@[6,16]
g528(692,944,17)@[28,40]
g526(358,884)@[20,44]
g528(328,279,866)@[1,33]
g528(355,355,271)@[5,37]
g528(913,535,463)@[9,47]
g528(240,873,736)@[18,49]
g528(970,411,638)@[22,30]
g528(971,221,324)@[1,18]
g528(690,355,246)@[12,34]
g528(140,253,847)@[22,46]
g528(74,647,428)@[20,37]
g526(347,222)@[8,11]
g528(486,917,533)@[17,36]
g528(155,167,84)@[6,20]
g527(96,88,327,506)@[0,35]
g526(224,659)@[4,38]
g528(428,781,911)@[19,49]
g528(466,241,549)@[16,47]
g528(809,237,289)@[1,26]
g528(876,687,194)@[23,39]
g526(686,137)@[23,43]
g526(764,252)@[16,31]
g526(778,877)@[18,38]
g528(980,706,447)@[12,23]
g526(526,798)@[6,48]
g526(431,620)@[16,31]
g528(884,592,106)@[35,48]
g526(664,815)@[15,17]
g526(923,616)@[1,23]
g526(452,610)@[1,40]
g527(584,13,137,571)@[13,37]
g529(607,45,871,347)@[0,33]
g528(612,870,750)@[22,33]
g528(862,644,836)@[16,36]
g526(832,354)@[12,21]
g526(541,146)@[12,40]
g526(172,603)@[8,11]
g526(405,291)@[12,33]
g528(876,57,949)@[1,10]
g526(414,475)@[41,44]
g526(804,506)@[5,15]
g528(183,223,821)@[18,38]
g526(880,625)@[2,39]
g528(706,235,267)@[32,41]
g528(671,401,364)@[12,46]
g528(69,283,939)@[37,41]
g528(226,730,390)@[45,49]
g526(809,616)@[11,41]
g528(712,643,467)@[10,49]
g528(574,184,403)@[17,27]
g528(484,54,979)@[28,43]
g528(234,563,199)@[8,26]
g527(464,150,206,972)@[21,32]
g526(421,576)@[3,27]
g528(367,538,775)@[25,29]
g526(51,228)@[13,36]
g529(460,314,885,681)@[32,40]
g528(404,604,339)@[1,28]
g528(951,151,267)@[2,33]
g526(20,55)@[32,37]
g526(857,97)@[12,44]
g528(142,425,719)@[14,40]
g527(485,193,987,927)@[14,49]
g526(928,560)@[2,20]
g528(407,30,826)@[6,37]
g526(856,800)@[14,48]
g528(97,635,196)@[5,31]
g526(391,451)@[11,38]
g526(99,606)@[12,28]
g526(248,830)@[41,46]
g528(994,67,214)@[5,41]
g527(181,965,963,587)@[36,39]
g528(832,440,104)@[23,48]
g526(539,374)@[21,26]
g528(487,869,254)@[37,42]
g528(248,736,2)@[10,38]
g526(914,261)@[41,48]
g528(171,632,97)@[5,32]
g528(748,344,510)@[0,44]
g528(41,59,544)@[17,37]
g528(177,105,267)@[11,44]
g528(660,315,118)@[38,49]
g528(861,242,252)@[5,14]
g528(576,261,377)@[4,13]
g528(372,144,965)@[10,45]
g528(849,203,994)@[25,47]
g528(749,183,429)@[26,48]
g528(681,998,76)@[42,45]
g528(917,88,805)@[21,33]
g528(846,30,631)@[20,44]
g527(363,414,536,69)@[29,34]
g528(396,867,245)@[29,35]
g526(46,46)@[22,37]
g526(459,1)@[26,32]
g528(168,461,234)@[3,45]
g528(549,278,884)@[7,38]
g529(125,169,376,623)@[24,45]
g528(847,754,24)@[10,36]
g528(100,386,990)@[11,48]
g528(91,450,805)@[17,26]
g528(304,34,220)@[20,29]
g528(664,451,893)@[9,38]
g528(711,786,12)@[24,39]
g528(219,237,412)@[11,33]
g528(999,877,287)@[39,45]
g528(48,600,211)@[25,39]
g528(560,716,502)@[8,31]
g528(731,317,518)@[15,48]
g528(670,412,546)@[6,25]
g526(894,103)@[5,7]
g528(928,875,327)@[12,47]
g528(228,377,244)@[11,45]
g528(240,513,197)@[38,39]
g528(882,642,222)@[16,35]
g526(969,41)@[17,47]
g528(272,438,702)@[21,27]
g528(592,407,129)@[10,27]
g528(203,669,401)@[0,44]
g528(631,13,935)@[7,41]
g528(178,395,933)@[14,34]
g528(702,331,893)@[16,32]
g528(81,840,942)@[32,48]
g528(676,316,151)@[2,40]
g528(974,823,463)@[34,37]
g528(496,746,334)@[21,29]
g528(81,882,675)@[37,48]
g528(116,437,176)@[2,4]
g528(543,558,509)@[16,48]
g528(270,187,377)@[14,34]
g528(623,327,440)@[10,19]
g526(391,3)@[7,31]
g526(660,204)@[2,34]
g528(5,855,811)@[12,46]
g526(191,645)@[21,27]
g526(492,396)@[23,40]
g527(652,419,799,204)@[9,43]
g528(541,245,625)@[21,24]
g526(409,230)@[11,32]
g528(517,497,556)@[8,27]
g528(927,927,697)@[40,48]
g528(987,976,894)@[1,6]
g528(218,291,648)@[22,40]
g528(6,454,574)@[16,22]
g528(639,389,732)@[16,21]
g529(367,150,933,971)@[9,45]
g528(121,948,242)@[34,39]
g526(836,860)@[32,33]
g528(991,944,972)@[27,28]
g528(495,143,341)@[6,7]
g528(999,420,914)@[22,47]
g528(515,752,672)@[4,20]
g528(404,174,731)@[2,45]
g527(674,548,835,78)@[2,30]
g527(228,803,952,952)@[33,38]
g526(307,390)@[25,47]
g526(45,533)@[18,26]
g526(310,602)@[13,47]
g528(375,380,361)@[33,44]
g526(644,198)@[9,43]
g526(35,502)@[6,7]
g528(431,703,143)@[27,42]
g528(687,499,43)@[11,28]
g528(966,963,582)@[12,41]
g528(191,753,709)@[5,17]
g528(774,43,149)@[3,10]
g528(546,43,725)@[7,48]
g528(190,589,671)@[7,48]
g526(433,859)@[5,41]
g528(937,142,990)@[36,44]
g528(823,875,837)@[6,35]
g526(706,830)@[24,35]
g528(880,114,362)@[33,35]
g526(843,394)@[10,19]
g528(654,731,523)@[27,28]
g528(417,287,821)@[37,43]
g526(71,598)@[2,19]
g528(262,953,828)@[5,18]
g528(655,249,839)@[8,49]
g526(301,695)@[9,33]
g528(514,969,215)@[17,49]
g526(88,497)@[9,38]
g528(327,955,472)@[30,38]
g528(137,77,685)@[31,42]
g528(252,800,199)@[0,1]
g528(846,199,649)@[7,46]
g528(855,128,332)@[6,18]
g528(972,930,145)@[19,20]
g526(536,46)@[17,41]
g526(543,841)@[37,45]
g528(663,688,890)@[29,43]
g526(809,88)@[3,5]
g528(782,69,407)@[26,42]
g528(739,439,634)@[24,28]
g528(462,440,271)@[37,40]
g528(315,593,867)@[17,21]
g528(377,83,457)@[8,24]
g528(378,667,554)@[1,17]
g528(241,120,886)@[9,49]
g528(837,242,338)@[3,18]
g528(365,243,229)@[5,41]
g528(633,43,253)@[8,12]
g528(517,462,566)@[17,25]
g528(806,48,648)@[39,49]
g526(373,949)@[8,35]
g528(638,656,911)@[27,32]
g526(311,288)@[7,34]
g528(535,986,176)@[3,37]
g528(534,863,600)@[26,48]
g527(584,107,614,681)@[19,29]
g528(472,856,893)@[4,36]
g528(777,437,279)@[0,3]
g527(988,683,719,325)@[12,21]
g526(337,869)@[35,41]
g528(560,638,912)@[12,16]
g528(432,158,542)@[2,6]
g528(732,483,214)@[12,44]
g528(190,431,12)@[42,47]
g528(237,925,268)@[7,36]
g528(495,216,31)@[13,44]
g528(366,709,665)@[5,16]
g526(591,562)@[19,45]
g526(354,380)@[5,29]
g528(591,335,135)@[18,34]
g526(428,908)@[21,45]
g528(100,703,928)@[16,48]
g528(883,867,938)@[11,44]
g528(881,628,372)@[1,30]
g528(976,351,44)@[33,46]
g527(659,425,487,572)@[12,33]
g526(434,82)@[32,39]
g528(404,926,694)@[0,42]
g528(985,25,651)@[3,10]
g528(216,313,795)@[22,39]
g526(22,109)@[11,21]
g526(920,621)@[1,20]
g528(638,169,384)@[2,29]
g526(883,159)@[15,43]
g528(842,996,36)@[3,47]
g526(56,478)@[4,38]
g526(887,483)@[1,33]
g528(472,216,176)@[6,24]
g526(680,199)@[21,47]
g528(734,371,948)@[11,40]
g526(708,561)@[30,32]
g528(780,620,227)@[16,18]
g526(858,833)@[21,38]
g528(345,652,20)@[1,6]
g528(491,802,565)@[32,39]
g528(952,948,351)@[14,45]
g528(436,561,294)@[19,34]
g526(174,355)@[2,45]
g528(539,477,718)@[0,41]
g528(216,897,754)@[32,35]
g526(182,478)@[32,45]
g528(738,977,797)@[47,48]
g526(775,977)@[36,37]
g528(431,706,155)@[3,32]
g528(559,994,678)@[19,44]
g527(440,946,327,623)@[0,31]
g528(204,64,678)@[13,28]
g528(120,138,491)@[13,40]
g528(677,84,222)@[6,24]
g528(200,401,866)@[24,40]
g526(961,888)@[33,36]
g528(16,582,101)@[7,20]
g528(605,840,461)@[0,27]
g526(132,444)@[9,17]
g528(679,227,710)@[1,19]
g528(286,852,821)@[14,16]
g528(558,759,116)@[25,49]
g526(295,414)@[23,29]
g528(619,929,828)@[29,36]
g529(969,234,337,980)@[9,49]
g528(862,555,227)@[7,22]
g528(137,398,83)@[24,39]
g528(809,217,989)@[36,37]
g527(165,901,626,211)@[13,46]
g528(152,403,907)@[24,44]
g526(294,1)@[3,7]
g528(982,302,822)@[28,43]
g528(397,506,987)@[4,37]
g528(101,191,828)@[6,24]
g528(757,23,378)@[43,44]
g528(781,145,720)@[13,44]
g528(462,791,909)@[41,49]
g528(454,891,493)@[31,34]
g528(438,701,410)@[6,48]
g528(358,929,55)@[30,46]
g528(394,716,858)@[0,13]
g528(596,536,383)@[10,26]
g528(479,839,447)@[0,33]
g528(398,797,672)@[1,19]
g528(189,431,230)@[1,30]
g528(44,449,652)@[19,21]
g528(59,289,181)@[8,10]
g528(801,44,81)@[16,38]
g528(340,197,1)@[15,40]
g528(851,686,669)@[34,42]
g526(99,517)@[13,16]
g528(108,72,522)@[27,45]
g528(977,678,846)@[17,35]
g528(833,623,125)@[5,25]
g528(956,685,728)@[28,31]
g528(571,769,180)@[31,37]
g528(692,860,27)@[18,37]
g526(221,150)@[25,48]
g528(695,665,497)@[25,40]
g527(318,493,752,9)@[12,15]
g528(406,200,488)@[4,44]
g529(606,277,832,579)@[9,11]
g528(248,710,927)@[18,21]
g527(950,312,852,188)@[19,29]
g528(754,449,733)@[30,47]
g527(725,53,237,90)@[20,27]
g529(896,279,942,7)@[3,15]
g527(227,636,487,620)@[29,34]
g529(425,790,708,54)@[4,19]
g528(142,963,165)@[14,46]
g528(623,736,741)@[8,20]
g528(701,312,232)@[47,48]
g528(535,887,516)@[4,20]
g528(780,103,329)@[35,36]
g528(455,823,664)@[5,25]
g528(291,562,312)@[13,17]
g528(423,553,125)@[9,49]
g527(368,707,954,919)@[1,25]
g528(704,790,586)@[44,49]
g528(138,805,651)@[24,27]
g528(504,475,154)@[2,22]
g528(184,616,817)@[19,21]
g528(844,112,349)@[35,46]
g526(74,407)@[33,49]
g528(542,712,379)@[1,30]
g528(815,18,213)@[9,26]
g528(715,828,661)@[19,34]
g526(35,977)@[17,34]
g526(999,806)@[5,23]
g528(830,564,257)@[13,24]
g528(59,802,514)@[25,40]
g529(929,945,283,632)@[34,47]
g527(255,875,288,438)@[47,49]
g529(89,874,37,967)@[24,40]
g526(464,698)@[8,26]
g528(424,709,656)@[2,8]
g526(767,134)@[35,37]
g528(969,15,379)@[36,40]
g528(459,934,462)@[0,44]
g526(527,962)@[37,39]
g528(501,16,961)@[2,33]
g528(318,446,805)@[5,44]
g528(15,964,219)@[34,40]
g528(103,528,132)@[20,35]
g528(303,329,165)@[10,39]
g526(99,92)@[7,41]
g528(885,681,314)@[8,9]
g527(181,941,289,59)@[42,49]
g527(6,587,954,457)@[11,45]
g526(759,174)@[5,27]
g528(406,386,966)@[3,47]
g528(559,901,648)@[24,44]
g527(214,394,468,992)@[15,39]
g528(944,698,412)@[12,49]
g528(635,111,440)@[29,36]
g526(776,650)@[28,35]
g528(93,159,26)@[21,24]
g526(354,359)@[2,31]
g528(998,11,81)@[11,28]
g528(584,765,872)@[1,15]
g528(343,19,174)@[27,45]
g528(953,848,495)@[2,31]
g528(670,647,983)@[6,7]
g528(240,19,654)@[9,37]
g528(46,214,236)@[19,34]
g528(512,790,474)@[1,20]
g528(551,232,565)@[0,35]
g526(669,476)@[3,25]
g528(875,904,621)@[23,39]
g526(314,864)@[20,33]
g528(532,82,279)@[20,22]
g528(428,469,204)@[9,28]
g528(472,707,423)@[21,47]
g528(31,955,579)@[29,36]
g526(124,50)@[28,36]
g528(61,516,707)@[6,12]
g528(986,638,480)@[12,45]
g529(846,242,121,948)@[8,42]
g526(847,98)@[27,42]
g528(880,968,60)@[12,33]
g528(296,13,36)@[8,38]
g528(692,587,204)@[13,29]
g528(85,392,655)@[6,36]
g527(72,630,232,471)@[2,4]
g528(812,276,110)@[25,33]
g526(105,4)@[24,40]
g528(785,964,874)@[23,33]
g528(112,364,532)@[10,49]
g528(367,536,903)@[10,32]
g527(234,406,541,348)@[12,44]
g529(743,727,926,908)@[4,34]
g528(839,330,440)@[13,36]
g528(981,94,877)@[0,34]
g526(307,729)@[42,46]
g526(831,132)@[2,45]
g526(958,756)@[1,11]
g528(557,366,301)@[20,23]
g528(458,164,53)@[13,43]
g528(515,894,960)@[41,47]
g526(43,473)@[15,21]
g528(966,439,733)@[10,21]
g528(882,183,736)@[1,25]
g528(333,967,47)@[37,45]
g528(70,401,287)@[12,47]
g528(477,556,855)@[8,12]
g526(903,804)@[24,33]
g528(870,187,700)@[0,1]
g528(992,952,963)@[24,47]
g528(139,382,829)@[13,27]
g528(28,973,834)@[12,16]
g526(207,382)@[2,26]
g528(997,34,31)@[37,48]
g528(686,551,215)@[8,35]
g528(566,844,244)@[24,34]
g528(942,163,452)@[14,45]
g528(177,111,135)@[20,41]
g529(230,504,526,56)@[8,46]
g528(127,345,330)@[24,48]
g527(479,221,402,80)@[0,1]
g528(285,910,845)@[32,35]
g528(368,932,972)@[12,25]
g527(860,890,950,440)@[4,27]
g526(511,458)@[30,40]
g528(459,566,502)@[7,28]
g527(533,929,928,105)@[32,34]
g528(599,165,83)@[15,37]
g528(617,137,51)@[6,15]
g526(168,124)@[30,39]
g528(49,601,734)@[5,33]
g526(854,146)@[1,46]
g526(513,269)@[48,49]
g528(288,446,401)@[21,48]
g526(818,294)@[11,16]
g526(692,54)@[24,43]
g528(862,706,375)@[9,13]
g528(672,456,795)@[26,36]
g528(161,274,895)@[9,46]
g528(682,963,654)@[0,1]
g528(467,455,474)@[22,44]
g528(203,396,457)@[0,38]
g528(476,7,508)@[22,27]
g526(956,867)@[18,21]
g526(367,812)@[29,42]
g528(129,581,41)@[2,45]
g526(103,273)@[0,40]
g528(953,101,231)@[30,31]
g526(681,846)@[21,48]
g527(643,554,607,416)@[37,47]
g528(241,469,848)@[13,30]
g526(18,31)@[21,43]
g528(610,442,422)@[17,18]
g527(629,774,119,368)@[26,48]
g528(99,324,766)@[4,38]
g528(943,773,269)@[25,39]
g528(990,354,128)@[3,34]
g528(251,254,444)@[39,41]
g528(914,582,349)@[15,31]
g528(107,681,614)@[16,20]
g528(837,324,395)@[24,28]
g528(363,198,671)@[0,5]
g528(661,656,572)@[4,23]
g526(618,497)@[10,16]
g528(557,288,644)@[40,46]
g528(245,576,309)@[1,44]
g528(182,821,737)@[7,49]
g526(695,973)@[10,12]
g528(572,734,225)@[7,24]
g528(506,82,553)@[22,49]
g526(684,646)@[17,35]
g526(768,701)@[1,23]
g528(26,211,141)@[10,45]
g528(289,686,85)@[16,27]
g528(996,510,194)@[21,31]
g528(125,238,760)@[20,35]
g528(59,47,98)@[26,41]
g526(116,2)@[14,27]
g526(847,530)@[15,16]
g526(274,308)@[5,21]
g526(761,772)@[26,31]
g528(425,640,256)@[9,30]
g526(247,449)@[8,26]
g528(961,105,993)@[5,12]
g528(284,514,204)@[35,43]
g528(382,360,684)@[27,48]
g528(514,10,700)@[25,38]
g528(205,547,157)@[0,39]
g528(848,147,80)@[4,13]
g528(287,380,137)@[24,39]
g528(238,648,146)@[9,24]
g528(338,827,644)@[5,41]
g528(586,825,435)@[13,28]
g526(97,498)@[12,24]
g526(425,487)@[6,18]
g526(408,412)@[9,48]
g528(212,825,475)@[22,44]
g528(997,849,726)@[16,45]
g528(689,373,821)@[6,28]
g528(227,780,465)@[10,20]
g526(341,187)@[0,5]
g528(503,192,834)@[7,8]
g528(798,374,524)@[6,10]
g526(732,77)@[2,46]
g528(606,891,920)@[3,4]
g528(858,810,440)@[1,4]
g528(525,950,85)@[11,19]
g528(922,586,714)@[2,40]
g528(876,19,478)@[5,44]
g526(6,268)@[23,27]
g528(271,381,560)@[6,19]
g528(813,529,177)@[10,11]
g528(751,415,874)@[11,27]
g528(961,145,420)@[34,49]
g526(576,165)@[3,7]
g528(878,141,438)@[14,45]
g528(849,549,385)@[1,12]
g528(720,581,420)@[0,35]
g527(835,982,277,395)@[16,45]
g526(965,140)@[30,45]
g528(303,5,58)@[4,24]
g528(402,717,106)@[12,34]
g528(263,519,452)@[33,49]
g528(125,712,979)@[26,35]
g528(966,693,738)@[11,16]
g528(185,801,865)@[19,32]
g528(417,837,974)@[4,9]
g528(328,771,447)@[27,42]
g527(841,44,917,347)@[29,32]
g528(129,165,215)@[4,49]
g528(979,408,368)@[26,48]
g526(466,771)@[9,15]
g528(612,998,613)@[38,44]
g528(474,512,808)@[27,28]
g528(616,916,332)@[4,43]
g528(6,452,667)@[24,36]
g528(926,372,920)@[22,24]
g528(872,389,915)@[3,35]
g526(394,543)@[36,40]
g526(370,814)@[4,7]
g526(348,43)@[7,47]
g526(299,544)@[21,28]
g526(864,268)@[10,47]
g526(250,391)@[1,47]
g528(280,768,50)@[2,6]
g526(778,708)@[10,47]
g528(106,903,421)@[13,20]
g528(617,673,668)@[24,26]
g528(720,3,29)@[20,24]
g526(981,333)@[8,47]
g528(775,831,739)@[21,33]
g528(54,238,674)@[26,30]
g528(345,406,863)@[26,36]
g526(851,14)@[6,17]
g526(22,484)@[7,41]
g528(455,232,372)@[31,46]
g528(815,443,692)@[39,47]
g526(501,492)@[0,36]
g528(827,676,637)@[7,35]
g526(777,258)@[2,11]
g528(80,231,635)@[30,46]
g526(249,929)@[20,21]
g528(484,141,624)@[24,35]
g526(224,397)@[19,40]
g528(318,237,282)@[5,22]
g528(57,380,247)@[7,20]
g528(892,167,666)@[23,44]
g526(329,468)@[15,41]
g528(791,530,884)@[26,41]
g528(620,589,472)@[12,31]
g528(331,482,317)@[28,47]
g526(571,932)@[45,46]
g528(91,18,275)@[6,27]
g528(790,79,105)@[10,27]
g528(360,206,638)@[11,23]
g528(416,39,449)@[21,49]
g528(785,758,17)@[8,26]
g526(88,640)@[29,45]
g528(876,608,365)@[1,16]
g528(897,579,167)@[18,42]
g528(770,54,506)@[18,49]
g526(462,626)@[13,27]
g528(78,153,815)@[28,40]
g528(620,702,174)@[16,45]
g529(934,866,68,550)@[20,43]
g528(369,172,731)@[9,49]
g528(429,795,379)@[12,39]
g528(355,951,308)@[8,36]
g526(241,613)@[22,32]
g527(919,649,529,760)@[5,30]
g526(189,165)@[8,11]
g528(140,669,200)@[19,33]
g528(485,995,813)@[36,47]
g529(450,6,594,952)@[26,37]
g528(137,456,100)@[21,31]
g528(464,459,471)@[15,39]
g528(469,974,542)@[0,33]
g528(359,332,326)@[4,46]
g528(173,325,262)@[8,30]
g527(778,535,512,831)@[3,33]
g526(1,455)@[16,35]
g528(22,568,291)@[11,30]
g528(647,231,349)@[6,42]
g527(502,72,566,459)@[2,13]
g526(628,492)@[14,24]
g528(615,550,987)@[21,37]
g528(926,874,744)@[35,44]
g528(558,275,468)@[9,46]
g528(802,740,385)@[16,45]
g526(933,861)@[26,28]
g529(553,606,269,380)@[7,9]
g528(383,988,139)@[5,49]
g528(681,321,892)@[9,19]
g528(611,947,283)@[4,42]
g528(597,638,61)@[17,28]
g528(360,682,910)@[23,25]
g526(338,751)@[27,45]
g526(565,527)@[2,47]
g527(31,732,283,75)@[36,45]
g527(307,53,87,390)@[15,44]
g526(573,310)@[9,32]
g528(957,318,519)@[2,12]
g529(850,111,440,631)@[0,27]
g528(661,87,76)@[19,33]
g526(217,775)@[14,16]
g528(713,466,728)@[29,30]
g528(137,659,360)@[18,46]
g528(744,319,998)@[1,45]
g526(216,941)@[12,15]
g526(908,269)@[0,34]
g526(40,321)@[40,41]
g528(766,645,320)@[7,20]
g528(348,210,393)@[18,38]
g526(17,298)@[3,32]
g528(853,95,718)@[28,34]
g526(666,634)@[41,44]
g528(210,736,686)@[24,43]
g528(967,151,26)@[4,22]
g526(912,486)@[20,36]
g528(857,602,437)@[25,29]
g528(752,528,62)@[22,25]
g526(905,245)@[7,27]
g528(166,39,128)@[30,36]
g528(822,895,874)@[1,36]
g527(133,108,92,608)@[16,25]
g526(784,413)@[28,29]
g528(437,737,135)@[26,40]
g528(973,39,451)@[10,38]
g526(327,206)@[25,30]
g526(243,61)@[19,48]
g528(985,622,879)@[19,34]
g528(442,324,791)@[2,8]
g528(707,940,510)@[11,49]
g528(772,465,214)@[28,41]
g528(30,779,477)@[4,32]
g528(580,840,874)@[34,45]
g528(366,898,9)@[2,48]
g527(236,845,752,849)@[24,32]
g526(159,549)@[2,29]
g528(175,368,745)@[6,11]
g526(378,236)@[3,41]
g528(61,879,406)@[17,46]
g528(564,75,671)@[0,49]
g528(67,895,602)@[9,49]
g528(817,117,881)@[26,39]
g528(130,80,959)@[14,33]
g526(264,290)@[4,46]
g528(450,581,628)@[9,38]
g528(762,959,410)@[5,29]
g528(611,598,562)@[20,42]
g528(567,710,230)@[19,33]
g528(666,698,1)@[13,25]
g528(795,252,660)@[38,49]
g527(415,290,660,440)@[5,33]
g528(134,685,535)@[9,34]
g528(569,767,288)@[33,45]
g528(594,25,623)@[34,39]
g528(252,691,901)@[35,45]
g528(499,926,709)@[14,45]
g528(794,70,830)@[28,31]
g528(224,390,475)@[32,33]
g526(879,110)@[23,33]
g528(790,475,626)@[1,2]
g528(262,67,449)@[13,16]
g528(193,147,437)@[1,30]
g528(251,639,12)@[15,23]
g526(810,485)@[29,40]
g527(797,781,721,925)@[6,20]
g528(310,411,742)@[24,29]
g526(649,234)@[40,49]
g527(508,23,791,819)@[34,44]
g526(607,801)@[16,39]
g528(480,995,960)@[33,45]
g528(710,588,369)@[10,16]
g528(275,344,31)@[37,43]
g526(564,771)@[24,25]
g526(19,881)@[11,34]
g526(692,875)@[10,45]
g526(423,302)@[9,31]
g527(447,926,891,366)@[28,44]
g528(41,981,696)@[6,38]
g528(631,106,12)@[29,41]
g528(397,90,783)@[10,16]
g528(753,192,926)@[6,11]
g526(277,838)@[8,19]
g528(720,483,908)@[12,38]
g528(661,239,280)@[9,19]
g528(298,363,684)@[24,40]
g526(665,181)@[28,49]
g528(379,572,786)@[30,31]
g527(975,115,220,55)@[24,40]
g528(829,917,242)@[11,48]
g526(63,826)@[34,41]
g528(43,595,187)@[16,22]
g526(721,140)@[27,38]
g526(888,524)@[0,2]
g528(376,482,104)@[22,32]
g528(183,877,612)@[25,45]
g526(622,8)@[11,42]
g526(933,395)@[19,28]
g526(811,910)@[13,47]
g528(963,773,989)@[2,16]
g527(490,503,946,524)@[27,36]
g526(667,953)@[16,22]
g528(639,65,233)@[15,40]
g526(322,65)@[17,48]
g528(785,887,97)@[17,30]
g526(471,352)@[9,13]
g528(85,289,112)@[19,40]
g526(144,562)@[16,40]
g526(123,325)@[29,46]
g528(751,705,952)@[18,46]
g527(178,228,788,970)@[7,41]
g528(354,521,205)@[17,48]
g527(345,345,927,661)@[29,40]
g528(18,391,252)@[33,47]
g528(674,199,174)@[25,34]
g528(773,673,115)@[12,44]
g526(830,163)@[9,31]
g528(249,324,835)@[35,48]
g526(87,202)@[39,48]
g528(181,467,646)@[44,46]
g528(685,495,773)@[33,44]
g528(377,973,915)@[4,44]
g528(142,134,30)@[19,34]
g526(511,335)@[36,40]
g527(582,576,782,260)@[6,47]
g528(893,105,801)@[1,9]
g528(54,790,425)@[4,26]
g526(422,684)@[29,44]
g528(807,639,200)@[20,35]
g528(150,28,263)@[22,32]
g528(373,430,95)@[9,33]
g526(457,847)@[4,14]
g528(56,552,744)@[5,40]
g526(776,972)@[5,49]
g528(38,321,850)@[11,35]
g528(633,300,914)@[12,49]
g529(538,837,257,795)@[22,41]
g526(51,883)@[18,36]
g527(943,624,106,676)@[13,29]
g528(302,547,42)@[8,26]
g528(988,930,664)@[1,37]
g528(416,80,616)@[28,38]
g526(921,521)@[3,48]
g528(17,648,699)@[13,22]
g526(758,637)@[15,16]
g528(910,752,238)@[15,22]
g528(487,876,355)@[32,47]
g528(971,259,299)@[7,14]
g528(465,557,791)@[13,35]
g528(218,411,965)@[6,31]
g528(627,409,594)@[7,34]
g528(215,79,666)@[24,27]
g526(74,72)@[19,38]
g528(9,262,421)@[15,28]
g529(655,245,59,827)@[34,36]
g528(348,498,361)@[20,41]
g528(441,567,597)@[5,14]
g526(316,612)@[7,48]
g526(822,160)@[21,41]
g528(507,149,353)@[33,34]
g528(325,174,215)@[9,35]
g528(306,449,809)@[37,41]
g529(343,186,437,484)@[20,48]
g527(230,526,504,56)@[1,19]
g526(4,801)@[1,12]
g526(750,472)@[4,13]
g528(926,366,891)@[31,39]
g526(208,26)@[36,38]
g528(592,324,432)@[39,45]
g528(208,829,576)@[22,23]
g528(15,630,61)@[21,46]
g528(255,876,642)@[29,45]
g526(400,847)@[7,47]
g528(166,594,836)@[28,36]
g527(144,992,617,43)@[17,32]
g528(383,701,574)@[17,22]
g528(230,605,306)@[18,42]
g526(749,765)@[11,47]
g528(526,35,621)@[28,48]
g528(927,774,839)@[41,42]
g528(184,622,86)@[9,31]
g528(780,516,409)@[11,32]
g526(449,182)@[3,16]
g528(481,74,172)@[5,26]
g528(348,885,296)@[39,40]
g528(321,796,910)@[6,35]
g528(690,425,366)@[4,30]
g528(615,637,536)@[4,44]
g527(581,674,645,148)@[6,17]
g528(106,407,958)@[1,2]
g526(738,771)@[1,37]
g528(60,89,451)@[15,46]
g526(833,601)@[26,43]
g528(237,37,280)@[44,45]
g528(127,777,529)@[1,39]
g528(716,551,398)@[4,39]
g528(27,201,553)@[23,30]
g528(315,504,157)@[36,43]
g526(62,323)@[15,18]
g528(490,645,183)@[16,26]
g528(904,687,193)@[12,37]
g528(528,345,583)@[8,31]
g527(757,945,174,112)@[3,8]
g528(586,27,665)@[8,49]
g528(762,587,691)@[12,42]
g526(343,888)@[33,48]
g526(79,660)@[7,34]
g528(359,891,995)@[34,45]
g528(838,931,379)@[17,37]
g526(928,64)@[32,37]
g526(916,173)@[5,41]
g528(620,110,221)@[6,42]
g528(390,777,764)@[15,24]
g526(854,272)@[41,42]
g526(135,670)@[11,26]
g528(114,619,392)@[39,44]
g528(700,73,691)@[23,36]
g528(307,799,816)@[28,29]
g526(707,79)@[5,8]
g526(977,319)@[8,25]
g526(40,836)@[3,43]
g526(364,241)@[23,28]
g528(642,211,824)@[0,33]
g528(887,113,791)@[39,43]
g528(494,840,784)@[12,33]
g528(658,498,816)@[1,24]
g528(742,36,67)@[19,37]
g528(962,514,970)@[10,26]
g528(575,178,607)@[19,24]
g528(638,525,718)@[5,27]
g528(683,787,523)@[31,40]
g528(628,622,823)@[40,48]
g528(426,219,779)@[4,13]
g526(629,863)@[1,48]
g528(233,863,668)@[4,29]
g528(579,952,967)@[33,48]
g528(255,100,147)@[32,38]
g528(369,530,388)@[7,21]
g528(135,398,739)@[30,42]
g528(920,308,389)@[44,47]
g526(245,495)@[26,38]
g528(227,734,893)@[7,44]
g526(14,790)@[6,11]
g528(380,972,75)@[7,21]
g526(315,29)@[7,28]
g528(327,988,957)@[16,21]
g528(22,799,423)@[23,26]
g528(686,701,534)@[25,48]
g528(790,861,242)@[15,23]
g526(156,200)@[21,42]
g528(718,431,869)@[4,16]
g528(287,895,870)@[5,10]
g528(529,910,161)@[32,44]
g528(745,691,571)@[15,33]
g529(821,981,33,287)@[13,42]
g528(564,484,22)@[15,45]
g528(751,304,940)@[2,48]
g528(140,798,27)@[34,44]
g528(178,508,428)@[0,24]
g526(958,962)@[17,49]
g528(152,838,206)@[28,33]
g528(435,467,169)@[33,34]
g526(880,572)@[36,49]
g528(295,958,603)@[21,30]
g528(532,194,89)@[11,12]
g526(690,923)@[7,10]
g528(793,48,262)@[25,42]
g526(581,148)@[2,29]
g526(329,515)@[22,35]
g528(42,670,876)@[4,41]
g528(328,812,123)@[2,49]
g526(681,76)@[22,49]
g528(768,914,486)@[0,32]
g526(420,294)@[27,33]
g528(666,638,153)@[9,18]
g528(101,206,890)@[33,39]
g528(341,192,2)@[3,45]
g528(64,568,757)@[12,47]
g528(262,3,135)@[10,33]
g526(963,300)@[35,37]
g528(798,23,706)@[6,33]
g526(510,15)@[26,46]
g526(119,131)@[5,9]
g526(208,226)@[30,37]
g528(222,590,233)@[1,43]
g528(832,507,680)@[29,46]
g528(476,795,609)@[26,48]
g528(455,388,85)@[5,31]
g528(421,930,45)@[23,47]
g528(150,87,575)@[22,42]
g528(336,987,265)@[17,26]
g528(275,414,353)@[2,30]
g528(94,253,54)@[35,42]
g526(421,345)@[14,40]
g528(166,696,371)@[20,30]
g528(197,676,670)@[14,45]
g526(258,678)@[21,35]
g528(459,608,285)@[18,47]
g526(863,551)@[21,42]
g526(859,720)@[8,26]
g528(650,546,569)@[7,34]
g526(4,203)@[37,38]
g526(967,61)@[9,27]
g528(638,229,138)@[30,40]
g526(168,63)@[11,36]
g528(215,102,883)@[40,41]
g528(200,961,648)@[3,49]
g528(836,646,328)@[37,47]
g528(935,681,470)@[17,41]
g528(613,544,97)@[3,15]
g528(488,454,479)@[7,44]
g528(171,815,386)@[14,21]
g528(351,391,930)@[22,30]
g528(472,732,530)@[16,29]
g528(269,413,63)@[1,39]
g527(923,40,460,220)@[35,47]
g528(493,149,525)@[13,46]
g526(808,996)@[26,39]
g528(213,6,982)@[8,39]
g527(692,622,407,160)@[0,48]
g527(92,265,895,941)@[2,40]
g528(545,154,783)@[20,28]
g526(626,234)@[20,37]
g528(520,294,282)@[7,20]
g528(126,258,104)@[3,36]
g528(938,911,782)@[9,25]
g528(493,657,694)@[45,48]
g528(128,226,75)@[16,42]
g526(736,926)@[30,39]
g528(705,160,134)@[4,29]
g528(61,167,811)@[11,27]
g526(732,238)@[2,6]
g528(141,474,697)@[32,49]
g528(454,275,810)@[20,47]
g526(164,718)@[8,12]
g528(574,888,121)@[19,27]
g528(296,303,528)@[17,19]
g528(66,294,55)@[17,33]
g528(749,869,337)@[20,49]
g528(322,719,650)@[18,25]
g528(663,79,310)@[3,20]
g528(836,675,892)@[34,39]
g528(612,250,878)@[16,28]
g528(917,468,217)@[5,34]
g528(787,296,297)@[30,42]
g526(79,382)@[20,47]
g528(160,751,777)@[10,14]
g528(630,501,90)@[30,36]
g528(757,979,359)@[19,45]
g528(821,494,265)@[14,49]
g528(554,628,69)@[6,43]
g526(401,828)@[7,36]
g527(561,225,464,657)@[6,39]
g528(102,631,751)@[20,22]
g529(720,456,747,678)@[12,42]
g528(277,928,234)@[4,36]
g528(25,858,17)@[16,48]
g528(180,668,730)@[6,17]
g528(441,991,470)@[37,49]
g528(602,610,245)@[12,31]
g529(599,296,479,828)@[4,40]
g526(973,804)@[19,20]
g528(997,903,630)@[32,34]
g528(408,703,657)@[3,42]
g528(63,584,102)@[10,27]
g529(737,914,39,772)@[45,46]
g528(512,331,729)@[2,26]
g528(41,36,209)@[8,44]
g528(840,455,897)@[28,32]
g526(265,429)@[29,32]
g528(660,198,476)@[14,48]
g529(379,876,705,15)@[2,17]
g526(950,404)@[13,39]
g526(124,510)@[12,36]
g528(277,703,173)@[17,41]
g526(657,229)@[7,13]
g528(874,910,948)@[20,24]
g528(75,203,956)@[21,34]
g526(107,796)@[6,32]
g528(294,936,711)@[2,44]
g528(886,74,284)@[10,13]
g528(736,253,808)@[38,43]
g528(264,778,362)@[25,39]
g528(925,110,531)@[15,16]
g526(809,992)@[8,40]
g526(153,27)@[25,48]
g528(741,97,773)@[11,14]
g527(919,699,364,570)@[25,46]
g528(669,449,250)@[22,46]
g526(566,93)@[7,14]
g526(160,991)@[5,25]
g528(297,999,704)@[16,44]
g526(77,361)@[10,29]
g528(725,2,993)@[37,42]
g528(485,503,638)@[1,48]
g528(302,807,752)@[1,13]
g526(141,211)@[5,37]
g528(127,617,370)@[23,38]
g528(13,106,909)@[3,4]
g528(932,744,546)@[19,41]
g526(10,795)@[5,44]
g527(457,952,993,11)@[11,37]
g526(45,978)@[29,44]
g528(657,422,662)@[1,49]
g526(718,910)@[16,38]
g526(209,874)@[35,37]
g528(243,379,257)@[32,37]
g527(842,857,209,606)@[22,35]
g526(743,959)@[37,47]
g526(26,952)@[23,27]
g528(906,598,94)@[2,28]
g529(317,642,689,144)@[22,40]
g526(320,614)@[25,49]
g528(272,957,145)@[36,48]
g528(940,593,295)@[3,34]
g528(414,489,604)@[7,24]
g526(340,690)@[29,32]
g528(118,477,524)@[0,15]
g528(351,999,44)@[16,17]
g528(154,303,929)@[14,41]
g528(639,609,10)@[36,48]
g528(712,796,681)@[25,26]
g528(921,342,521)@[18,35]
g528(456,202,429)@[3,45]
g528(183,896,832)@[5,45]
g528(593,753,282)@[4,24]
g528(739,296,622)@[16,46]
g526(895,40)@[0,4]
g528(826,439,294)@[10,20]
g526(324,840)@[14,20]
g528(465,122,715)@[0,44]
g528(447,151,135)@[7,12]
g526(176,898)@[26,39]
g528(312,874,825)@[10,24]
g526(644,626)@[41,48]
g528(861,97,660)@[23,42]
g528(133,67,249)@[32,43]
g528(409,202,951)@[24,31]
g528(486,48,65)@[23,27]
g528(800,307,468)@[27,44]
g528(26,915,805)@[21,23]
g528(88,502,115)@[4,26]
g526(704,408)@[5,48]
g527(451,254,245,483)@[11,25]
g528(356,487,81)@[5,45]
g526(314,508)@[21,46]
g526(699,222)@[24,36]
g526(362,762)@[4,13]
g526(746,521)@[29,49]
g528(776,196,727)@[32,38]
g526(461,818)@[5,36]
g528(26,555,105)@[30,40]
g528(764,522,50)@[35,41]
g528(549,855,437)@[11,22]
g528(396,787,162)@[6,9]
g528(9,277,119)@[43,48]
g528(531,284,588)@[20,36]
g526(793,384)@[4,13]
g528(698,110,52)@[29,39]
g526(306,76)@[17,27]
g528(836,368,932)@[0,10]
g526(141,73)@[5,40]
g528(58,838,567)@[5,12]
g528(301,508,66)@[4,9]
g528(713,629,511)@[3,32]
g528(585,53,588)@[37,40]
g528(978,140,91)@[33,34]
g528(39,341,816)@[33,37]
g526(282,36)@[2,25]
g528(768,467,235)@[7,34]
g528(320,465,929)@[33,43]
g528(628,21,399)@[25,49]
g528(692,400,131)@[16,24]
g527(173,620,420,997)@[16,31]
g528(387,240,547)@[33,48]
g526(447,706)@[31,48]
g529(188,427,290,639)@[21,23]
g528(296,903,9)@[0,9]
g528(552,175,101)@[23,36]
g528(805,660,705)@[0,48]
g528(67,64,97)@[6,44]
g528(276,746,912)@[24,43]
g526(475,19)@[23,36]
g526(849,44)@[7,18]
g526(243,705)@[24,34]
g528(50,456,419)@[31,38]
g526(30,93)@[13,25]
g526(210,945)@[3,30]
g528(140,674,227)@[6,28]
g528(255,460,363)@[15,43]
g528(700,686,250)@[28,30]
g528(329,304,939)@[18,40]
g528(888,121,962)@[25,38]
g528(202,225,298)@[37,49]
g528(557,742,853)@[22,25]
g528(580,106,139)@[6,49]
g528(882,964,599)@[8,35]
g528(790,586,791)@[4,41]
g528(66,790,512)@[2,44]
g527(230,336,373,836)@[7,39]
g526(104,599)@[10,33]
g528(963,45,42)@[11,32]
g526(366,602)@[22,33]
g528(643,838,742)@[15,30]
g526(921,103)@[28,42]
g528(627,782,535)@[23,28]
g526(887,791)@[10,29]
g528(759,787,771)@[8,17]
g526(343,319)@[14,18]
g528(924,773,805)@[15,22]
g528(179,979,546)@[3,25]
g528(831,59,326)@[43,44]
g526(475,83)@[29,46]
g528(784,768,606)@[0,22]
g528(6,382,191)@[2,31]
g526(148,452)@[30,36]
g528(104,273,26)@[21,23]
g526(998,288)@[4,21]
g528(166,324,607)@[23,25]
g528(337,958,344)@[10,49]
g528(749,566,306)@[5,16]
g528(288,239,946)@[11,33]
g528(33,836,658)@[1,13]
g526(530,625)@[29,49]
g529(300,499,931,823)@[40,42]
g528(910,468,329)@[13,32]
g526(693,289)@[2,36]
g528(379,881,316)@[11,14]
g528(553,218,820)@[8,10]
g528(301,932,70)@[0,37]
g528(703,680,821)@[13,26]
g526(508,212)@[9,42]
g528(599,333,437)@[4,10]
g528(660,827,185)@[1,36]
g527(819,964,29,24)@[0,44]
g528(805,216,106)@[13,16]
g529(900,675,988,150)@[18,39]
g528(849,330,201)@[29,41]
g528(784,60,153)@[25,37]
g528(235,654,83)@[24,33]
g526(788,618)@[28,38]
g528(482,998,35)@[26,41]
g528(508,44,849)@[12,17]
g526(934,135)@[19,30]
g526(560,751)@[32,35]
g528(527,841,554)@[21,34]
g528(502,671,551)@[20,37]
g526(408,420)@[23,33]
g528(976,907,239)@[1,36]
g528(621,540,344)@[16,17]
g528(956,722,397)@[5,23]
g526(750,877)@[12,38]
g528(625,40,956)@[33,48]
g527(934,94,996,238)@[1,4]
g528(372,672,417)@[34,36]
g528(527,178,314)@[37,39]
g528(586,407,538)@[4,17]
g526(170,328)@[1,45]
g529(950,989,497,629)@[43,46]
g526(956,968)@[39,44]
g528(218,792,14)@[32,45]
g528(500,206,63)@[1,17]
g528(724,255,445)@[24,47]
g528(512,124,30)@[23,46]
g528(48,977,383)@[15,44]
g526(716,201)@[8,36]
g528(65,149,831)@[15,32]
g528(542,871,460)@[11,24]
g528(70,797,251)@[21,35]
g528(879,353,284)@[17,33]
g527(277,922,252,881)@[18,35]
g528(403,282,749)@[7,31]
g528(995,867,71)@[7,38]
g528(30,477,608)@[18,36]
g526(847,253)@[37,46]
g528(307,955,654)@[9,22]
g528(658,341,329)@[15,24]
g528(819,819,507)@[5,16]
g528(384,863,397)@[8,48]
g528(383,156,817)@[17,39]
g529(745,980,563,337)@[16,34]
g528(177,544,549)@[24,42]
g526(228,81)@[12,38]
g528(615,489,8)@[27,45]
g526(903,634)@[10,11]
g528(491,414,777)@[19,44]
g526(977,261)@[0,5]
g528(406,775,306)@[24,43]
g528(158,629,441)@[1,35]
g528(157,295,537)@[0,34]
g526(802,775)@[25,29]
g526(901,882)@[5,8]
g528(879,213,293)@[15,24]
g528(924,174,19)@[38,48]
g528(887,508,114)@[18,48]
g528(429,367,84)@[5,22]
g528(420,557,509)@[21,23]
g528(281,688,448)@[30,33]
g526(501,293)@[2,7]
g528(573,578,264)@[24,39]
g529(575,246,182,563)@[6,45]
g528(77,296,220)@[17,31]
g528(340,992,132)@[14,34]
g528(714,19,944)@[23,48]
g528(887,631,109)@[29,46]
g528(58,816,128)@[2,46]
g528(171,579,550)@[3,7]
g528(525,27,130)@[12,31]
g528(200,768,782)@[0,31]
g528(160,815,171)@[8,29]
g528(501,304,51)@[46,48]
g528(608,92,133)@[12,49]
g528(157,197,614)@[9,43]
g528(602,475,839)@[9,37]
g528(522,566,166)@[14,43]
g528(112,50,451)@[3,44]
g526(776,861)@[13,32]
g526(655,392)@[24,34]
g528(807,163,313)@[14,29]
g526(648,894)@[15,49]
g527(715,627,959,370)@[21,48]
g526(846,998)@[9,41]
g528(811,974,965)@[0,20]
g526(283,911)@[3,39]
g526(884,412)@[16,32]
g528(654,33,86)@[24,49]
g528(527,326,874)@[19,46]
g528(815,907,188)@[23,43]
g528(934,623,808)@[20,31]
g526(829,768)@[24,49]
g528(346,131,846)@[18,26]
g528(808,992,626)@[0,17]
g528(537,135,995)@[6,19]
g528(159,8,704)@[6,23]
g526(362,735)@[11,16]
g526(85,612)@[19,34]
g528(270,436,467)@[4,26]
g528(496,871,229)@[18,20]
g528(22,236,738)@[13,30]
g526(778,39)@[18,25]
g528(887,620,470)@[20,48]
g528(779,918,362)@[24,39]
g529(982,673,622,346)@[46,48]
g528(183,936,940)@[23,28]
g528(52,121,75)@[25,34]
g526(277,88)@[6,49]
g528(743,602,245)@[10,19]
g528(883,811,79)@[17,49]
g528(815,306,915)@[3,46]
g528(90,338,283)@[17,41]
