g1006(424,802,509,26)@[21,48]
g1004@[4,44]
g1004@[12,47]
g1005(121,455,268)@[13,40]
g1005(238,113,525)@[16,48]
g1004@[15,20]
g1006(186,175,741,529)@[0,34]
g1005(205,387,598)@[7,39]
g1005(642,282,224)@[8,28]
g1005(540,830,99)@[11,42]
g1006(679,137,412,747)@[3,16]
g1004@[17,49]
g1004@[1,44]
g1004@[36,38]
g1005(444,761,85)@[34,39]
g1005(142,801,316)@[3,39]
g1004@[5,41]
g1005(723,464,192)@[18,32]
g1004@[11,19]
g1004@[0,48]
g1004@[0,49]
g1005(392,173,692)@[34,35]
g1005(337,713,656)@[10,37]
g1005(788,586,330)@[14,33]
g1005(505,172,325)@[9,38]
g1005(269,136,379)@[12,20]
g1004@[20,41]
g1005(689,567,709)@[24,26]
g1005(592,540,416)@[36,40]
g1006(904,463,108,891)@[28,47]
g1005(428,825,915)@[22,23]
g1004@[5,45]
g1004@[14,30]
g1005(455,155,778)@[0,4]
g1005(694,560,456)@[38,41]
g1005(347,149,496)@[8,10]
g1005(365,385,35)@[1,38]
g1005(78,836,860)@[0,1]
g1005(651,267,533)@[15,46]
g1004@[4,24]
g1005(181,834,804)@[37,48]
g1005(346,533,377)@[38,47]
g1005(173,443,158)@[34,46]
g1004@[6,28]
g1004@[10,18]
g1004@[36,37]
g1004@[27,32]
g1005(169,817,619)@[2,16]
g1005(742,448,642)@[2,42]
g1005(651,225,398)@[15,16]
g1004@[33,37]
g1005(125,700,566)@[10,38]
g1006(518,715,432,115)@[3,28]
g1005(860,886,104)@[17,34]
g1005(564,782,557)@[1,37]
g1005(334,114,804)@[15,41]
g1005(292,163,244)@[21,48]
g1006(436,797,623,648)@[8,32]
g1005(208,706,588)@[47,48]
g1005(396,500,272)@[14,39]
g1006(861,269,457,311)@[11,34]
g1005(542,490,860)@[1,34]
g1005(572,218,11)@[0,1]
g1005(183,259,380)@[23,34]
g1006(211,757,777,537)@[44,46]
g1005(784,29,389)@[45,46]
g1005(488,88,90)@[11,47]
g1004@[13,25]
g1005(837,438,450)@[10,16]
g1005(317,482,631)@[29,38]
g1006(137,622,189,285)@[13,23]
g1005(550,687,106)@[17,33]
g1005(518,485,292)@[4,26]
g1005(185,289,793)@[2,19]
g1005(454,601,90)@[7,48]
g1004@[2,10]
g1005(812,143,434)@[6,8]
g1005(290,28,597)@[8,40]
g1006(306,271,588,472)@[16,33]
g1004@[5,41]
g1006(422,794,554,190)@[36,42]
g1005(456,114,877)@[9,45]
g1005(722,781,202)@[26,27]
g1006(198,167,363,821)@[32,49]
g1005(182,890,426)@[6,35]
g1006(318,597,719,794)@[21,22]
g1006(376,92,102,849)@[8,35]
g1004@[8,24]
g1005(610,814,615)@[31,41]
g1005(227,754,294)@[4,11]
g1005(476,471,642)@[7,42]
g1005(512,498,79)@[38,44]
g1005(371,798,896)@[33,42]
g1004@[18,35]
g1005(792,887,855)@[6,12]
g1005(356,126,872)@[4,33]
g1005(622,659,734)@[31,46]
g1005(256,871,240)@[18,41]
g1005(173,40,489)@[11,48]
g1005(621,667,659)@[8,45]
g1004@[12,17]
g1004@[25,46]
g1004@[32,44]
g1005(141,433,715)@[6,12]
g1005(14,762,270)@[33,39]
g1005(432,240,113)@[6,30]
g1004@[11,22]
g1004@[21,30]
g1004@[27,44]
g1004@[26,42]
g1005(548,485,668)@[15,38]
g1005(139,664,546)@[18,27]
g1006(645,499,429,904)@[32,48]
g1005(847,389,615)@[2,10]
g1005(71,639,57)@[4,41]
g1005(213,165,637)@[41,47]
g1005(545,804,100)@[13,45]
g1004@[3,12]
g1005(363,124,543)@[6,11]
g1005(419,810,493)@[34,41]
g1005(133,351,169)@[42,47]
g1005(617,197,863)@[42,49]
g1005(447,767,437)@[7,32]
g1005(137,643,387)@[5,37]
g1005(680,271,378)@[15,32]
g1004@[6,48]
g1005(919,904,603)@[13,17]
g1004@[19,30]
g1004@[23,35]
g1005(570,671,816)@[3,20]
g1004@[20,29]
g1005(866,652,492)@[18,43]
g1004@[2,31]
g1005(437,212,313)@[10,12]
g1005(534,116,852)@[0,13]
g1005(46,426,583)@[10,39]
g1005(572,602,54)@[10,16]
g1005(852,887,476)@[12,19]
g1006(665,392,874,834)@[36,39]
g1004@[20,47]
g1005(254,208,579)@[12,39]
g1005(133,531,722)@[15,32]
g1004@[3,32]
g1004@[9,24]
g1005(143,617,783)@[14,30]
g1005(628,210,793)@[21,22]
g1006(662,442,339,254)@[5,15]
g1004@[12,21]
g1006(564,269,788,211)@[11,17]
g1006(503,882,206,612)@[5,37]
g1005(614,851,687)@[2,33]
g1005(228,373,805)@[31,48]
g1005(247,17,711)@[17,24]
g1005(524,287,679)@[22,33]
g1005(111,355,86)@[38,48]
g1004@[2,10]
g1004@[23,34]
g1005(753,186,39)@[27,37]
g1005(312,143,540)@[15,43]
g1006(762,874,618,56)@[38,39]
g1005(648,900,902)@[8,39]
g1004@[1,31]
g1006(658,803,273,863)@[5,46]
g1005(552,21,498)@[0,3]
g1005(847,156,662)@[10,27]
g1005(898,884,696)@[40,44]
g1004@[40,41]
g1004@[14,24]
g1004@[14,41]
g1005(663,653,841)@[19,32]
g1005(709,395,134)@[16,39]
g1004@[25,35]
g1005(816,459,469)@[26,29]
g1004@[18,32]
g1004@[30,49]
g1005(313,306,465)@[25,36]
g1005(407,905,872)@[4,17]
g1004@[8,38]
g1004@[10,33]
g1004@[4,5]
g1005(377,763,306)@[17,35]
g1004@[36,48]
g1006(494,382,390,83)@[0,21]
g1004@[32,45]
g1005(451,916,49)@[8,14]
g1004@[0,21]
g1006(290,696,513,894)@[8,9]
g1005(735,494,104)@[4,39]
g1005(462,75,290)@[32,45]
g1005(687,4,135)@[8,36]
g1005(374,887,408)@[37,39]
g1004@[7,19]
g1005(301,356,186)@[13,28]
g1005(890,621,578)@[21,40]
g1005(691,335,438)@[0,47]
g1005(134,55,696)@[18,40]
g1005(713,259,557)@[21,49]
g1004@[7,47]
g1004@[1,26]
g1005(122,831,125)@[7,20]
g1005(251,221,290)@[43,47]
g1005(336,574,736)@[24,30]
g1004@[2,14]
g1005(330,567,80)@[0,5]
g1005(122,528,770)@[40,41]
g1005(576,395,515)@[3,35]
g1005(476,531,79)@[3,34]
g1004@[0,20]
g1006(223,426,510,919)@[17,40]
g1006(436,39,533,47)@[46,47]
g1004@[44,49]
g1005(832,899,207)@[6,12]
g1004@[2,47]
g1005(475,388,223)@[27,36]
g1004@[11,22]
g1005(144,302,878)@[28,41]
g1006(668,534,485,70)@[5,24]
g1004@[3,12]
g1004@[7,42]
g1004@[37,46]
g1004@[12,16]
g1004@[10,30]
g1005(687,495,246)@[14,44]
g1004@[2,4]
g1006(17,651,785,446)@[28,37]
g1005(525,26,494)@[10,15]
g1005(565,917,902)@[2,9]
g1005(486,481,187)@[9,21]
g1004@[32,34]
g1004@[3,27]
g1005(479,789,134)@[7,49]
g1005(200,156,757)@[7,22]
g1005(369,399,57)@[7,11]
g1006(185,511,469,74)@[26,32]
g1006(538,898,453,908)@[9,11]
g1005(542,11,365)@[9,30]
g1005(863,199,55)@[4,42]
g1005(453,142,912)@[1,11]
g1005(249,156,664)@[25,44]
g1005(510,649,183)@[1,37]
g1005(610,221,156)@[27,34]
g1005(272,277,38)@[32,34]
g1005(456,76,11)@[13,37]
g1006(275,75,153,177)@[24,47]
g1004@[32,40]
g1005(640,626,531)@[3,24]
g1005(748,247,125)@[4,42]
g1005(231,214,58)@[17,34]
g1005(433,877,337)@[24,27]
g1004@[2,25]
g1004@[2,23]
g1005(317,712,492)@[32,33]
g1005(694,93,311)@[16,49]
g1005(280,293,310)@[1,20]
g1004@[17,30]
g1006(906,757,223,335)@[12,33]
g1004@[36,43]
g1005(428,372,465)@[3,37]
g1006(37,120,645,872)@[1,28]
g1005(662,688,156)@[23,32]
g1006(686,290,779,135)@[7,44]
g1005(279,350,494)@[13,28]
g1006(848,421,856,152)@[38,46]
g1005(447,525,761)@[42,45]
g1005(136,453,510)@[1,30]
g1004@[4,22]
g1005(329,62,882)@[41,44]
g1005(562,603,739)@[22,23]
g1004@[0,33]
g1005(665,809,19)@[8,12]
g1005(618,577,126)@[5,6]
g1005(331,295,475)@[23,44]
g1005(668,237,862)@[21,33]
g1006(561,27,206,620)@[23,33]
g1005(261,316,328)@[19,23]
g1005(14,750,353)@[7,47]
g1005(158,309,434)@[7,18]
g1004@[4,24]
g1005(137,519,396)@[36,49]
g1005(745,275,427)@[0,22]
g1004@[26,48]
g1005(365,401,544)@[39,49]
g1006(258,172,755,897)@[17,45]
g1005(740,67,806)@[13,14]
g1005(51,845,449)@[13,49]
g1005(704,94,737)@[0,2]
g1005(338,598,365)@[25,34]
g1005(67,669,674)@[10,35]
g1005(274,323,570)@[21,25]
g1005(229,458,419)@[24,26]
g1006(450,790,376,80)@[31,36]
g1005(513,890,658)@[18,21]
g1004@[6,28]
g1005(474,26,107)@[38,49]
g1005(544,483,351)@[14,31]
g1005(755,641,439)@[33,37]
g1005(581,352,820)@[13,18]
g1006(430,446,698,604)@[3,24]
g1005(810,605,179)@[0,32]
g1005(395,704,698)@[15,38]
g1005(795,377,747)@[13,39]
g1005(287,752,170)@[24,25]
g1004@[37,48]
g1005(469,382,329)@[32,37]
g1006(347,120,538,413)@[17,37]
g1006(780,645,675,329)@[17,46]
g1004@[34,45]
g1004@[2,38]
g1005(322,452,71)@[33,36]
g1004@[28,34]
g1005(281,916,903)@[23,47]
g1004@[4,17]
g1005(660,198,266)@[4,12]
g1004@[9,40]
g1005(390,805,209)@[17,48]
g1004@[11,42]
g1005(644,617,268)@[34,40]
g1005(268,439,253)@[13,20]
g1005(730,22,505)@[20,48]
g1005(486,732,562)@[0,3]
g1005(114,30,891)@[24,27]
g1004@[0,19]
g1004@[4,30]
g1006(78,323,355,642)@[6,42]
g1005(553,74,682)@[2,17]
g1005(618,819,330)@[14,20]
g1005(419,694,606)@[26,29]
g1004@[22,33]
g1005(188,309,218)@[5,47]
g1005(265,455,571)@[6,48]
g1005(90,745,462)@[14,29]
g1004@[6,47]
g1004@[14,41]
g1005(573,189,718)@[7,37]
g1005(338,305,836)@[18,41]
g1005(344,530,809)@[18,45]
g1004@[26,45]
g1005(636,850,742)@[10,18]
g1006(634,586,630,216)@[29,33]
g1005(862,761,72)@[31,45]
g1005(825,817,258)@[34,46]
g1005(322,362,419)@[13,30]
g1005(767,678,661)@[22,46]
g1004@[6,8]
g1005(906,660,476)@[12,29]
g1004@[28,40]
g1005(507,144,638)@[8,16]
g1006(509,555,5,21)@[12,47]
g1005(501,572,775)@[6,22]
g1004@[7,17]
g1005(47,154,506)@[2,31]
g1006(211,137,884,151)@[0,34]
g1005(358,170,182)@[18,32]
g1006(55,267,452,319)@[9,14]
g1005(633,843,451)@[14,26]
g1004@[0,8]
g1006(764,200,432,721)@[7,36]
g1004@[33,36]
g1005(97,716,159)@[0,2]
g1005(775,255,236)@[1,24]
g1005(210,215,130)@[8,11]
g1006(433,827,509,256)@[41,42]
g1004@[32,45]
g1004@[40,42]
g1005(427,910,880)@[17,30]
g1005(145,810,903)@[14,46]
g1004@[14,46]
g1005(261,89,741)@[11,23]
g1005(249,621,883)@[3,43]
g1005(67,604,239)@[15,40]
g1004@[38,47]
g1004@[2,7]
g1005(266,230,910)@[5,47]
g1005(366,443,237)@[21,46]
g1005(85,545,214)@[18,39]
g1006(450,192,478,653)@[34,41]
g1005(430,396,216)@[21,28]
g1005(273,578,95)@[8,21]
g1005(61,907,182)@[25,37]
g1005(228,294,493)@[38,42]
g1004@[6,29]
g1005(359,211,299)@[11,36]
g1005(875,811,269)@[10,21]
g1004@[7,13]
g1005(717,409,82)@[8,16]
g1005(643,216,263)@[42,49]
g1005(127,918,242)@[43,48]
g1005(862,703,603)@[17,19]
g1005(125,843,906)@[2,34]
g1004@[20,33]
g1006(391,195,305,274)@[12,18]
g1005(686,273,740)@[16,44]
g1005(240,433,815)@[22,35]
g1005(788,362,834)@[2,5]
g1005(600,522,590)@[39,40]
g1005(752,353,444)@[2,25]
g1005(408,65,98)@[28,43]
g1005(85,538,360)@[19,31]
g1005(334,830,758)@[9,45]
g1005(671,323,583)@[13,20]
g1006(823,497,57,661)@[23,31]
g1006(357,494,658,8)@[20,22]
g1005(309,178,571)@[6,46]
g1005(67,407,160)@[37,41]
g1005(24,645,806)@[0,1]
g1005(688,498,808)@[7,40]
g1005(121,790,91)@[27,37]
g1005(825,545,363)@[7,16]
g1004@[34,38]
g1005(551,860,792)@[18,25]
g1006(884,421,133,423)@[7,33]
g1004@[14,25]
g1005(575,226,753)@[0,10]
g1005(863,734,584)@[5,48]
g1005(358,794,891)@[13,30]
g1005(410,349,257)@[26,34]
g1004@[36,41]
g1005(303,65,217)@[39,44]
g1004@[1,47]
g1004@[24,44]
g1004@[12,18]
g1004@[20,32]
g1004@[27,29]
g1005(468,871,458)@[13,37]
g1005(630,340,356)@[20,38]
g1005(211,123,53)@[26,30]
g1005(510,306,142)@[23,26]
g1005(702,850,615)@[21,38]
g1005(576,616,34)@[28,40]
g1006(629,627,142,281)@[34,45]
g1005(565,657,13)@[24,31]
g1005(1,787,609)@[31,47]
g1006(314,203,64,516)@[0,1]
g1006(434,840,366,278)@[2,5]
g1005(154,751,165)@[15,39]
g1005(455,300,800)@[18,29]
g1006(206,27,371,198)@[29,36]
g1005(461,681,429)@[9,29]
g1005(63,559,282)@[25,42]
g1004@[5,28]
g1004@[21,31]
g1005(573,520,489)@[42,46]
g1005(598,122,540)@[1,35]
g1005(93,319,707)@[2,11]
g1004@[32,48]
g1005(675,110,859)@[12,42]
g1005(408,329,267)@[4,10]
g1004@[10,45]
g1005(20,863,94)@[21,40]
g1005(369,622,695)@[7,27]
g1005(141,776,580)@[8,12]
g1005(384,220,587)@[38,44]
g1005(420,472,184)@[14,18]
g1005(200,145,863)@[18,44]
g1005(80,710,472)@[1,25]
g1005(465,74,42)@[17,40]
g1005(347,553,279)@[4,39]
g1005(19,47,306)@[41,43]
g1005(364,60,17)@[28,44]
g1005(28,564,197)@[10,29]
g1005(99,144,774)@[21,26]
g1004@[17,23]
g1006(415,142,681,886)@[12,19]
g1005(559,410,597)@[35,44]
g1006(758,222,413,3)@[9,10]
g1005(786,345,37)@[20,45]
g1005(671,790,392)@[20,49]
g1005(493,664,344)@[1,30]
g1005(905,591,421)@[20,40]
g1004@[6,21]
g1004@[1,46]
g1005(597,693,764)@[10,47]
g1005(691,121,356)@[1,7]
g1005(801,264,208)@[6,10]
g1005(179,589,596)@[13,44]
g1005(29,833,714)@[2,6]
g1006(236,70,829,126)@[11,42]
g1006(905,498,263,432)@[7,36]
g1004@[19,40]
g1006(88,557,847,235)@[6,46]
g1005(265,426,405)@[26,28]
g1004@[4,17]
g1006(180,543,219,52)@[1,9]
g1005(189,767,67)@[31,39]
g1005(854,559,803)@[13,48]
g1005(615,112,294)@[22,32]
g1005(673,306,765)@[11,33]
g1005(866,381,905)@[19,47]
g1004@[6,30]
g1005(891,415,660)@[30,44]
g1005(868,224,555)@[26,48]
g1005(917,536,184)@[4,13]
g1004@[17,24]
g1005(534,243,684)@[3,14]
g1004@[10,26]
g1005(744,90,346)@[33,36]
g1006(257,722,737,511)@[9,16]
g1006(429,800,656,365)@[25,47]
g1006(1,29,541,621)@[12,20]
g1005(868,620,795)@[44,45]
g1005(515,250,359)@[28,35]
g1005(610,886,260)@[27,44]
g1005(885,276,33)@[14,24]
g1004@[37,46]
g1004@[21,44]
g1004@[26,28]
g1005(501,261,632)@[17,32]
g1004@[34,45]
g1005(571,822,134)@[22,29]
g1005(166,318,213)@[41,42]
g1005(674,863,55)@[5,37]
g1004@[8,44]
g1005(328,268,873)@[27,45]
g1005(390,581,525)@[45,46]
g1005(548,419,133)@[3,20]
g1006(46,827,187,610)@[5,40]
g1004@[5,22]
g1005(546,111,382)@[16,38]
g1004@[20,49]
g1005(250,59,279)@[8,40]
g1004@[33,40]
g1004@[10,40]
g1005(73,786,430)@[21,34]
g1004@[13,35]
g1006(160,64,19,50)@[2,13]
g1005(720,483,873)@[26,27]
g1005(47,697,601)@[10,26]
g1005(687,596,337)@[9,46]
g1005(687,875,337)@[40,43]
g1005(373,661,15)@[40,49]
g1005(297,62,33)@[2,26]
g1005(449,213,578)@[0,3]
g1006(518,866,233,128)@[16,23]
g1004@[17,27]
g1005(323,345,471)@[0,14]
g1004@[45,46]
g1004@[4,38]
g1006(8,231,876,201)@[26,43]
g1006(262,54,804,52)@[24,44]
g1004@[24,45]
g1004@[11,18]
g1005(140,397,654)@[10,12]
g1004@[27,30]
g1005(299,745,915)@[34,40]
g1005(17,493,543)@[5,19]
g1004@[8,14]
g1005(523,536,450)@[2,47]
g1004@[27,40]
g1004@[7,19]
g1005(858,281,77)@[32,42]
g1006(172,263,25,915)@[12,38]
g1005(11,538,505)@[37,46]
g1004@[9,41]
g1004@[14,40]
g1006(140,596,919,77)@[9,14]
g1005(27,529,340)@[40,47]
g1005(635,498,596)@[0,46]
g1005(266,338,199)@[15,30]
g1005(361,259,903)@[0,23]
g1005(234,404,446)@[39,47]
g1005(356,364,42)@[15,29]
g1005(173,518,9)@[5,14]
g1005(217,488,516)@[19,21]
g1005(904,88,625)@[9,20]
g1004@[24,32]
g1005(408,424,645)@[24,38]
g1005(659,409,307)@[19,39]
g1005(463,862,919)@[32,38]
g1005(559,715,467)@[1,47]
g1004@[19,40]
g1005(192,685,900)@[33,46]
g1005(862,221,449)@[17,41]
g1005(23,828,325)@[24,30]
g1005(830,535,825)@[3,28]
g1004@[19,30]
g1005(721,467,316)@[7,13]
g1004@[46,48]
g1005(635,208,808)@[24,44]
g1006(89,583,571,84)@[20,39]
g1005(272,21,643)@[19,22]
g1005(895,219,747)@[39,45]
g1005(787,126,25)@[33,36]
g1005(845,259,278)@[12,39]
g1006(768,902,487,473)@[2,3]
g1005(674,441,202)@[3,35]
g1005(419,17,186)@[10,16]
g1004@[19,45]
g1005(802,287,738)@[22,32]
g1006(8,473,684,425)@[21,28]
g1004@[28,43]
g1005(371,798,248)@[4,32]
g1005(26,752,201)@[0,13]
g1005(389,392,395)@[33,47]
g1005(853,535,685)@[7,31]
g1006(806,258,256,292)@[8,40]
g1004@[0,32]
g1004@[48,49]
g1004@[6,26]
g1005(525,742,881)@[19,47]
g1004@[26,27]
g1005(666,722,279)@[3,24]
g1005(583,619,226)@[9,27]
g1006(453,475,240,828)@[33,36]
g1005(871,337,502)@[17,41]
g1005(901,822,869)@[5,23]
g1005(34,846,664)@[16,41]
g1004@[24,49]
g1004@[12,42]
g1005(255,202,399)@[3,19]
g1004@[43,46]
g1004@[4,38]
g1006(627,909,670,535)@[4,7]
g1005(885,571,378)@[36,38]
g1004@[29,44]
g1005(703,622,166)@[20,38]
g1005(110,402,33)@[38,46]
g1005(286,235,96)@[44,48]
g1005(607,48,605)@[3,16]
g1006(1,860,819,391)@[17,22]
g1006(620,517,580,421)@[19,43]
g1006(898,606,80,532)@[29,36]
g1005(497,433,495)@[27,31]
g1006(7,501,613,575)@[30,46]
g1004@[10,40]
g1004@[13,43]
g1005(270,269,514)@[4,15]
g1005(84,342,614)@[4,7]
g1005(429,768,135)@[5,20]
g1005(699,374,674)@[36,47]
g1005(418,122,502)@[4,44]
g1005(864,760,140)@[24,29]
g1004@[40,49]
g1005(362,644,164)@[27,42]
g1005(259,18,353)@[2,46]
g1006(42,382,570,274)@[41,48]
g1005(606,382,638)@[2,5]
g1004@[8,15]
g1005(543,841,298)@[15,23]
g1004@[2,21]
g1004@[7,30]
g1006(45,451,29,247)@[4,43]
g1005(167,627,138)@[12,48]
g1005(813,80,381)@[6,24]
g1005(344,528,546)@[14,32]
g1005(78,214,129)@[6,47]
g1004@[2,12]
g1005(605,35,527)@[26,41]
g1004@[19,42]
g1004@[24,33]
g1005(732,199,284)@[31,35]
g1004@[6,19]
g1004@[9,34]
g1004@[13,16]
g1005(0,868,712)@[48,49]
g1006(581,214,646,252)@[21,49]
g1005(351,599,836)@[22,32]
g1005(687,189,800)@[2,49]
g1006(380,86,862,588)@[33,43]
g1005(868,697,156)@[44,46]
g1005(445,558,131)@[29,34]
g1005(852,613,112)@[23,34]
g1004@[10,24]
g1005(494,211,315)@[16,42]
g1004@[27,46]
g1005(382,800,252)@[8,18]
g1004@[17,39]
g1005(793,878,331)@[15,31]
g1005(54,809,111)@[25,43]
g1005(278,44,456)@[1,20]
g1004@[11,18]
g1004@[34,38]
g1005(351,310,822)@[19,23]
g1005(785,576,128)@[0,41]
g1006(899,348,72,242)@[37,46]
g1004@[2,15]
g1005(908,468,885)@[3,44]
g1004@[5,7]
g1005(812,147,381)@[20,23]
g1005(102,804,778)@[39,44]
g1005(217,894,642)@[27,48]
g1005(749,483,410)@[4,14]
g1006(548,77,858,281)@[6,27]
g1005(18,591,370)@[10,42]
g1005(529,157,411)@[30,48]
g1005(636,74,846)@[12,30]
g1004@[8,16]
g1004@[2,29]
g1005(410,411,507)@[16,38]
g1004@[4,10]
g1005(265,411,266)@[4,10]
g1004@[8,34]
g1005(456,248,622)@[22,34]
g1005(288,628,176)@[2,4]
g1005(713,683,211)@[29,49]
g1005(685,768,426)@[17,42]
g1004@[3,35]
g1006(71,250,173,888)@[2,17]
g1005(660,521,17)@[11,21]
g1005(444,201,291)@[9,39]
g1005(187,206,332)@[11,30]
g1004@[29,42]
g1005(787,812,45)@[27,45]
g1005(95,785,303)@[37,46]
g1005(858,151,610)@[10,49]
g1005(848,409,212)@[34,49]
g1005(689,77,690)@[2,44]
g1005(490,750,220)@[2,12]
g1005(471,665,202)@[25,27]
g1005(438,151,284)@[3,6]
g1005(344,181,752)@[44,48]
g1005(544,353,405)@[32,37]
g1005(365,899,50)@[19,47]
g1004@[20,46]
g1006(233,279,836,215)@[11,41]
g1005(623,730,446)@[27,48]
g1005(584,479,165)@[2,47]
g1005(102,595,599)@[6,34]
g1004@[0,37]
g1004@[16,23]
g1005(398,252,117)@[12,23]
g1006(668,833,16,415)@[10,43]
g1004@[9,47]
g1006(567,794,689,467)@[28,35]
g1005(292,564,402)@[0,9]
g1005(786,78,571)@[6,47]
g1005(861,720,154)@[6,46]
g1006(50,46,832,670)@[18,20]
g1004@[15,43]
g1004@[0,16]
g1005(1,674,837)@[13,24]
g1005(755,826,15)@[24,43]
g1005(836,445,452)@[26,47]
g1004@[18,43]
g1005(380,383,18)@[10,31]
g1004@[6,37]
g1004@[33,47]
g1005(69,467,758)@[35,40]
g1004@[2,33]
g1006(240,521,84,377)@[3,5]
g1006(664,174,602,571)@[24,46]
g1005(872,671,349)@[1,25]
g1005(896,85,525)@[13,16]
g1004@[33,38]
g1004@[11,15]
g1005(50,438,173)@[9,21]
g1005(307,421,30)@[22,33]
g1006(919,221,558,617)@[11,32]
g1005(690,807,153)@[18,44]
g1004@[22,47]
g1004@[9,42]
g1006(826,256,740,503)@[2,17]
g1005(724,30,566)@[27,38]
g1005(872,714,662)@[21,23]
g1005(647,128,894)@[42,43]
g1005(175,33,242)@[26,35]
g1004@[15,32]
g1005(850,308,4)@[41,46]
g1004@[9,43]
g1005(637,517,254)@[11,28]
g1005(695,280,418)@[23,44]
g1005(866,698,771)@[10,46]
g1005(569,321,545)@[36,43]
g1005(277,10,683)@[10,40]
g1006(91,291,8,702)@[21,41]
g1005(604,235,58)@[9,24]
g1005(139,95,301)@[17,40]
g1005(205,705,267)@[4,26]
g1005(869,839,449)@[24,38]
g1006(188,793,558,101)@[12,45]
g1004@[21,46]
g1006(857,739,222,800)@[41,42]
g1005(792,17,541)@[39,43]
g1005(694,793,153)@[30,43]
g1005(836,297,709)@[17,46]
g1005(465,867,884)@[25,47]
g1005(251,721,742)@[40,42]
g1005(111,836,495)@[22,32]
g1005(494,496,420)@[4,41]
g1005(445,772,571)@[0,19]
g1004@[30,33]
g1006(535,427,226,33)@[24,39]
g1005(232,134,277)@[14,33]
g1005(618,811,274)@[35,42]
g1004@[36,41]
g1005(200,680,66)@[15,27]
g1004@[13,48]
g1005(809,470,4)@[1,30]
g1005(439,16,841)@[3,49]
g1004@[5,41]
g1005(707,406,573)@[12,21]
g1004@[24,34]
g1005(643,143,89)@[9,33]
g1005(393,904,153)@[16,27]
g1004@[8,30]
g1005(429,695,864)@[2,40]
g1004@[34,48]
g1004@[1,42]
g1004@[21,23]
g1005(786,456,506)@[5,21]
g1004@[39,46]
g1005(311,890,682)@[8,48]
g1005(416,285,135)@[19,25]
g1005(864,321,909)@[35,36]
g1006(792,125,521,386)@[0,12]
g1005(284,586,708)@[12,27]
g1005(104,317,266)@[14,15]
g1005(351,721,800)@[25,40]
g1005(490,562,471)@[13,39]
g1004@[7,28]
g1005(112,213,628)@[2,24]
g1005(438,285,412)@[17,33]
g1005(216,695,142)@[26,40]
g1005(625,279,353)@[23,48]
g1004@[20,49]
g1005(413,544,495)@[27,47]
g1005(254,436,442)@[31,33]
g1004@[8,28]
g1005(716,33,337)@[14,21]
g1005(452,556,731)@[3,29]
g1004@[23,24]
g1004@[21,32]
g1005(299,518,645)@[1,5]
g1005(787,322,10)@[25,27]
g1004@[3,19]
g1006(868,851,483,843)@[42,46]
g1005(912,879,453)@[15,38]
g1004@[22,44]
g1005(6,510,1)@[34,39]
g1005(54,824,159)@[7,46]
g1004@[5,21]
g1005(863,617,355)@[18,28]
g1005(262,509,35)@[6,17]
g1005(57,315,192)@[34,39]
g1005(102,814,863)@[11,29]
g1005(301,803,332)@[26,27]
g1006(556,161,907,396)@[14,37]
g1005(672,773,434)@[1,43]
g1005(569,215,868)@[9,33]
g1004@[0,45]
g1005(577,270,776)@[29,42]
g1004@[11,17]
g1005(716,611,280)@[11,39]
g1005(88,197,459)@[36,40]
g1005(475,285,65)@[0,30]
g1006(49,211,334,243)@[10,12]
g1005(594,220,507)@[38,39]
g1006(709,241,229,50)@[12,20]
g1004@[9,34]
g1004@[0,10]
g1005(54,122,670)@[8,10]
g1005(715,314,877)@[14,18]
g1004@[6,41]
g1005(773,192,130)@[19,30]
g1005(463,389,593)@[16,32]
g1006(850,31,258,131)@[23,41]
g1005(648,812,748)@[2,14]
g1005(572,634,547)@[30,35]
g1004@[2,14]
g1005(770,271,324)@[8,10]
g1005(714,458,868)@[30,45]
g1004@[4,37]
g1006(270,657,871,211)@[45,47]
g1005(335,882,723)@[25,36]
g1005(179,798,195)@[36,39]
g1004@[27,29]
g1004@[5,25]
g1006(115,899,17,637)@[13,16]
g1004@[33,38]
g1006(142,510,139,193)@[15,45]
g1005(432,891,319)@[9,44]
g1004@[4,9]
g1005(721,285,541)@[8,30]
g1005(765,470,315)@[5,22]
g1005(730,401,4)@[3,34]
g1005(100,251,788)@[5,29]
g1004@[9,11]
g1005(854,111,504)@[10,40]
g1005(912,256,262)@[3,29]
g1005(721,59,399)@[2,8]
g1004@[10,23]
g1005(190,894,533)@[8,40]
g1005(544,786,726)@[17,23]
g1005(69,459,254)@[30,33]
g1005(834,459,545)@[2,46]
g1004@[15,24]
g1004@[21,24]
g1005(207,376,678)@[12,20]
g1005(111,330,139)@[21,31]
g1005(866,191,588)@[27,47]
g1005(564,878,172)@[5,11]
g1004@[34,40]
g1005(872,403,884)@[44,45]
g1004@[10,21]
g1005(579,798,662)@[15,23]
g1005(470,385,848)@[8,32]
g1004@[25,33]
g1005(56,442,606)@[8,18]
g1005(381,152,571)@[6,10]
g1005(588,180,230)@[18,23]
g1004@[16,46]
g1005(446,144,204)@[10,11]
g1006(520,665,694,748)@[24,47]
g1005(908,167,260)@[12,26]
g1005(326,93,7)@[11,41]
g1005(279,842,535)@[18,25]
g1005(517,799,90)@[14,33]
g1004@[2,24]
g1005(202,864,155)@[17,47]
g1004@[6,29]
g1005(73,656,91)@[27,42]
g1005(35,548,227)@[10,27]
g1005(841,622,631)@[20,48]
g1004@[31,48]
g1004@[11,37]
g1004@[6,33]
g1004@[3,15]
g1005(785,227,270)@[30,44]
g1005(217,791,504)@[17,30]
g1005(340,813,143)@[23,43]
g1005(670,877,298)@[9,13]
g1005(208,482,261)@[17,38]
g1005(374,135,84)@[32,40]
g1004@[12,14]
g1005(468,662,352)@[4,46]
g1005(137,857,590)@[1,6]
g1005(660,844,472)@[13,39]
g1004@[1,12]
g1005(170,645,15)@[30,41]
g1005(596,173,102)@[15,47]
g1004@[46,49]
g1005(652,57,682)@[24,32]
g1005(11,193,44)@[31,33]
g1004@[9,24]
g1006(151,816,135,270)@[24,34]
g1005(699,868,870)@[39,44]
g1005(145,805,259)@[16,47]
g1005(407,451,423)@[19,32]
g1004@[9,18]
g1004@[19,43]
g1004@[7,8]
g1005(499,186,816)@[3,5]
g1004@[7,13]
g1006(271,515,355,509)@[37,46]
g1005(837,887,779)@[22,46]
g1006(793,146,298,400)@[11,49]
g1005(319,103,492)@[19,25]
g1006(196,790,11,612)@[22,24]
g1005(661,293,459)@[41,49]
g1004@[31,32]
g1006(125,687,224,126)@[39,48]
g1005(707,661,286)@[24,32]
g1005(174,805,624)@[28,38]
g1004@[26,47]
g1005(780,194,704)@[36,38]
g1005(814,241,125)@[9,39]
g1005(826,262,758)@[4,43]
g1005(163,576,670)@[12,34]
g1005(367,247,748)@[22,38]
g1005(168,207,792)@[10,34]
g1006(747,519,637,756)@[27,48]
g1006(643,13,555,42)@[19,20]
g1005(253,876,433)@[8,31]
g1004@[1,10]
g1005(816,823,412)@[2,19]
g1005(733,915,428)@[20,43]
g1005(129,734,38)@[7,20]
g1005(607,882,317)@[2,30]
g1005(667,830,641)@[23,32]
g1004@[27,42]
g1006(735,338,786,870)@[3,42]
g1005(577,460,674)@[8,13]
g1005(476,270,318)@[9,36]
g1006(57,740,233,461)@[4,28]
g1004@[15,40]
g1005(512,224,646)@[0,32]
g1005(292,389,33)@[4,25]
g1005(586,131,711)@[1,46]
g1004@[7,40]
g1004@[21,39]
g1004@[36,37]
g1005(584,79,165)@[28,29]
g1005(559,144,623)@[8,16]
g1005(267,58,621)@[8,41]
g1005(15,844,152)@[27,44]
g1005(55,783,75)@[23,44]
g1005(124,615,679)@[12,43]
g1005(134,105,325)@[3,10]
g1005(780,730,34)@[31,45]
g1005(16,294,387)@[3,18]
g1005(63,103,179)@[17,30]
g1005(603,653,307)@[1,3]
g1004@[3,47]
g1005(670,494,99)@[30,45]
g1006(556,421,505,234)@[15,23]
g1006(909,780,877,143)@[3,45]
g1005(373,417,270)@[31,36]
g1005(56,535,899)@[0,11]
g1005(380,710,908)@[27,41]
g1006(830,557,439,428)@[7,20]
g1005(265,153,708)@[27,37]
g1005(862,852,695)@[34,35]
g1004@[4,40]
g1005(722,744,855)@[13,16]
g1005(850,522,334)@[5,31]
g1006(419,862,857,602)@[0,10]
g1005(789,351,913)@[17,26]
g1005(542,550,384)@[9,21]
g1004@[10,15]
g1004@[7,24]
g1005(76,34,623)@[3,9]
g1005(107,518,560)@[10,27]
g1005(31,61,752)@[29,37]
g1005(585,914,888)@[11,36]
g1005(790,805,891)@[8,36]
g1004@[34,49]
g1006(317,803,481,262)@[24,26]
g1005(85,375,95)@[24,36]
g1005(883,765,699)@[4,23]
g1004@[13,26]
g1005(515,2,506)@[25,26]
g1005(875,366,38)@[38,44]
g1005(375,187,133)@[32,46]
g1005(816,97,745)@[3,22]
g1005(567,399,872)@[17,40]
g1005(460,804,872)@[5,35]
g1005(457,263,608)@[14,24]
g1005(614,280,892)@[27,48]
g1005(479,26,784)@[8,12]
g1005(212,542,350)@[19,29]
g1006(459,454,729,585)@[16,44]
g1005(712,634,194)@[6,34]
g1005(318,94,341)@[4,11]
g1005(553,481,879)@[39,41]
g1006(279,887,680,242)@[16,40]
g1006(627,413,603,405)@[20,28]
g1004@[17,45]
g1004@[1,8]
g1004@[18,42]
g1004@[38,49]
g1004@[23,29]
g1004@[8,12]
g1005(871,720,28)@[3,23]
g1005(232,108,892)@[8,45]
g1005(722,129,417)@[17,21]
g1005(901,248,279)@[23,28]
g1006(107,360,320,156)@[38,49]
g1006(704,696,222,587)@[24,31]
g1005(707,122,259)@[40,49]
g1005(88,507,20)@[28,44]
g1006(551,673,448,497)@[16,22]
g1005(380,356,609)@[36,48]
g1005(202,405,440)@[17,40]
g1005(872,364,340)@[22,40]
g1004@[44,47]
g1004@[9,34]
g1004@[3,7]
g1005(680,797,640)@[3,41]
g1005(123,105,696)@[21,25]
g1005(479,649,596)@[7,8]
g1005(828,478,591)@[0,20]
g1004@[41,45]
g1004@[2,19]
g1005(800,734,443)@[39,49]
g1006(895,647,196,5)@[35,39]
g1006(792,717,317,318)@[28,30]
g1005(913,568,39)@[35,43]
g1005(240,14,51)@[21,40]
g1005(445,540,216)@[37,45]
g1005(427,465,47)@[16,33]
g1006(160,51,570,179)@[14,36]
g1005(870,303,706)@[4,46]
g1004@[39,43]
g1004@[21,22]
g1005(46,90,683)@[16,37]
g1005(603,811,870)@[33,49]
g1004@[4,12]
g1006(494,595,788,7)@[29,34]
g1005(250,252,227)@[35,38]
g1005(625,451,62)@[18,44]
g1005(103,659,687)@[7,33]
g1005(610,547,801)@[4,20]
g1005(266,125,67)@[22,40]
g1004@[2,7]
g1005(284,687,59)@[14,17]
g1005(270,720,121)@[34,40]
g1006(402,825,842,361)@[43,45]
g1005(711,573,777)@[3,48]
g1005(792,696,637)@[10,46]
g1005(89,612,186)@[3,20]
g1005(449,738,602)@[24,27]
g1004@[34,42]
g1005(147,627,589)@[29,47]
g1005(822,189,635)@[0,10]
g1005(52,331,372)@[22,23]
g1005(12,602,316)@[4,41]
g1005(340,768,423)@[31,49]
g1005(75,425,103)@[12,27]
g1006(60,913,708,607)@[2,28]
g1005(39,62,16)@[35,46]
g1005(668,878,815)@[10,19]
g1005(487,429,509)@[13,46]
g1005(700,196,743)@[20,21]
g1005(577,654,190)@[18,19]
g1005(675,329,645)@[11,16]
g1006(721,431,798,296)@[7,39]
g1004@[11,23]
g1005(268,106,889)@[15,48]
g1005(847,680,668)@[26,32]
g1005(437,365,262)@[1,48]
g1004@[35,49]
g1004@[40,48]
g1005(308,621,606)@[19,38]
g1005(905,832,212)@[3,37]
g1004@[10,41]
g1005(541,518,382)@[13,43]
g1005(529,909,118)@[13,23]
g1006(170,76,781,309)@[12,17]
g1004@[45,47]
g1005(563,234,523)@[2,5]
g1005(53,195,870)@[13,45]
g1005(401,423,323)@[12,21]
g1005(819,418,898)@[5,39]
g1005(478,628,204)@[1,25]
g1006(49,494,803,202)@[9,48]
g1005(778,399,370)@[13,26]
g1004@[30,33]
g1005(264,676,770)@[42,44]
g1005(637,49,344)@[7,38]
g1004@[9,17]
g1005(104,263,145)@[18,41]
g1005(163,96,573)@[5,15]
g1004@[24,43]
g1004@[32,47]
g1005(143,148,133)@[40,41]
g1004@[5,34]
g1004@[10,14]
g1006(257,475,202,59)@[2,43]
g1004@[1,44]
g1006(594,109,549,37)@[3,34]
g1004@[3,47]
g1005(707,432,245)@[3,28]
g1006(284,425,304,910)@[24,45]
g1005(517,506,722)@[1,26]
g1006(689,148,402,171)@[22,36]
g1005(522,688,24)@[11,37]
g1005(33,533,310)@[30,37]
g1006(267,476,392,342)@[31,43]
g1004@[12,46]
g1005(806,629,548)@[1,9]
g1005(685,146,466)@[3,46]
g1005(255,612,685)@[0,48]
g1004@[20,44]
g1005(576,215,150)@[16,45]
g1005(69,661,29)@[22,23]
g1005(877,272,670)@[10,31]
g1005(206,403,909)@[6,24]
g1005(724,646,180)@[24,38]
g1005(824,326,803)@[30,35]
g1005(175,16,324)@[8,40]
g1005(870,177,833)@[5,18]
g1004@[13,19]
g1005(374,115,138)@[14,26]
g1004@[24,49]
g1005(664,498,70)@[16,28]
g1004@[27,35]
g1005(416,547,253)@[2,45]
g1006(487,765,81,404)@[21,35]
g1004@[18,36]
g1004@[3,8]
g1004@[8,42]
g1006(855,761,529,533)@[5,41]
g1006(861,750,577,47)@[18,36]
g1004@[23,48]
g1005(835,193,89)@[1,44]
g1005(614,898,8)@[15,42]
g1005(822,70,578)@[2,35]
g1004@[26,49]
g1005(239,919,818)@[7,30]
g1004@[18,49]
g1006(351,858,347,95)@[6,14]
g1006(429,312,255,629)@[9,41]
g1005(133,242,307)@[1,47]
g1005(581,521,157)@[21,47]
g1005(536,598,515)@[0,19]
g1004@[18,29]
g1004@[16,33]
g1004@[25,27]
g1005(87,304,345)@[10,23]
g1005(629,724,112)@[35,42]
g1005(210,195,69)@[7,18]
g1005(439,550,541)@[15,28]
g1005(785,808,755)@[27,33]
g1005(704,847,626)@[39,40]
g1005(151,480,512)@[5,27]
g1004@[18,31]
g1005(701,41,646)@[39,49]
g1005(430,730,716)@[30,40]
g1004@[45,48]
g1004@[35,49]
g1005(442,670,712)@[3,10]
g1004@[8,48]
g1004@[39,41]
g1004@[6,42]
g1006(127,783,77,601)@[12,34]
g1005(401,286,517)@[7,31]
g1004@[34,42]
g1005(304,173,154)@[25,46]
g1005(740,148,24)@[8,22]
g1005(730,782,720)@[41,44]
g1004@[9,41]
g1006(20,520,710,253)@[6,12]
g1005(304,363,488)@[13,19]
g1006(508,89,285,1)@[8,36]
g1004@[8,33]
g1005(180,137,850)@[26,32]
g1005(3,724,187)@[30,43]
g1004@[24,44]
g1005(601,713,889)@[32,40]
g1004@[31,36]
g1004@[0,24]
g1004@[4,18]
g1005(106,314,433)@[3,9]
g1005(290,115,841)@[17,28]
g1005(368,811,489)@[1,48]
g1004@[0,33]
g1005(440,186,262)@[16,34]
g1006(52,428,743,125)@[16,33]
g1004@[13,29]
g1005(700,210,215)@[24,34]
g1005(796,438,513)@[36,45]
g1005(291,472,311)@[23,40]
g1005(283,733,804)@[16,34]
g1004@[22,49]
g1004@[21,27]
g1005(28,727,234)@[25,48]
g1004@[7,24]
g1005(775,721,841)@[11,43]
g1004@[2,8]
g1005(697,141,746)@[6,15]
g1005(321,459,707)@[43,47]
g1004@[32,37]
g1004@[8,19]
g1004@[21,28]
g1004@[6,32]
g1005(35,631,890)@[3,33]
g1005(736,901,543)@[25,47]
g1004@[8,31]
g1005(205,695,554)@[48,49]
g1005(843,102,344)@[26,35]
g1004@[36,39]
g1005(494,56,545)@[12,29]
g1005(145,370,29)@[1,3]
g1005(373,6,491)@[18,39]
g1005(398,885,167)@[17,41]
g1005(516,16,547)@[0,27]
g1004@[9,42]
g1004@[40,49]
g1005(449,431,794)@[14,35]
g1005(80,95,323)@[14,28]
g1005(764,14,783)@[4,43]
g1005(661,226,691)@[30,43]
g1005(530,238,590)@[11,31]
g1005(919,4,145)@[45,48]
g1004@[12,38]
g1005(449,736,727)@[33,39]
g1004@[9,11]
g1005(344,552,83)@[19,40]
g1004@[14,34]
g1005(845,790,307)@[31,39]
g1005(304,55,902)@[0,6]
g1005(609,789,276)@[48,49]
g1005(324,79,439)@[15,47]
g1004@[25,32]
g1006(156,888,701,641)@[18,23]
g1004@[0,3]
g1005(506,629,786)@[21,47]
g1005(130,530,809)@[23,40]
g1005(343,394,685)@[12,40]
g1005(273,535,123)@[27,33]
g1005(830,556,880)@[29,44]
g1004@[41,43]
g1005(250,628,343)@[38,49]
g1005(478,877,679)@[0,31]
g1005(431,365,254)@[11,32]
g1006(748,510,629,602)@[18,47]
g1005(160,735,490)@[9,49]
g1005(112,824,616)@[3,23]
g1004@[3,21]
g1005(33,692,419)@[10,43]
g1005(118,717,220)@[5,28]
g1005(781,218,336)@[3,45]
g1006(28,916,99,15)@[1,31]
g1005(383,91,737)@[1,49]
g1005(591,510,609)@[38,47]
g1004@[9,15]
g1005(541,623,742)@[18,42]
g1005(179,448,619)@[33,48]
g1005(110,41,744)@[3,19]
g1005(1,504,742)@[9,26]
g1005(328,136,111)@[35,41]
g1004@[29,46]
g1005(686,174,334)@[19,23]
g1004@[31,34]
g1005(203,539,65)@[17,31]
g1004@[28,46]
g1005(331,870,511)@[16,23]
g1004@[10,13]
g1005(580,303,903)@[33,34]
g1004@[19,40]
g1005(13,153,89)@[1,45]
g1005(421,906,90)@[3,44]
g1005(173,602,558)@[38,46]
g1005(82,294,831)@[10,27]
g1005(439,424,484)@[27,32]
g1005(139,467,149)@[40,45]
g1005(392,576,398)@[11,23]
g1005(543,478,20)@[8,13]
g1004@[11,25]
g1005(111,598,239)@[3,22]
g1004@[21,31]
g1004@[3,33]
g1005(355,623,219)@[1,26]
g1005(314,585,832)@[27,49]
g1006(861,745,693,811)@[27,45]
g1006(462,60,216,50)@[15,49]
g1005(21,201,535)@[16,45]
g1005(280,690,913)@[20,23]
g1005(270,43,625)@[2,36]
g1005(816,299,507)@[9,15]
g1005(360,366,44)@[5,10]
g1005(634,429,550)@[7,46]
g1005(101,891,498)@[9,26]
g1006(67,392,685,701)@[9,24]
g1004@[10,22]
g1005(571,789,265)@[15,38]
g1004@[9,22]
g1005(564,179,660)@[16,23]
g1005(761,559,358)@[16,35]
g1005(360,409,594)@[30,39]
g1005(699,173,667)@[4,13]
g1005(195,709,742)@[1,24]
g1005(212,227,787)@[8,39]
g1005(737,681,590)@[8,24]
g1005(12,775,259)@[8,14]
g1005(240,382,711)@[15,37]
g1004@[1,33]
g1005(15,909,708)@[15,21]
g1004@[17,33]
g1006(710,257,762,168)@[4,47]
g1004@[37,38]
g1005(777,200,289)@[6,40]
g1005(219,279,517)@[19,35]
g1005(215,563,374)@[5,26]
g1004@[36,38]
g1005(601,655,719)@[2,21]
g1005(567,553,699)@[28,49]
g1005(483,149,520)@[11,24]
g1004@[18,29]
g1004@[8,25]
g1004@[15,45]
g1005(476,483,597)@[18,39]
g1005(344,808,910)@[8,23]
g1004@[11,43]
g1004@[19,42]
g1005(454,533,290)@[2,18]
g1004@[19,23]
g1005(773,775,297)@[10,23]
g1005(573,54,90)@[9,29]
g1004@[4,41]
g1004@[16,27]
g1005(904,784,697)@[18,39]
g1005(139,419,163)@[39,41]
g1005(647,638,833)@[2,8]
g1005(678,575,740)@[5,39]
g1005(441,430,639)@[22,25]
g1005(439,297,509)@[20,41]
g1006(65,797,806,432)@[3,40]
g1004@[34,43]
g1005(408,182,141)@[39,43]
g1004@[1,11]
g1006(573,761,55,805)@[4,48]
g1006(557,582,280,81)@[14,15]
g1005(53,844,70)@[20,31]
g1004@[32,45]
g1005(127,285,775)@[18,33]
g1006(587,464,798,702)@[29,38]
g1006(369,378,31,821)@[3,8]
g1004@[1,6]
g1005(861,292,147)@[15,18]
g1004@[1,39]
g1004@[20,28]
g1004@[12,25]
g1005(689,678,691)@[12,44]
g1005(126,662,395)@[25,46]
g1005(732,668,362)@[36,47]
g1005(675,98,706)@[13,42]
g1004@[10,15]
g1005(691,666,807)@[19,33]
g1005(513,396,128)@[4,36]
g1005(305,710,628)@[25,42]
g1005(547,239,161)@[13,44]
g1004@[23,32]
g1004@[24,42]
g1005(650,305,434)@[31,47]
g1004@[18,47]
g1006(30,847,498,234)@[8,12]
g1004@[9,29]
g1005(382,425,549)@[6,11]
g1005(266,62,264)@[36,38]
g1005(573,752,533)@[19,26]
g1005(830,497,447)@[2,17]
g1005(97,73,828)@[8,24]
g1005(215,209,160)@[24,46]
g1005(823,790,131)@[0,13]
g1005(65,767,341)@[24,39]
g1004@[23,32]
g1005(160,671,467)@[3,21]
g1005(875,318,166)@[11,20]
g1005(760,600,498)@[1,32]
g1004@[28,34]
g1004@[30,34]
g1005(824,551,113)@[6,22]
g1005(226,917,375)@[4,45]
g1005(749,172,210)@[28,33]
g1006(289,748,336,868)@[1,7]
g1005(518,531,876)@[11,31]
g1005(535,725,671)@[30,33]
g1005(818,901,516)@[11,28]
g1005(862,444,917)@[14,34]
g1006(794,420,791,243)@[6,19]
g1004@[22,41]
g1004@[0,8]
g1004@[21,46]
g1004@[22,39]
g1005(163,622,364)@[42,48]
g1005(362,157,445)@[35,45]
g1005(842,609,284)@[18,28]
g1004@[0,38]
g1006(800,503,6,236)@[5,19]
g1005(423,431,910)@[10,35]
g1005(641,817,190)@[21,39]
g1005(609,836,283)@[1,2]
g1005(29,247,451)@[11,35]
g1005(813,881,395)@[31,43]
g1005(5,873,210)@[16,24]
g1005(628,398,274)@[42,47]
g1005(256,434,155)@[4,42]
g1005(400,530,888)@[7,45]
g1005(836,714,294)@[24,40]
g1006(780,274,648,519)@[11,48]
g1004@[9,29]
g1005(275,581,694)@[24,43]
g1005(487,103,865)@[16,25]
g1005(780,434,233)@[15,24]
g1005(769,439,663)@[31,47]
g1005(842,905,229)@[4,17]
g1005(820,845,635)@[18,48]
g1005(655,513,800)@[36,41]
g1004@[2,29]
g1004@[9,10]
g1005(76,582,181)@[24,35]
g1005(870,211,226)@[13,20]
g1004@[0,28]
g1004@[38,44]
g1004@[29,40]
g1005(371,273,380)@[4,24]
g1005(485,13,744)@[1,26]
g1005(567,492,560)@[42,43]
g1006(480,859,486,621)@[4,7]
g1004@[19,32]
g1005(592,335,646)@[3,20]
g1005(835,720,567)@[10,16]
g1004@[30,45]
g1005(426,237,440)@[30,31]
g1004@[20,49]
g1005(906,355,144)@[20,29]
g1005(424,595,585)@[33,37]
g1006(179,290,214,487)@[27,45]
g1004@[32,46]
g1005(302,331,757)@[7,34]
g1006(852,93,574,479)@[4,9]
g1005(316,57,875)@[28,33]
g1005(431,898,453)@[38,48]
g1005(356,267,244)@[14,16]
g1004@[0,22]
g1005(209,631,178)@[9,42]
g1005(450,437,144)@[11,22]
g1005(896,542,20)@[0,8]
g1005(835,681,393)@[8,48]
g1005(27,381,293)@[27,33]
g1004@[14,43]
g1005(205,360,526)@[18,19]
g1005(353,195,339)@[4,25]
g1006(251,264,92,58)@[1,34]
g1006(364,832,518,329)@[23,24]
g1004@[33,42]
g1005(439,110,367)@[8,33]
g1005(643,348,669)@[20,24]
g1004@[23,45]
g1004@[39,42]
g1005(51,709,453)@[34,37]
g1006(480,735,906,566)@[20,34]
g1005(776,248,622)@[2,11]
g1004@[11,28]
g1004@[8,37]
g1005(741,505,393)@[20,31]
g1005(420,197,353)@[8,38]
g1006(820,542,182,143)@[7,38]
g1006(107,608,569,174)@[13,22]
g1005(41,571,46)@[37,39]
g1005(401,586,361)@[30,32]
g1004@[16,20]
g1005(603,135,591)@[14,20]
g1005(478,83,348)@[33,46]
g1005(780,238,886)@[23,25]
g1005(804,888,738)@[13,36]
g1004@[21,33]
g1005(664,302,549)@[30,49]
g1005(22,527,267)@[15,16]
g1006(633,629,863,736)@[35,46]
g1005(148,841,249)@[24,44]
g1006(614,185,707,380)@[30,46]
g1005(268,290,455)@[32,45]
g1005(749,476,866)@[39,42]
g1005(667,370,835)@[26,40]
g1005(159,369,632)@[33,34]
g1005(523,609,249)@[31,39]
g1005(579,569,148)@[37,45]
g1006(836,874,834,51)@[24,36]
g1005(224,684,422)@[3,28]
g1004@[5,39]
g1005(125,674,96)@[24,40]
g1005(613,650,759)@[33,46]
g1005(6,258,1)@[6,41]
g1004@[9,39]
g1006(643,804,548,238)@[3,43]
g1005(835,29,585)@[11,37]
g1004@[3,27]
g1005(599,259,671)@[12,14]
g1005(215,403,102)@[17,29]
g1005(228,434,696)@[7,15]
g1004@[31,43]
g1004@[14,46]
g1005(864,715,29)@[4,28]
g1005(126,520,632)@[0,6]
g1005(800,490,477)@[28,36]
g1005(674,332,877)@[17,29]
g1005(678,336,5)@[5,17]
g1005(95,444,276)@[8,46]
g1004@[5,11]
g1005(836,333,478)@[0,42]
g1004@[34,38]
g1005(59,863,348)@[8,34]
g1004@[13,45]
g1004@[11,37]
g1004@[13,21]
g1005(703,419,589)@[18,21]
g1005(523,492,1)@[28,39]
g1005(159,582,660)@[40,48]
g1005(525,287,892)@[13,49]
g1005(534,384,894)@[2,45]
g1005(743,858,214)@[2,4]
g1005(625,536,821)@[29,36]
g1004@[6,13]
g1005(815,294,878)@[4,29]
g1005(176,55,475)@[0,2]
g1005(390,851,440)@[24,34]
g1005(334,45,540)@[32,41]
g1005(796,177,31)@[23,34]
g1005(67,797,4)@[1,37]
g1005(438,72,458)@[31,47]
g1005(882,681,392)@[2,26]
g1005(674,508,261)@[26,39]
g1004@[11,23]
g1005(820,731,382)@[23,42]
g1004@[7,20]
g1005(388,7,859)@[5,30]
g1004@[11,21]
g1005(840,17,245)@[12,44]
g1005(786,694,357)@[2,9]
g1006(272,62,344,24)@[7,43]
g1005(161,756,404)@[13,15]
g1005(784,301,790)@[9,14]
g1005(186,239,70)@[23,41]
g1005(179,46,462)@[36,47]
g1004@[30,37]
g1005(100,524,897)@[28,30]
g1005(407,721,342)@[3,20]
g1005(782,136,400)@[11,22]
g1005(578,687,788)@[8,41]
g1005(532,97,206)@[7,35]
g1005(424,149,626)@[0,7]
g1004@[32,35]
g1005(239,425,795)@[13,24]
g1006(782,62,74,520)@[25,27]
g1004@[1,42]
g1005(434,371,428)@[4,7]
g1004@[3,27]
g1005(833,594,341)@[28,35]
g1005(367,86,304)@[24,42]
g1004@[10,47]
g1004@[17,47]
g1005(576,711,483)@[13,45]
g1005(264,615,252)@[26,38]
g1005(223,873,420)@[30,37]
g1004@[29,37]
g1005(675,124,790)@[17,46]
g1005(787,82,842)@[3,36]
g1004@[10,14]
g1004@[6,35]
g1005(391,160,805)@[3,49]
g1005(780,680,475)@[24,42]
g1006(557,740,333,241)@[13,43]
g1005(532,851,603)@[3,29]
g1006(840,40,787,610)@[21,32]
g1004@[13,31]
g1004@[43,46]
g1005(164,626,732)@[0,13]
g1005(112,124,730)@[17,23]
g1005(92,576,346)@[12,48]
g1004@[7,30]
g1004@[13,47]
g1005(365,81,613)@[27,33]
g1005(795,658,439)@[12,20]
g1005(572,686,49)@[32,46]
g1005(145,68,497)@[8,25]
g1004@[24,25]
g1005(8,363,282)@[22,27]
g1005(274,80,414)@[24,47]
g1005(522,758,24)@[6,48]
g1005(803,141,615)@[2,21]
g1005(796,75,444)@[18,48]
g1004@[29,33]
g1005(210,702,497)@[5,22]
g1006(803,543,500,559)@[8,35]
g1004@[25,34]
g1004@[12,46]
g1005(235,33,89)@[4,9]
g1006(699,667,232,566)@[16,47]
g1005(892,159,190)@[34,45]
g1005(379,590,858)@[14,28]
g1004@[34,43]
g1004@[1,5]
g1005(354,40,22)@[14,27]
g1004@[22,28]
g1005(110,346,773)@[3,27]
g1005(117,116,205)@[6,13]
g1005(701,223,141)@[33,40]
g1005(654,541,388)@[10,29]
g1005(18,437,721)@[9,17]
g1005(240,131,690)@[13,21]
g1004@[13,28]
g1006(653,771,827,626)@[6,42]
g1005(273,545,303)@[27,49]
g1005(210,40,858)@[31,38]
g1006(650,198,287,730)@[21,28]
g1005(362,405,680)@[37,47]
g1004@[10,34]
g1006(395,340,872,364)@[7,39]
g1004@[2,38]
g1005(520,59,234)@[16,45]
g1004@[9,26]
g1005(805,664,445)@[6,12]
g1004@[0,46]
g1004@[9,43]
g1005(262,612,396)@[11,24]
g1005(3,253,380)@[1,25]
g1005(549,313,540)@[16,32]
g1005(47,821,251)@[3,48]
g1005(469,327,722)@[8,49]
g1005(843,833,617)@[18,43]
g1005(649,856,713)@[19,29]
g1005(856,671,860)@[13,30]
g1004@[4,11]
g1004@[0,6]
g1006(125,103,75,425)@[24,46]
g1005(904,390,762)@[6,43]
g1005(188,114,878)@[38,43]
g1006(386,65,336,754)@[22,33]
g1004@[8,40]
g1005(328,735,576)@[20,48]
g1005(34,26,194)@[13,43]
g1004@[12,14]
g1004@[3,31]
g1004@[8,40]
g1005(816,277,38)@[3,6]
g1005(727,487,507)@[5,38]
g1005(757,879,849)@[31,47]
g1005(735,415,146)@[27,33]
g1005(639,801,278)@[23,40]
g1004@[14,25]
g1004@[1,14]
g1005(437,698,448)@[14,16]
g1005(47,682,128)@[29,36]
g1005(687,22,454)@[24,37]
g1005(227,269,136)@[34,44]
g1005(88,809,775)@[2,21]
g1005(764,252,484)@[26,43]
g1005(242,115,884)@[29,49]
g1005(340,199,672)@[3,30]
g1005(584,465,564)@[14,33]
g1004@[30,31]
g1005(114,725,83)@[23,30]
g1004@[2,41]
g1005(183,752,614)@[14,46]
g1005(809,166,172)@[16,23]
g1005(738,543,464)@[19,27]
g1004@[35,49]
g1004@[0,8]
g1005(475,364,554)@[6,28]
g1004@[7,14]
g1005(157,421,507)@[23,49]
g1005(614,614,254)@[20,45]
g1005(355,645,838)@[8,22]
g1005(13,626,587)@[7,28]
g1004@[36,49]
g1006(603,590,792,294)@[36,42]
g1005(53,545,62)@[42,45]
g1006(757,335,236,500)@[10,33]
g1005(792,541,442)@[17,49]
g1005(61,816,615)@[2,27]
g1005(723,525,508)@[1,2]
g1005(697,532,823)@[1,49]
g1005(262,484,367)@[7,24]
g1004@[15,48]
g1005(104,170,740)@[18,31]
g1005(289,109,725)@[8,9]
g1004@[3,16]
g1004@[12,39]
g1005(406,869,558)@[30,41]
g1004@[1,46]
g1005(777,461,306)@[5,8]
g1005(751,726,689)@[4,29]
g1005(469,79,523)@[2,15]
g1005(886,629,658)@[39,40]
g1005(511,95,608)@[5,22]
g1005(493,557,649)@[1,3]
g1005(385,708,864)@[23,37]
g1006(325,875,331,7)@[28,30]
g1004@[11,32]
g1005(352,660,501)@[7,48]
g1004@[20,36]
g1004@[33,44]
g1005(570,914,105)@[11,14]
g1005(318,520,833)@[29,38]
g1005(14,414,618)@[12,45]
g1006(792,501,300,764)@[1,44]
g1004@[15,31]
g1004@[13,45]
g1005(705,309,831)@[19,36]
g1005(128,666,151)@[11,49]
g1005(793,465,252)@[7,39]
g1005(668,112,221)@[3,14]
g1006(562,219,414,237)@[19,39]
g1005(294,413,199)@[17,33]
g1006(514,792,282,64)@[0,27]
g1004@[7,32]
g1005(57,622,895)@[6,19]
g1005(776,726,235)@[4,23]
g1004@[5,46]
g1005(723,706,742)@[10,31]
g1005(724,326,158)@[16,29]
g1004@[26,49]
g1005(228,851,356)@[11,49]
g1005(277,914,707)@[3,11]
g1005(360,750,889)@[17,39]
g1004@[14,33]
g1005(350,769,562)@[2,47]
g1006(219,454,488,62)@[3,22]
g1005(853,127,233)@[3,43]
g1005(837,107,612)@[1,26]
g1005(30,334,48)@[3,22]
g1005(524,179,136)@[27,29]
g1005(256,37,265)@[0,30]
g1005(757,136,763)@[26,39]
g1004@[1,32]
g1006(370,18,380,383)@[29,37]
g1004@[1,24]
g1004@[10,12]
g1006(76,255,22,169)@[17,45]
g1004@[14,26]
g1004@[8,10]
g1005(525,835,623)@[28,29]
g1005(868,667,643)@[7,40]
g1005(386,554,713)@[9,10]
g1005(514,192,760)@[5,19]
g1005(479,876,631)@[10,14]
g1004@[46,47]
g1005(849,627,454)@[33,48]
g1005(411,7,447)@[0,24]
g1006(589,915,477,466)@[38,40]
g1005(772,769,352)@[27,31]
g1005(540,140,763)@[10,30]
g1005(269,520,431)@[0,29]
g1004@[10,49]
g1005(252,761,381)@[14,46]
g1005(706,662,333)@[1,40]
g1005(104,273,356)@[33,44]
g1005(842,538,401)@[30,34]
g1005(4,135,500)@[18,34]
g1005(725,670,528)@[12,27]
g1004@[14,30]
g1006(428,81,56,538)@[18,30]
g1004@[37,49]
g1006(497,446,828,94)@[1,35]
g1005(144,57,257)@[18,45]
g1004@[27,30]
g1005(759,221,456)@[29,37]
g1006(51,122,815,242)@[19,31]
g1005(268,507,797)@[0,32]
g1005(263,527,525)@[14,46]
g1006(823,375,611,524)@[1,35]
g1005(493,531,780)@[16,38]
g1005(843,615,863)@[25,47]
g1005(55,27,612)@[6,38]
g1006(71,756,247,181)@[14,23]
g1006(542,81,550,321)@[22,47]
g1005(60,324,498)@[19,28]
g1005(130,817,307)@[19,42]
g1005(425,105,68)@[23,46]
g1005(410,281,651)@[16,33]
g1005(786,679,185)@[7,43]
g1005(745,253,664)@[31,46]
g1006(115,3,219,447)@[14,25]
g1004@[34,41]
g1006(187,755,866,275)@[13,40]
g1005(151,69,743)@[2,5]
g1005(355,642,323)@[5,33]
g1005(822,196,164)@[13,34]
g1005(595,755,256)@[22,29]
g1005(722,891,63)@[15,41]
g1005(310,285,6)@[27,34]
g1005(150,537,626)@[9,14]
g1005(265,491,571)@[4,39]
g1005(875,914,528)@[9,28]
g1005(593,831,593)@[11,30]
g1005(556,612,314)@[13,31]
g1004@[0,32]
g1004@[31,40]
g1005(917,260,744)@[12,25]
g1005(838,806,545)@[19,31]
g1004@[13,47]
g1005(218,814,616)@[30,41]
g1005(817,246,78)@[9,35]
g1005(850,46,350)@[3,29]
g1005(888,332,322)@[27,48]
g1006(716,808,11,524)@[37,45]
g1004@[18,31]
g1005(407,125,575)@[2,36]
g1004@[19,43]
g1005(370,187,323)@[6,46]
g1005(120,606,43)@[9,12]
g1005(769,258,19)@[23,43]
g1004@[40,42]
g1006(287,205,490,730)@[20,27]
g1004@[22,31]
g1005(49,632,414)@[23,39]
g1005(622,609,400)@[11,15]
g1005(522,384,660)@[28,35]
g1004@[19,41]
g1005(254,728,412)@[1,38]
g1004@[15,35]
g1004@[16,22]
g1005(340,377,11)@[8,28]
g1005(763,750,145)@[46,48]
g1005(586,680,914)@[36,49]
g1004@[20,28]
g1005(534,376,863)@[3,41]
g1005(211,906,888)@[25,45]
g1006(369,759,628,218)@[12,31]
g1005(749,8,848)@[14,32]
g1004@[10,29]
g1005(609,871,629)@[38,41]
g1004@[10,26]
g1004@[23,35]
g1005(840,742,432)@[22,49]
g1004@[16,29]
g1005(268,144,15)@[13,23]
g1005(248,886,451)@[4,23]
g1004@[33,36]
g1005(277,71,260)@[22,23]
g1005(121,151,511)@[11,37]
g1004@[11,39]
g1006(194,887,542,463)@[19,22]
g1004@[26,48]
g1005(221,244,641)@[37,49]
g1005(353,746,393)@[28,29]
g1004@[16,48]
g1006(141,835,266,399)@[16,22]
g1005(270,109,630)@[40,46]
g1006(860,635,536,286)@[41,44]
g1004@[4,33]
g1004@[10,23]
g1005(292,886,831)@[2,7]
g1006(592,177,597,683)@[18,42]
g1005(682,381,840)@[15,22]
g1004@[1,27]
g1005(674,372,314)@[16,23]
g1005(105,707,147)@[36,42]
g1005(588,220,703)@[25,35]
g1005(441,156,790)@[30,44]
g1004@[24,38]
g1005(75,810,622)@[8,45]
g1004@[1,8]
g1005(617,12,765)@[26,41]
g1004@[5,40]
g1005(818,326,439)@[21,44]
g1004@[3,12]
g1005(706,908,373)@[11,25]
g1006(357,109,120,257)@[27,39]
g1004@[17,32]
g1005(761,739,315)@[2,17]
g1005(710,488,635)@[1,21]
g1005(260,874,17)@[25,42]
g1004@[8,34]
g1004@[15,49]
g1004@[11,33]
g1004@[16,30]
g1005(236,231,609)@[5,10]
g1005(410,755,368)@[9,11]
g1004@[11,30]
g1005(859,755,19)@[5,46]
g1006(435,372,220,852)@[18,31]
g1005(42,284,117)@[27,37]
g1004@[22,49]
g1005(695,30,137)@[1,35]
g1004@[15,19]
g1005(409,808,680)@[20,33]
g1004@[1,11]
g1004@[5,30]
g1004@[16,19]
g1004@[11,30]
g1004@[24,47]
g1006(263,311,806,346)@[34,48]
g1004@[30,43]
g1005(47,503,125)@[29,35]
g1005(137,261,77)@[5,6]
g1005(735,207,145)@[6,29]
g1004@[42,43]
g1005(64,694,195)@[12,47]
g1004@[18,44]
g1005(666,894,123)@[21,45]
g1005(706,227,42)@[27,43]
g1005(116,894,356)@[16,41]
g1005(564,833,696)@[18,49]
g1004@[12,32]
g1006(616,297,467,98)@[1,25]
g1005(398,761,707)@[3,46]
g1005(460,412,308)@[26,30]
g1005(193,888,546)@[18,29]
g1005(802,430,438)@[33,43]
g1005(70,884,822)@[14,36]
g1006(482,369,505,321)@[4,35]
g1005(681,73,353)@[13,35]
g1005(759,606,427)@[10,38]
g1005(470,212,631)@[22,39]
g1004@[14,31]
g1005(917,452,912)@[0,27]
g1005(537,137,5)@[29,40]
g1005(474,63,890)@[16,18]
g1004@[12,28]
g1005(353,521,389)@[11,35]
g1006(30,665,655,364)@[4,12]
g1005(816,524,241)@[10,30]
g1005(139,256,527)@[9,11]
g1004@[11,33]
g1005(178,360,753)@[20,22]
g1005(84,282,430)@[6,43]
g1006(636,780,274,56)@[13,21]
g1005(504,415,733)@[17,35]
g1004@[6,10]
g1005(711,128,893)@[17,39]
g1004@[45,46]
g1005(651,190,408)@[0,24]
g1005(99,453,308)@[2,30]
g1005(52,789,366)@[5,8]
g1005(737,437,147)@[24,48]
g1004@[36,47]
g1006(287,902,584,579)@[2,24]
g1005(858,748,53)@[9,48]
g1005(188,763,143)@[9,16]
g1005(177,99,515)@[13,28]
g1004@[8,47]
g1004@[36,40]
g1005(411,696,218)@[28,38]
g1005(28,829,586)@[13,16]
g1005(521,290,31)@[13,20]
g1005(418,606,596)@[5,23]
g1005(601,779,758)@[22,45]
g1004@[21,49]
g1005(311,82,488)@[25,30]
g1004@[18,36]
g1005(433,300,260)@[19,24]
g1006(114,243,100,828)@[3,37]
g1005(508,810,465)@[12,27]
g1005(524,532,894)@[10,28]
g1004@[16,38]
g1006(327,705,839,227)@[19,34]
g1005(328,157,811)@[13,32]
g1005(163,173,306)@[27,49]
g1005(725,189,250)@[1,15]
g1004@[10,29]
g1006(641,159,653,902)@[40,46]
g1005(652,201,476)@[20,29]
g1004@[3,17]
g1006(663,897,600,567)@[38,45]
g1006(583,433,584,150)@[24,47]
g1004@[6,14]
g1005(111,914,559)@[25,26]
g1004@[48,49]
g1005(671,483,815)@[2,42]
g1005(554,145,694)@[18,24]
g1005(274,197,118)@[3,36]
g1005(72,75,81)@[2,17]
g1004@[37,42]
g1005(341,855,246)@[13,14]
g1004@[6,22]
g1006(631,687,780,604)@[5,45]
g1005(89,783,232)@[34,38]
g1006(360,167,770,440)@[36,48]
g1005(585,347,43)@[17,29]
g1004@[21,37]
g1005(589,196,28)@[30,46]
g1004@[22,47]
g1005(700,227,679)@[5,17]
g1005(22,200,498)@[15,26]
g1004@[44,46]
g1005(369,63,336)@[22,29]
g1005(486,783,149)@[21,30]
g1005(733,28,349)@[6,33]
g1004@[16,24]
g1005(10,317,115)@[7,34]
g1005(604,904,754)@[24,42]
g1005(533,600,515)@[2,39]
g1005(838,90,8)@[5,43]
g1005(786,155,327)@[5,11]
g1005(413,69,477)@[25,31]
g1004@[1,35]
g1005(601,42,324)@[1,44]
g1004@[20,26]
g1004@[2,4]
g1005(297,780,418)@[35,47]
g1004@[27,31]
g1004@[30,31]
g1005(16,838,221)@[13,36]
g1004@[16,29]
g1005(630,256,844)@[28,30]
g1005(213,591,675)@[33,34]
g1005(563,578,310)@[16,21]
g1005(907,183,345)@[7,40]
g1006(678,15,755,826)@[5,15]
g1005(804,133,901)@[38,41]
g1005(918,448,279)@[24,31]
g1004@[5,14]
g1005(59,98,674)@[7,15]
g1005(509,160,422)@[17,31]
g1005(159,6,729)@[15,44]
g1005(476,444,89)@[17,30]
g1005(800,156,110)@[16,39]
g1005(690,440,206)@[12,30]
g1004@[0,28]
g1005(888,201,750)@[35,38]
g1005(106,60,485)@[3,13]
g1005(736,726,645)@[4,49]
g1005(8,882,651)@[0,31]
g1005(263,10,837)@[18,27]
g1004@[18,22]
g1005(674,748,890)@[18,22]
g1005(124,562,647)@[5,32]
g1005(573,213,719)@[28,30]
g1005(379,523,299)@[30,39]
g1005(269,471,216)@[6,32]
g1005(693,167,560)@[44,45]
g1004@[3,36]
g1005(720,198,843)@[31,49]
g1004@[1,25]
g1005(781,777,487)@[28,34]
g1005(590,913,154)@[5,33]
g1005(235,13,339)@[35,46]
g1004@[27,41]
g1006(123,192,861,473)@[3,40]
g1005(803,436,437)@[1,29]
g1005(77,39,98)@[37,46]
g1004@[18,21]
g1005(659,96,806)@[35,42]
g1005(894,636,822)@[8,22]
g1005(451,512,759)@[7,18]
g1006(560,722,692,772)@[14,39]
g1005(464,155,475)@[5,41]
g1005(110,283,33)@[15,17]
g1005(416,175,122)@[10,40]
g1005(704,689,568)@[28,38]
g1005(498,554,69)@[17,25]
g1006(147,788,52,320)@[7,29]
g1005(401,757,506)@[6,46]
g1006(729,341,868,301)@[25,40]
g1005(68,716,272)@[19,23]
g1005(584,753,709)@[21,45]
g1006(210,491,148,633)@[3,31]
g1005(200,503,66)@[2,38]
g1004@[32,46]
g1005(519,128,430)@[0,47]
g1005(617,255,449)@[28,29]
g1005(2,493,38)@[1,10]
g1006(64,362,81,293)@[14,35]
g1004@[1,30]
g1005(636,174,865)@[3,20]
g1004@[11,19]
g1004@[30,43]
g1004@[7,20]
g1005(61,401,442)@[25,44]
g1005(179,186,346)@[11,48]
g1005(676,883,782)@[5,10]
g1005(386,102,88)@[11,33]
g1005(506,439,623)@[17,36]
g1005(125,821,136)@[4,23]
g1005(167,656,798)@[30,38]
g1006(133,444,131,222)@[23,29]
g1004@[6,22]
g1004@[6,7]
g1005(913,500,55)@[14,41]
g1005(677,875,445)@[19,30]
g1005(150,269,711)@[13,40]
g1005(220,211,769)@[35,39]
g1005(613,575,501)@[6,28]
g1005(27,572,875)@[15,28]
g1005(847,244,600)@[27,39]
g1005(766,279,801)@[6,16]
g1004@[16,41]
g1005(42,736,432)@[23,43]
g1005(26,242,912)@[27,28]
g1005(153,765,65)@[15,47]
g1005(327,268,613)@[13,18]
g1004@[7,43]
g1005(507,572,622)@[1,27]
g1005(10,373,863)@[1,43]
g1005(818,308,347)@[14,32]
g1005(583,386,913)@[43,46]
g1005(270,21,669)@[1,17]
g1005(208,877,744)@[0,16]
g1005(435,643,521)@[1,35]
g1005(801,538,354)@[0,46]
g1005(89,506,34)@[5,36]
g1005(892,458,675)@[7,27]
g1004@[6,48]
g1006(56,400,418,298)@[14,34]
g1005(838,878,511)@[25,44]
g1004@[10,23]
g1004@[25,41]
g1004@[9,38]
g1005(419,551,107)@[22,23]
g1005(519,799,251)@[11,47]
g1005(754,747,273)@[5,7]
g1005(105,405,790)@[21,41]
g1004@[11,45]
g1004@[1,43]
g1005(628,422,46)@[19,47]
g1005(603,864,636)@[35,37]
g1005(188,275,616)@[41,43]
g1005(15,844,251)@[4,38]
g1006(91,146,197,462)@[12,14]
g1005(786,683,730)@[35,47]
g1005(86,689,592)@[11,27]
g1005(680,454,508)@[0,27]
g1005(800,809,787)@[7,22]
g1006(871,403,879,587)@[16,38]
g1005(211,687,468)@[13,34]
g1005(689,277,731)@[20,35]
g1004@[3,44]
g1006(886,884,594,498)@[37,47]
g1004@[21,25]
g1004@[4,19]
g1005(836,32,357)@[15,36]
g1004@[29,40]
g1005(356,584,392)@[27,36]
g1004@[11,43]
g1006(511,447,453,187)@[3,46]
g1005(199,216,150)@[24,33]
g1004@[2,27]
g1005(414,493,905)@[16,28]
g1005(255,662,161)@[20,38]
g1006(624,856,883,412)@[13,31]
g1005(582,172,673)@[25,44]
g1005(425,122,747)@[4,28]
g1005(539,242,478)@[0,7]
g1005(305,263,433)@[22,36]
g1005(809,225,365)@[5,10]
g1005(552,428,779)@[1,10]
g1005(255,480,316)@[22,34]
g1005(789,439,449)@[32,37]
g1004@[4,26]
g1005(519,850,652)@[17,41]
g1004@[11,44]
g1005(97,552,608)@[28,47]
g1004@[34,44]
g1005(397,770,111)@[4,7]
g1004@[11,15]
g1004@[26,44]
g1005(819,753,268)@[4,8]
g1005(201,393,653)@[35,45]
g1005(420,60,611)@[40,49]
g1005(825,744,510)@[12,35]
g1004@[7,25]
g1004@[21,23]
g1005(736,200,632)@[7,21]
g1005(902,244,19)@[23,36]
g1004@[17,39]
g1006(578,396,703,342)@[13,19]
g1005(380,334,305)@[11,33]
g1004@[28,39]
g1005(351,80,822)@[35,40]
g1004@[18,44]
g1005(0,474,49)@[14,23]
g1004@[17,36]
g1004@[18,26]
g1005(395,379,855)@[6,30]
g1004@[16,44]
g1004@[27,42]
g1004@[6,34]
g1004@[25,44]
g1005(368,97,127)@[13,46]
g1005(888,153,512)@[7,18]
g1004@[2,20]
g1005(829,67,120)@[17,21]
g1004@[15,23]
g1005(523,442,429)@[13,21]
g1005(719,247,901)@[12,31]
g1005(836,261,598)@[2,47]
g1006(536,239,290,104)@[7,19]
g1004@[36,39]
g1005(405,393,643)@[14,25]
g1005(579,657,581)@[1,16]
g1005(447,91,754)@[20,29]
g1004@[4,17]
g1004@[14,31]
g1005(41,524,625)@[5,14]
g1005(289,274,843)@[0,18]
g1005(586,523,522)@[2,21]
g1005(149,254,520)@[8,40]
g1005(876,346,271)@[22,28]
g1005(40,578,831)@[25,38]
g1004@[25,31]
g1006(758,55,646,635)@[20,32]
g1004@[24,40]
g1005(710,269,740)@[36,40]
g1005(129,473,510)@[1,49]
g1006(424,81,132,866)@[18,47]
g1004@[15,34]
g1005(399,868,636)@[11,43]
g1004@[0,10]
g1004@[9,19]
g1005(817,878,745)@[35,41]
g1004@[5,31]
g1004@[19,42]
g1005(888,805,628)@[17,35]
g1004@[40,48]
g1004@[7,13]
g1005(430,269,811)@[35,36]
g1005(352,704,544)@[25,42]
g1006(218,729,518,352)@[2,16]
g1004@[8,13]
g1004@[14,35]
g1005(159,174,323)@[15,20]
g1006(498,414,734,88)@[9,10]
g1005(785,201,484)@[23,28]
g1006(276,613,749,316)@[15,16]
g1006(689,402,400,299)@[8,45]
g1005(660,682,599)@[21,23]
g1006(682,38,875,366)@[19,36]
g1005(918,769,516)@[1,45]
g1005(544,14,492)@[29,48]
g1005(779,248,553)@[27,31]
g1005(796,5,335)@[37,39]
g1006(104,588,713,766)@[14,43]
g1005(844,741,178)@[33,34]
g1005(905,218,804)@[10,15]
g1005(420,36,473)@[2,30]
g1005(725,732,263)@[39,41]
g1006(771,102,288,73)@[12,18]
g1005(433,916,45)@[29,43]
g1005(618,298,717)@[34,40]
g1005(262,103,495)@[2,8]
g1005(610,630,375)@[5,8]
g1005(429,296,700)@[9,35]
g1005(77,222,465)@[28,30]
g1005(627,70,634)@[11,26]
g1005(801,742,599)@[29,41]
g1006(721,116,424,378)@[20,49]
g1005(526,508,768)@[0,37]
g1004@[30,33]
g1004@[5,42]
g1004@[2,30]
g1005(832,452,670)@[11,18]
g1005(911,528,493)@[1,33]
g1005(289,27,66)@[31,34]
g1005(425,657,352)@[26,33]
g1005(638,109,768)@[11,44]
g1005(493,614,361)@[17,19]
g1005(427,206,372)@[29,32]
g1005(291,8,373)@[18,48]
g1005(794,581,759)@[7,13]
g1005(125,788,838)@[1,22]
g1005(166,492,359)@[2,43]
g1005(19,383,725)@[21,41]
g1006(433,523,50,47)@[0,7]
g1004@[36,46]
g1005(227,605,881)@[8,48]
g1005(819,650,62)@[0,38]
g1005(671,494,186)@[2,18]
g1005(837,412,571)@[21,46]
g1004@[11,16]
g1005(888,370,19)@[12,27]
g1005(419,835,46)@[15,29]
g1005(211,185,572)@[23,39]
g1005(786,646,131)@[8,24]
g1005(246,729,838)@[3,45]
g1005(142,52,131)@[31,37]
g1004@[33,40]
g1005(307,638,201)@[14,18]
g1005(338,459,819)@[2,11]
g1005(359,451,703)@[10,39]
g1005(420,651,270)@[33,46]
g1005(233,865,722)@[34,37]
g1005(233,402,268)@[25,41]
g1004@[36,46]
g1005(209,672,323)@[5,15]
g1005(65,876,663)@[0,46]
g1005(450,455,199)@[21,48]
g1004@[7,43]
g1005(578,656,563)@[13,28]
g1005(186,678,192)@[8,32]
g1005(525,868,756)@[33,36]
g1004@[12,14]
g1005(705,487,662)@[15,48]
g1006(624,558,889,206)@[23,33]
g1005(315,11,521)@[2,38]
g1005(616,186,454)@[22,28]
g1005(608,854,261)@[5,45]
g1004@[17,49]
g1004@[25,32]
g1005(843,27,36)@[5,30]
g1005(444,576,919)@[14,49]
g1004@[32,40]
g1005(751,756,354)@[44,45]
g1005(572,250,371)@[27,33]
g1004@[8,19]
g1005(534,131,746)@[26,29]
g1005(382,138,547)@[16,23]
g1005(781,776,423)@[20,33]
g1004@[11,37]
g1005(907,424,617)@[5,28]
g1004@[24,35]
g1004@[6,16]
g1005(146,66,300)@[33,41]
g1005(133,708,756)@[21,48]
g1005(493,428,824)@[10,31]
g1004@[19,26]
g1004@[7,34]
g1006(785,648,94,173)@[10,36]
g1006(460,907,490,783)@[37,49]
g1005(536,650,282)@[0,5]
g1005(720,82,873)@[6,16]
g1005(199,901,104)@[24,36]
g1005(312,359,40)@[10,14]
g1005(236,830,99)@[14,46]
g1004@[32,46]
g1005(447,388,563)@[16,39]
g1005(684,421,485)@[7,47]
g1005(104,590,430)@[29,38]
g1005(418,339,346)@[25,32]
g1005(350,113,565)@[3,7]
g1004@[16,17]
g1005(128,235,135)@[34,49]
g1005(902,335,473)@[4,32]
g1005(882,544,308)@[30,37]
g1005(606,319,442)@[2,20]
g1004@[7,20]
g1006(287,516,469,524)@[6,49]
g1005(860,430,674)@[1,46]
g1005(507,884,29)@[0,6]
g1004@[43,46]
g1005(621,160,584)@[23,44]
g1005(672,697,209)@[2,3]
g1005(553,212,166)@[5,6]
g1005(836,54,228)@[25,38]
g1005(800,546,419)@[4,48]
g1004@[18,35]
g1004@[1,42]
g1005(113,42,733)@[14,28]
g1005(580,421,517)@[44,47]
g1004@[1,37]
g1005(415,338,341)@[26,27]
g1005(734,168,828)@[21,24]
g1005(551,584,570)@[12,32]
g1005(323,873,239)@[37,41]
g1005(493,699,629)@[21,32]
g1004@[38,45]
g1004@[4,32]
g1005(606,653,701)@[37,48]
g1006(281,172,365,86)@[31,40]
g1004@[19,36]
g1005(539,26,460)@[4,32]
g1004@[21,40]
g1005(265,304,244)@[26,39]
g1004@[2,43]
g1004@[20,35]
g1005(242,361,114)@[27,38]
g1004@[9,24]
g1005(730,5,847)@[23,29]
g1005(681,334,495)@[29,39]
g1005(557,519,747)@[31,48]
g1005(436,531,522)@[35,48]
g1005(852,305,683)@[4,18]
g1005(663,300,212)@[10,12]
g1005(656,469,209)@[1,37]
g1004@[4,18]
g1005(848,471,541)@[5,17]
g1005(338,646,234)@[22,33]
g1006(394,518,341,614)@[10,19]
g1004@[10,24]
g1005(591,70,768)@[1,43]
g1005(179,260,180)@[10,38]
g1005(494,351,586)@[6,38]
g1006(315,648,766,335)@[17,22]
g1004@[7,44]
g1005(490,824,124)@[28,31]
g1005(587,258,859)@[17,26]
g1005(612,488,357)@[9,40]
g1005(56,673,618)@[4,44]
g1006(302,299,21,256)@[13,33]
g1005(289,736,18)@[1,45]
g1005(919,832,371)@[8,30]
g1006(909,435,106,520)@[39,46]
g1005(658,782,309)@[24,49]
g1004@[0,49]
g1005(648,555,772)@[2,25]
g1005(37,118,881)@[8,45]
g1005(910,559,484)@[24,29]
g1004@[16,33]
g1005(165,653,378)@[17,18]
g1005(732,840,787)@[3,17]
g1005(341,383,593)@[8,45]
g1005(414,66,729)@[16,18]
g1004@[37,49]
g1006(55,643,861,244)@[7,46]
g1005(278,765,153)@[7,18]
g1005(864,287,393)@[8,34]
g1006(830,754,584,108)@[18,20]
g1005(54,116,497)@[12,29]
g1005(255,910,895)@[21,29]
g1004@[26,42]
g1005(822,473,59)@[16,18]
g1006(868,377,483,777)@[9,36]
g1004@[3,36]
g1005(847,661,11)@[31,41]
g1004@[11,45]
g1005(560,573,29)@[15,35]
g1005(384,825,296)@[37,45]
g1005(272,234,821)@[6,43]
g1005(345,766,8)@[19,27]
g1005(907,399,177)@[19,43]
g1004@[23,27]
g1005(576,32,334)@[18,34]
g1004@[16,40]
g1004@[21,24]
g1004@[15,41]
g1005(507,510,783)@[18,40]
g1005(493,165,545)@[33,37]
g1005(102,849,92)@[33,39]
g1005(189,351,852)@[20,32]
g1005(468,346,431)@[10,49]
g1004@[13,31]
g1004@[13,43]
g1005(114,284,529)@[14,15]
g1005(199,247,605)@[8,43]
g1005(150,75,409)@[6,21]
g1005(523,407,627)@[4,24]
g1005(585,211,402)@[27,30]
g1005(326,864,792)@[7,27]
g1006(763,544,82,712)@[47,48]
g1005(167,471,844)@[18,28]
g1006(575,383,321,790)@[43,49]
g1005(123,694,711)@[33,41]
g1004@[39,44]
g1005(284,772,76)@[1,45]
g1005(260,817,481)@[0,1]
g1004@[21,43]
g1005(815,750,533)@[4,40]
g1004@[29,42]
g1005(270,616,717)@[5,9]
g1005(168,29,259)@[26,43]
g1005(628,340,136)@[10,33]
g1004@[12,44]
g1004@[21,37]
g1005(898,908,783)@[18,31]
g1005(808,739,100)@[25,49]
g1005(657,586,422)@[2,25]
g1005(762,75,398)@[28,40]
g1005(811,766,118)@[6,36]
g1005(748,227,159)@[9,22]
g1004@[0,4]
g1005(572,256,120)@[2,23]
g1004@[8,44]
g1006(620,747,519,142)@[30,37]
g1004@[2,44]
g1006(625,251,81,864)@[14,31]
g1005(850,263,504)@[22,32]
g1005(465,238,586)@[19,28]
g1005(1,512,72)@[1,30]
g1005(405,420,523)@[4,11]
g1005(368,568,758)@[1,23]
g1005(843,522,867)@[40,41]
g1005(237,641,857)@[5,17]
g1005(339,1,660)@[2,33]
g1004@[21,41]
g1005(271,435,688)@[11,23]
g1005(258,309,361)@[9,11]
g1005(699,229,348)@[18,22]
g1005(605,735,810)@[6,35]
g1005(347,328,48)@[5,21]
g1004@[24,38]
g1004@[23,35]
g1004@[6,8]
g1004@[18,24]
g1005(294,761,582)@[22,28]
g1005(631,878,787)@[3,45]
g1004@[5,15]
g1005(555,9,220)@[23,27]
g1005(274,789,546)@[33,40]
g1005(760,604,656)@[18,35]
g1006(467,707,315,882)@[27,44]
g1005(453,492,824)@[20,35]
g1004@[16,30]
g1005(330,854,682)@[7,13]
g1004@[5,35]
g1005(101,334,689)@[2,29]
g1005(224,414,244)@[15,26]
g1005(794,794,721)@[30,36]
g1005(730,78,249)@[30,32]
g1005(197,653,529)@[4,25]
g1005(427,384,679)@[18,31]
g1005(120,339,102)@[22,23]
g1006(613,694,870,453)@[43,45]
g1004@[2,7]
g1006(438,643,210,162)@[5,19]
g1005(531,323,141)@[1,2]
g1005(860,783,483)@[23,42]
g1004@[3,46]
g1005(727,728,603)@[43,49]
g1005(644,759,489)@[39,40]
g1005(444,458,234)@[0,34]
g1005(226,590,661)@[46,47]
g1005(26,72,912)@[6,9]
g1005(864,564,690)@[23,26]
g1005(23,456,337)@[35,38]
g1005(525,781,637)@[20,40]
g1005(288,632,176)@[12,30]
g1006(51,643,42,543)@[30,38]
g1005(450,872,40)@[1,45]
g1006(496,220,346,708)@[21,45]
g1004@[30,35]
g1004@[4,41]
g1005(140,271,320)@[16,23]
g1005(519,318,289)@[5,10]
g1005(532,295,585)@[13,32]
g1005(749,818,225)@[7,43]
g1005(319,382,600)@[13,46]
g1005(203,418,147)@[19,41]
g1006(236,790,867,342)@[5,48]
g1004@[16,47]
g1005(241,178,165)@[20,35]
g1005(457,230,320)@[22,33]
g1005(795,100,575)@[30,38]
g1005(516,38,117)@[6,12]
g1005(319,710,471)@[19,42]
g1005(208,906,600)@[14,34]
g1004@[5,22]
g1006(53,54,598,636)@[1,29]
g1005(329,390,239)@[12,17]
g1005(303,570,834)@[21,44]
g1005(51,468,8)@[14,49]
g1005(51,190,841)@[26,39]
g1005(30,468,270)@[16,25]
g1005(916,855,467)@[23,37]
g1005(777,384,117)@[16,49]
g1006(827,528,488,460)@[24,48]
g1006(2,690,439,778)@[8,23]
g1005(462,307,300)@[8,32]
g1005(161,843,6)@[17,31]
g1004@[17,39]
g1004@[2,26]
g1005(506,394,350)@[26,36]
g1004@[31,36]
g1005(17,721,455)@[24,30]
g1004@[9,29]
g1005(419,432,298)@[6,9]
g1005(687,871,734)@[6,35]
g1005(65,782,387)@[34,46]
g1005(11,810,662)@[14,31]
g1004@[23,41]
g1005(555,125,329)@[31,49]
g1005(672,250,61)@[3,39]
g1005(360,416,729)@[5,13]
g1005(456,391,899)@[13,26]
g1006(235,756,741,379)@[42,49]
g1004@[5,21]
g1005(156,214,628)@[24,40]
g1004@[1,44]
g1004@[45,46]
g1005(544,887,92)@[11,38]
g1004@[36,49]
g1005(607,167,198)@[15,33]
g1005(866,380,903)@[11,49]
g1005(742,907,68)@[4,17]
g1004@[15,17]
g1005(106,255,430)@[5,42]
g1005(426,153,916)@[15,48]
g1004@[8,49]
g1004@[20,49]
g1004@[11,12]
g1004@[9,48]
g1004@[10,32]
g1005(636,503,795)@[42,49]
g1005(842,361,825)@[13,46]
g1006(509,299,19,141)@[11,25]
g1005(583,817,771)@[2,49]
g1005(741,60,860)@[30,46]
g1005(577,679,289)@[18,40]
g1005(8,128,810)@[13,33]
g1005(603,119,462)@[10,34]
g1005(374,438,63)@[10,41]
g1005(312,143,858)@[7,26]
g1004@[4,5]
g1004@[11,29]
g1005(405,166,480)@[9,40]
g1006(385,917,51,172)@[2,23]
g1004@[35,44]
g1005(13,270,176)@[6,39]
g1005(90,378,847)@[0,40]
g1005(423,530,513)@[27,31]
g1004@[31,41]
g1006(187,773,453,328)@[20,32]
g1005(587,86,543)@[21,34]
g1005(774,564,227)@[36,41]
g1005(230,675,189)@[13,18]
g1006(142,839,360,235)@[33,47]
g1004@[24,49]
g1005(538,15,857)@[28,33]
g1004@[0,28]
g1004@[2,13]
g1005(523,727,765)@[2,10]
g1004@[7,28]
g1004@[12,15]
g1005(763,351,412)@[13,42]
g1004@[3,40]
g1005(505,703,121)@[1,40]
g1005(746,246,862)@[6,13]
g1004@[6,19]
g1004@[22,39]
g1005(95,884,368)@[23,29]
g1005(878,206,599)@[5,23]
g1005(299,710,454)@[16,28]
g1005(165,613,845)@[10,33]
g1005(77,135,437)@[14,24]
g1004@[13,23]
g1006(889,875,27,572)@[19,25]
g1005(659,593,563)@[1,8]
g1005(437,89,26)@[4,32]
g1004@[22,27]
g1005(52,711,343)@[2,23]
g1004@[31,34]
g1005(464,138,553)@[20,34]
g1004@[18,44]
g1004@[14,44]
g1004@[8,34]
g1004@[0,44]
g1005(798,527,598)@[8,13]
g1004@[35,41]
g1005(792,211,407)@[6,14]
g1004@[4,25]
g1006(327,276,877,239)@[2,40]
g1005(774,84,402)@[20,30]
g1004@[14,21]
g1005(601,781,749)@[36,49]
g1004@[32,39]
g1004@[10,14]
g1005(192,911,518)@[20,40]
g1005(443,138,71)@[1,15]
g1006(313,26,215,404)@[27,31]
g1005(62,898,17)@[14,35]
g1004@[27,28]
g1005(418,270,532)@[10,47]
g1004@[12,34]
g1005(594,711,868)@[3,22]
g1005(386,410,567)@[20,44]
g1006(683,619,312,822)@[8,27]
g1005(85,452,186)@[24,47]
g1005(336,74,546)@[14,43]
g1005(646,409,624)@[26,36]
g1005(479,721,863)@[15,30]
g1004@[25,39]
g1005(539,331,165)@[25,47]
g1006(815,122,667,265)@[5,42]
g1005(408,601,503)@[8,17]
g1005(141,867,76)@[10,16]
g1004@[27,42]
g1006(409,68,355,195)@[27,32]
g1004@[29,34]
g1005(479,473,698)@[27,31]
g1005(483,34,679)@[31,45]
g1004@[6,17]
g1005(580,262,868)@[10,49]
g1006(815,769,227,62)@[41,44]
g1005(542,211,390)@[10,44]
g1004@[8,19]
g1005(113,808,463)@[0,16]
g1005(179,163,435)@[37,47]
g1005(379,266,842)@[14,20]
g1005(338,56,396)@[1,36]
g1005(168,868,526)@[4,27]
g1006(84,887,373,862)@[44,46]
g1005(492,421,245)@[8,39]
g1004@[15,33]
g1004@[9,18]
g1004@[34,41]
g1004@[14,44]
g1004@[9,35]
g1004@[24,32]
g1004@[15,24]
g1005(761,841,378)@[16,46]
g1005(766,227,493)@[5,47]
g1005(683,593,863)@[10,47]
g1004@[5,8]
g1005(19,654,102)@[11,31]
g1006(491,159,578,32)@[0,8]
g1004@[15,29]
g1005(376,796,446)@[2,29]
g1005(70,181,653)@[25,31]
g1005(414,777,544)@[7,17]
g1006(576,449,501,470)@[14,23]
g1005(276,310,10)@[30,33]
g1004@[20,34]
g1004@[16,31]
g1005(271,269,223)@[10,15]
g1006(836,479,326,481)@[14,44]
g1004@[22,49]
g1006(347,565,852,584)@[2,19]
g1004@[0,25]
g1005(167,395,756)@[18,29]
g1005(395,196,486)@[32,33]
g1005(180,268,121)@[4,33]
g1005(650,543,846)@[17,47]
g1004@[5,29]
g1004@[18,35]
g1005(562,107,222)@[14,47]
g1005(838,598,117)@[15,43]
g1004@[33,36]
g1004@[11,43]
g1005(248,500,425)@[17,18]
g1005(47,79,746)@[19,39]
g1004@[12,26]
g1005(873,276,710)@[14,18]
g1005(214,376,83)@[12,38]
g1005(454,899,267)@[33,38]
g1005(833,843,382)@[5,16]
g1004@[1,22]
g1004@[44,48]
g1005(804,809,682)@[3,14]
g1005(147,860,593)@[11,36]
g1004@[21,34]
g1005(275,176,861)@[0,18]
g1004@[19,35]
g1005(479,328,434)@[13,16]
g1005(915,870,40)@[41,47]
g1004@[42,47]
g1005(196,654,33)@[35,42]
g1005(156,346,612)@[10,26]
g1004@[6,47]
g1005(438,82,793)@[2,21]
g1004@[36,37]
g1005(117,327,544)@[23,30]
g1004@[4,39]
g1005(28,294,899)@[29,46]
g1006(163,410,481,72)@[5,6]
g1005(795,646,42)@[23,37]
g1004@[32,46]
g1004@[3,37]
g1004@[4,16]
g1005(708,435,533)@[15,36]
g1006(641,790,671,593)@[38,39]
g1004@[1,46]
g1005(175,753,752)@[22,23]
g1005(801,263,755)@[1,14]
g1005(253,263,160)@[26,35]
g1005(624,422,320)@[21,43]
g1006(292,891,797,427)@[25,43]
g1006(169,326,51,584)@[8,42]
g1004@[15,29]
g1005(579,154,60)@[21,25]
g1004@[36,42]
g1005(361,149,337)@[15,24]
g1005(448,723,113)@[33,48]
g1004@[2,7]
g1004@[6,34]
g1004@[38,46]
g1004@[7,14]
g1006(381,870,828,868)@[23,33]
g1005(310,437,625)@[0,47]
g1005(342,311,596)@[26,41]
g1004@[39,41]
g1005(683,450,864)@[0,23]
g1006(95,557,536,7)@[24,47]
g1005(203,424,314)@[10,37]
g1006(509,497,695,406)@[24,30]
g1006(578,51,780,205)@[29,35]
g1005(504,234,115)@[3,21]
g1004@[3,11]
g1004@[14,46]
g1004@[6,31]
g1006(552,320,457,230)@[4,31]
g1005(889,403,758)@[32,36]
g1005(547,785,732)@[11,36]
g1006(625,91,83,280)@[37,42]
g1005(778,47,836)@[28,36]
g1005(509,271,875)@[4,38]
g1004@[24,33]
g1005(849,584,466)@[10,14]
g1004@[26,37]
g1005(268,482,261)@[11,14]
g1005(853,485,475)@[44,46]
g1006(283,105,449,272)@[13,37]
g1004@[42,45]
g1005(762,168,257)@[29,33]
g1005(331,875,495)@[0,37]
g1005(425,446,504)@[44,45]
g1006(181,209,460,392)@[7,11]
g1006(901,841,775,721)@[23,38]
g1004@[11,27]
g1006(196,603,56,674)@[8,23]
g1005(482,563,434)@[8,16]
g1006(530,252,156,447)@[16,30]
g1004@[14,24]
g1006(658,193,688,338)@[27,38]
g1004@[17,23]
g1004@[38,46]
g1004@[7,41]
g1004@[2,17]
g1004@[4,25]
g1005(299,307,0)@[18,37]
g1004@[21,28]
g1005(495,466,486)@[30,49]
g1005(916,574,467)@[6,8]
g1005(587,126,383)@[5,17]
g1005(441,829,303)@[16,33]
g1005(287,476,328)@[16,18]
g1005(869,713,160)@[29,37]
g1005(595,12,819)@[31,49]
g1004@[41,44]
g1004@[0,8]
g1004@[8,34]
g1005(135,236,890)@[7,33]
g1005(364,434,212)@[1,33]
g1005(640,586,259)@[38,42]
g1005(267,807,329)@[13,15]
g1005(92,282,750)@[11,47]
g1004@[10,17]
g1005(487,838,165)@[0,19]
g1005(423,908,234)@[18,42]
g1005(732,738,743)@[11,49]
g1005(479,893,673)@[3,49]
g1005(393,424,242)@[19,31]
g1005(479,649,313)@[16,17]
g1005(651,835,561)@[29,49]
g1004@[7,9]
g1004@[31,37]
g1005(811,13,474)@[11,48]
g1005(830,495,251)@[27,35]
g1004@[19,41]
g1006(541,551,286,108)@[17,29]
g1004@[0,20]
g1004@[15,44]
g1006(906,305,355,361)@[10,31]
g1005(77,703,97)@[0,9]
g1005(577,837,901)@[4,36]
g1005(895,784,562)@[16,33]
g1005(456,32,548)@[13,24]
g1005(133,233,735)@[6,49]
g1005(159,174,377)@[31,36]
g1004@[0,43]
g1004@[23,44]
g1004@[5,38]
g1005(424,202,598)@[28,29]
g1005(169,196,515)@[18,31]
g1004@[26,32]
g1005(517,271,177)@[20,30]
g1005(292,280,147)@[32,41]
g1005(606,605,261)@[12,23]
g1005(779,893,69)@[25,27]
g1004@[0,9]
g1004@[47,48]
g1006(673,896,450,482)@[27,32]
g1005(125,411,311)@[22,38]
g1004@[8,38]
g1005(585,734,724)@[2,25]
g1006(768,650,229,472)@[26,48]
g1005(2,706,366)@[2,28]
g1004@[32,41]
g1006(391,896,884,6)@[8,46]
g1005(100,600,806)@[12,34]
g1006(229,624,16,707)@[0,21]
g1005(810,136,219)@[11,33]
g1004@[15,21]
g1005(398,883,167)@[29,45]
g1005(872,567,541)@[24,37]
g1005(675,499,268)@[2,35]
g1005(429,876,403)@[15,16]
g1005(668,221,579)@[6,10]
g1006(785,540,17,488)@[41,43]
g1006(737,661,434,29)@[34,39]
g1004@[39,45]
g1005(411,891,336)@[5,31]
g1005(351,474,362)@[1,32]
g1005(329,526,474)@[1,40]
g1005(209,641,440)@[8,41]
g1006(419,776,443,442)@[17,32]
g1005(274,688,127)@[19,37]
g1004@[9,15]
g1005(857,480,86)@[8,35]
g1004@[3,39]
g1005(606,144,357)@[13,35]
g1005(541,814,898)@[27,29]
g1004@[25,43]
g1004@[29,48]
g1004@[38,40]
g1006(772,56,854,407)@[39,48]
g1004@[11,40]
g1005(642,133,793)@[20,42]
g1005(589,448,839)@[8,42]
g1005(174,709,64)@[7,37]
g1004@[7,12]
g1004@[34,35]
g1005(682,126,252)@[5,33]
g1005(624,79,248)@[8,24]
g1006(8,295,445,75)@[17,38]
g1004@[3,5]
g1004@[6,7]
g1005(683,64,545)@[39,46]
g1005(790,687,52)@[14,43]
g1005(454,382,479)@[8,42]
g1005(484,820,52)@[31,32]
g1005(884,825,263)@[3,32]
g1005(321,18,229)@[24,38]
g1005(759,306,427)@[25,45]
g1005(24,380,699)@[13,18]
g1005(679,348,17)@[32,42]
g1005(601,46,349)@[34,40]
g1005(218,172,314)@[16,28]
g1004@[1,44]
g1004@[2,46]
g1005(104,18,469)@[20,25]
g1004@[42,44]
g1004@[0,21]
g1005(210,475,315)@[9,47]
g1006(270,698,128,918)@[19,41]
g1005(362,755,426)@[20,39]
g1005(527,308,12)@[4,14]
g1005(96,360,819)@[1,40]
g1005(331,560,724)@[22,49]
g1004@[13,43]
g1004@[10,21]
g1004@[4,23]
g1006(91,25,787,126)@[48,49]
g1004@[10,48]
g1006(680,879,553,481)@[16,38]
g1005(510,251,477)@[17,21]
g1005(175,883,412)@[16,29]
g1005(490,761,273)@[2,30]
g1005(694,877,363)@[15,35]
g1005(491,838,371)@[5,11]
g1005(233,288,557)@[0,11]
g1005(329,80,732)@[19,47]
g1005(246,479,150)@[5,14]
g1006(306,412,397,846)@[7,29]
g1005(912,838,803)@[9,37]
g1004@[9,17]
g1005(91,391,769)@[0,43]
g1005(260,210,476)@[8,18]
g1005(540,790,294)@[17,35]
g1005(305,695,147)@[15,46]
g1005(239,858,910)@[21,24]
g1004@[21,31]
g1005(120,460,668)@[39,42]
g1005(772,133,715)@[14,46]
g1004@[2,46]
g1005(788,276,34)@[1,8]
g1005(308,594,246)@[30,43]
g1005(500,506,251)@[35,45]
g1005(863,508,422)@[10,14]
g1005(554,874,277)@[9,18]
g1005(223,830,103)@[11,31]
