g528(266,602,366)@[27,32]
g528(435,387,423)@[2,27]
g528(248,415,921)@[29,31]
g528(254,782,281)@[11,33]
g528(400,244,131)@[14,48]
g527(800,965,349,388)@[18,35]
g526(268,713)@[0,32]
g527(178,228,788,970)@[7,41]
g526(858,872)@[9,16]
g528(213,363,777)@[22,42]
g529(487,399,202,159)@[4,40]
g528(66,508,66)@[33,39]
g528(514,195,877)@[20,34]
g528(238,901,138)@[8,40]
g528(843,932,728)@[12,39]
g528(541,978,45)@[5,17]
g528(440,543,709)@[13,31]
g528(213,289,983)@[3,13]
g526(40,460)@[17,30]
g528(550,476,535)@[18,28]
g528(311,389,583)@[9,18]
g526(302,114)@[10,13]
g526(944,777)@[5,31]
g528(946,591,598)@[39,48]
g526(484,787)@[28,46]
g528(420,119,723)@[42,48]
g526(370,134)@[7,22]
g528(496,528,692)@[22,24]
g526(952,992)@[8,49]
g528(312,647,152)@[32,45]
g528(396,809,446)@[16,49]
g526(422,921)@[19,30]
g528(835,7,421)@[35,40]
g528(573,578,264)@[24,39]
g526(806,998)@[11,35]
g528(323,360,904)@[15,39]
g528(474,39,303)@[5,36]
g526(485,448)@[29,45]
g528(170,403,18)@[9,24]
g528(506,303,534)@[2,41]
g526(218,208)@[31,35]
g526(646,745)@[11,41]
g528(99,95,111)@[9,41]
g528(315,851,624)@[11,44]
g529(183,146,84,663)@[39,47]
g526(333,247)@[21,28]
g527(331,530,951,980)@[4,38]
g528(106,407,958)@[1,2]
g526(757,887)@[8,12]
g526(879,110)@[23,33]
g528(597,197,684)@[19,21]
g528(904,4,334)@[0,27]
g528(475,100,681)@[15,24]
g526(962,888)@[20,30]
g526(722,711)@[2,46]
g528(183,223,821)@[18,38]
g528(288,65,13)@[41,44]
g528(55,589,821)@[24,41]
g528(161,94,254)@[5,38]
g528(285,427,564)@[1,15]
g528(160,305,523)@[9,29]
g528(365,292,649)@[7,19]
g528(426,225,35)@[16,28]
g527(937,106,964,190)@[5,14]
g528(309,898,325)@[18,48]
g528(498,838,768)@[10,45]
g529(307,117,615,704)@[12,25]
g529(822,969,783,642)@[20,31]
g526(934,135)@[19,30]
g528(349,541,583)@[4,36]
g527(69,898,974,136)@[21,46]
g528(249,247,326)@[16,22]
g528(762,624,224)@[2,24]
g528(832,312,942)@[18,25]
g528(150,106,769)@[13,40]
g528(157,901,914)@[9,49]
g528(72,512,978)@[1,8]
g526(850,70)@[7,11]
g528(15,630,61)@[21,46]
g528(368,959,91)@[27,28]
g528(247,865,299)@[2,30]
g528(264,26,756)@[15,22]
g526(226,872)@[15,27]
g528(177,161,839)@[11,13]
g528(58,816,128)@[2,46]
g528(826,349,189)@[9,13]
g528(505,674,205)@[37,44]
g528(510,253,740)@[12,44]
g526(402,138)@[2,42]
g528(898,225,456)@[10,40]
g526(198,652)@[7,36]
g528(718,166,858)@[18,25]
g528(898,638,61)@[11,22]
g526(754,778)@[11,42]
g528(209,874,908)@[7,10]
g528(628,469,885)@[11,19]
g526(552,714)@[7,41]
g526(536,859)@[5,25]
g528(522,245,798)@[16,23]
g526(91,437)@[10,12]
g528(209,824,866)@[12,26]
g526(573,141)@[1,29]
g528(521,237,810)@[4,16]
g528(116,595,922)@[14,36]
g528(318,608,696)@[41,42]
g526(847,292)@[9,31]
g528(717,673,178)@[17,45]
g528(881,667,972)@[11,30]
g527(227,844,189,308)@[1,15]
g528(123,81,989)@[22,41]
g528(135,664,906)@[2,7]
g526(992,195)@[3,7]
g528(887,90,725)@[27,49]
g527(969,337,234,980)@[7,25]
g529(336,460,168,846)@[6,24]
g528(135,595,944)@[15,49]
g528(605,593,796)@[15,22]
g529(403,813,849,286)@[7,15]
g526(4,287)@[4,26]
g526(106,869)@[23,25]
g526(93,371)@[26,45]
g526(711,484)@[10,39]
g528(148,839,133)@[14,27]
g528(151,799,657)@[30,34]
g526(34,544)@[5,24]
g528(918,799,793)@[5,32]
g528(428,469,204)@[9,28]
g526(253,219)@[5,9]
g528(819,892,580)@[22,35]
g526(213,18)@[6,28]
g527(433,266,81,77)@[27,45]
g528(70,147,910)@[33,44]
g528(320,508,189)@[7,34]
g528(98,639,162)@[0,1]
g528(680,252,390)@[16,45]
g528(95,684,937)@[2,16]
g528(897,810,642)@[23,49]
g526(587,954)@[4,28]
g526(408,747)@[38,41]
g528(59,430,674)@[8,27]
g526(233,244)@[27,40]
g528(92,454,772)@[10,26]
g527(804,927,471,888)@[43,46]
g528(153,282,685)@[25,27]
g528(501,716,366)@[17,22]
g526(615,117)@[27,48]
g528(115,668,561)@[2,32]
g528(109,424,287)@[19,32]
g528(818,404,355)@[0,10]
g527(475,94,350,267)@[7,11]
g528(941,417,414)@[12,40]
g528(759,966,582)@[1,37]
g528(303,115,596)@[48,49]
g528(364,810,520)@[2,26]
g528(807,586,235)@[9,12]
g528(621,124,831)@[3,33]
g527(643,502,97,713)@[9,12]
g528(439,216,885)@[14,23]
g528(166,894,676)@[34,43]
g528(103,363,735)@[14,19]
g528(141,434,638)@[11,12]
g526(734,898)@[15,39]
g528(514,9,141)@[16,39]
g528(51,160,996)@[16,34]
g526(977,399)@[4,47]
g528(654,702,886)@[9,49]
g526(828,555)@[0,40]
g528(864,689,650)@[15,30]
g526(685,857)@[8,26]
g528(514,29,881)@[7,43]
g526(629,518)@[30,39]
g528(654,863,2)@[33,46]
g526(136,816)@[36,42]
g526(835,428)@[23,44]
g528(919,373,941)@[0,8]
g528(835,251,816)@[8,18]
g526(622,472)@[16,19]
g528(911,176,392)@[24,31]
g528(605,840,461)@[0,27]
g528(580,165,731)@[37,45]
g526(258,678)@[21,35]
g528(593,339,459)@[43,46]
g528(576,829,962)@[13,17]
g528(593,786,446)@[16,26]
g528(570,846,543)@[41,44]
g528(218,915,349)@[22,36]
g526(725,991)@[12,34]
g528(653,929,605)@[8,42]
g528(222,207,911)@[2,38]
g528(666,919,626)@[18,27]
g528(211,813,13)@[2,45]
g528(748,152,594)@[18,39]
g528(210,9,498)@[18,46]
g527(622,201,422,485)@[0,3]
g526(847,98)@[27,42]
g528(670,858,206)@[10,32]
g528(517,462,566)@[17,25]
g528(401,190,240)@[39,44]
g529(410,330,782,766)@[8,19]
g528(887,463,27)@[18,25]
g528(39,144,187)@[3,14]
g529(711,128,166,39)@[25,39]
g528(776,85,137)@[15,28]
g526(461,214)@[19,48]
g528(922,693,168)@[5,29]
g528(741,725,471)@[9,47]
g528(523,638,30)@[28,37]
g526(977,319)@[8,25]
g527(845,169,821,367)@[27,46]
g528(442,182,132)@[9,47]
g528(706,93,650)@[31,38]
g528(494,248,329)@[15,45]
g526(97,28)@[16,46]
g526(335,819)@[28,36]
g526(750,611)@[24,49]
g526(396,555)@[13,24]
g528(986,314,574)@[17,45]
g526(760,614)@[0,44]
g526(932,254)@[0,10]
g526(79,219)@[19,20]
g528(404,861,610)@[0,29]
g528(364,751,100)@[19,25]
g529(549,14,389,533)@[25,40]
g528(246,511,29)@[4,30]
g526(539,355)@[8,17]
g528(737,466,637)@[6,11]
g526(443,248)@[39,43]
g526(30,270)@[2,36]
g528(379,355,319)@[1,26]
g528(209,424,681)@[27,40]
g528(700,895,945)@[13,48]
g528(821,449,709)@[28,43]
g526(435,844)@[25,30]
g528(584,772,9)@[6,16]
g528(537,408,532)@[7,37]
g528(307,31,889)@[24,28]
g528(569,199,975)@[24,40]
g527(61,750,319,703)@[16,38]
g528(663,37,856)@[41,46]
g526(66,621)@[10,12]
g528(170,47,482)@[16,31]
g526(937,741)@[1,27]
g528(897,530,330)@[9,11]
g528(169,367,821)@[24,25]
g528(860,17,825)@[39,49]
g526(591,210)@[35,45]
g528(805,141,661)@[1,44]
g528(487,908,229)@[13,35]
g528(952,823,849)@[14,17]
g526(88,326)@[7,17]
g526(149,121)@[24,32]
g528(873,355,951)@[20,32]
g528(405,106,802)@[25,45]
g528(549,855,437)@[11,22]
g528(420,844,592)@[4,29]
g528(56,618,571)@[9,46]
g526(128,987)@[16,37]
g526(988,118)@[4,36]
g526(256,466)@[24,37]
g528(810,108,558)@[27,42]
g526(969,839)@[10,41]
g526(725,654)@[3,16]
g528(988,974,823)@[7,24]
g528(681,245,314)@[3,21]
g528(63,208,665)@[8,23]
g528(325,222,267)@[24,47]
g528(566,351,977)@[24,48]
g526(901,882)@[5,8]
g528(81,47,370)@[6,31]
g528(771,596,944)@[15,30]
g528(519,510,200)@[25,42]
g527(186,243,329,611)@[5,33]
g526(221,505)@[1,24]
g528(189,873,912)@[0,49]
g528(487,811,804)@[18,23]
g528(86,164,364)@[16,49]
g528(388,683,769)@[28,37]
g528(509,93,71)@[25,39]
g528(920,159,609)@[36,38]
g526(56,831)@[18,24]
g526(780,576)@[28,39]
g526(888,524)@[0,2]
g528(889,273,508)@[21,35]
g528(289,912,981)@[7,38]
g528(827,245,655)@[4,39]
g528(744,474,880)@[25,30]
g526(637,686)@[23,47]
g527(911,774,781,428)@[39,40]
g528(228,743,147)@[36,44]
g528(19,75,865)@[17,45]
g528(778,295,153)@[27,39]
g528(764,239,113)@[12,46]
g526(547,186)@[4,29]
g528(686,869,96)@[42,49]
g528(496,703,134)@[23,48]
g526(414,250)@[7,34]
g526(459,777)@[1,7]
g526(598,812)@[16,25]
g528(774,614,789)@[13,22]
g528(181,730,848)@[26,33]
g526(504,974)@[20,37]
g528(956,990,521)@[10,29]
g528(865,517,318)@[19,38]
g528(957,821,4)@[15,42]
g528(166,837,232)@[46,49]
g526(679,159)@[13,42]
g526(325,881)@[12,23]
g528(997,33,868)@[0,8]
g528(551,964,318)@[31,35]
g528(887,626,942)@[25,45]
g528(787,264,316)@[16,22]
g526(508,48)@[20,35]
g528(840,729,128)@[22,47]
g528(503,571,737)@[10,31]
g526(957,594)@[25,44]
g526(321,731)@[18,36]
g526(596,351)@[8,42]
g526(351,866)@[3,35]
g528(751,415,874)@[11,27]
g528(747,10,35)@[34,37]
g528(577,977,271)@[0,2]
g527(578,204,121,321)@[3,49]
g528(690,434,384)@[9,16]
g528(963,862,392)@[35,47]
g528(831,831,132)@[1,32]
g528(855,846,381)@[36,39]
g528(428,818,633)@[16,27]
g527(601,190,816,608)@[5,32]
g528(10,21,165)@[24,31]
g527(896,860,643,157)@[12,21]
g526(915,184)@[22,42]
g528(716,50,387)@[1,49]
g528(694,501,122)@[8,30]
g528(548,169,25)@[18,46]
g527(113,726,851,916)@[1,44]
g528(821,597,684)@[3,39]
g528(527,709,616)@[29,32]
g529(416,147,315,688)@[5,36]
g528(44,833,762)@[4,35]
g528(118,77,441)@[20,42]
g528(950,898,285)@[1,45]
g528(688,344,809)@[24,49]
g526(224,983)@[4,23]
g528(206,443,224)@[20,39]
g528(507,933,882)@[15,31]
g528(298,169,615)@[10,43]
g528(411,276,301)@[47,48]
g528(759,694,80)@[10,28]
g528(310,318,254)@[6,18]
g528(447,175,572)@[5,36]
g528(862,474,427)@[17,21]
g526(735,93)@[9,33]
g528(915,183,675)@[36,38]
g528(744,585,455)@[16,37]
g526(928,560)@[2,20]
g528(454,187,699)@[35,47]
g526(612,299)@[22,24]
g528(73,295,315)@[20,32]
g526(651,927)@[16,21]
g528(794,623,956)@[7,16]
g528(59,681,673)@[24,27]
g528(983,592,200)@[5,46]
g528(147,582,173)@[17,45]
g528(140,846,523)@[11,20]
g528(491,643,860)@[1,33]
g528(565,73,527)@[3,34]
g529(84,248,243,197)@[14,34]
g528(906,335,220)@[30,43]
g528(461,998,822)@[25,27]
g528(338,269,413)@[7,18]
g526(249,25)@[2,34]
g526(692,641)@[32,36]
g528(723,199,104)@[17,49]
g528(347,497,456)@[2,37]
g528(542,984,434)@[13,36]
g528(959,465,646)@[12,39]
g527(630,707,683,368)@[22,40]
g526(126,840)@[35,47]
g528(646,571,353)@[2,43]
g526(39,640)@[16,48]
g527(247,143,736,606)@[6,13]
g528(381,10,60)@[15,45]
g526(43,51)@[10,47]
g526(324,4)@[32,36]
g528(733,198,517)@[13,47]
g528(546,515,590)@[41,49]
g528(538,333,682)@[14,15]
g528(98,626,476)@[37,39]
g528(241,144,915)@[5,44]
g528(407,722,311)@[2,39]
g526(700,273)@[17,40]
g528(15,663,125)@[0,22]
g528(140,674,227)@[6,28]
g528(107,681,614)@[16,20]
g527(883,285,177,639)@[3,35]
g526(451,990)@[38,45]
g526(685,268)@[16,37]
g528(305,483,429)@[7,37]
g527(549,286,440,923)@[5,13]
g526(365,847)@[30,33]
g526(486,108)@[14,38]
g528(411,864,516)@[4,19]
g528(872,972,776)@[31,43]
g528(451,238,620)@[23,32]
g526(536,133)@[11,44]
g526(305,816)@[6,33]
g528(951,919,942)@[18,22]
g529(627,217,16,61)@[7,11]
g526(536,146)@[9,30]
g528(656,436,537)@[29,37]
g526(13,864)@[3,44]
g528(130,495,869)@[32,40]
g526(375,794)@[4,26]
g528(483,72,706)@[21,42]
g528(367,838,473)@[6,38]
g526(962,416)@[18,23]
g527(401,687,744,410)@[1,29]
g528(619,755,750)@[7,17]
g528(832,949,754)@[16,34]
g526(500,717)@[13,43]
g528(642,813,909)@[16,27]
g527(335,44,457,988)@[11,40]
g528(762,728,479)@[10,20]
g528(702,183,383)@[6,37]
g527(681,886,964,4)@[7,48]
g529(769,667,375,106)@[17,24]
g529(162,155,873,693)@[7,34]
g526(685,686)@[4,18]
g528(371,316,640)@[0,35]
g528(755,511,192)@[23,24]
g526(804,506)@[5,15]
g527(438,189,138,767)@[18,21]
g526(311,288)@[7,34]
g526(172,952)@[36,40]
g528(581,927,552)@[22,28]
g528(345,740,577)@[12,15]
g528(785,123,829)@[9,39]
g528(783,91,350)@[26,36]
g528(644,523,299)@[11,22]
g526(335,775)@[9,15]
g528(814,192,412)@[7,8]
g528(245,576,309)@[1,44]
g526(684,661)@[15,44]
g528(155,973,66)@[5,19]
g528(444,204,961)@[3,23]
g526(253,675)@[26,46]
g528(145,719,47)@[9,42]
g528(381,0,343)@[5,16]
g526(872,476)@[27,32]
g526(802,804)@[34,35]
g526(726,950)@[13,16]
g528(788,450,864)@[30,49]
g528(476,495,259)@[23,32]
g528(469,639,932)@[1,5]
g528(31,939,830)@[18,25]
g528(545,388,925)@[32,34]
g526(512,503)@[17,48]
g526(641,443)@[9,40]
g526(12,732)@[10,44]
g526(933,267)@[13,32]
g528(428,60,335)@[26,34]
g528(212,896,339)@[4,20]
g526(453,330)@[41,46]
g528(198,359,215)@[12,37]
g526(862,141)@[25,34]
g526(132,324)@[32,43]
g528(233,688,104)@[19,27]
g528(389,922,328)@[11,16]
g526(843,326)@[4,6]
g528(67,447,108)@[5,32]
g528(961,472,892)@[0,35]
g526(78,251)@[7,35]
g528(150,87,575)@[22,42]
g528(587,484,719)@[6,30]
g528(40,220,460)@[14,38]
g528(456,469,468)@[36,43]
g528(358,906,173)@[7,15]
g528(678,530,418)@[33,40]
g528(109,980,999)@[18,27]
g527(502,72,566,459)@[2,13]
g528(776,734,400)@[30,37]
g526(887,463)@[6,33]
g528(938,890,973)@[32,47]
g528(73,540,705)@[41,47]
g528(204,645,271)@[15,21]
g528(154,262,587)@[17,31]
g528(959,193,586)@[5,37]
g528(592,61,966)@[14,24]
g528(806,804,802)@[6,20]
g529(848,958,307,164)@[0,23]
g526(110,458)@[17,20]
g528(760,591,927)@[7,15]
g526(782,437)@[24,39]
g528(329,760,58)@[32,34]
g526(489,723)@[11,41]
g526(67,419)@[25,43]
g528(404,300,198)@[8,29]
g526(40,435)@[3,28]
g528(539,843,479)@[21,35]
g526(94,235)@[14,41]
g526(876,245)@[26,34]
g528(683,561,708)@[26,37]
g529(213,647,844,232)@[34,45]
g528(203,665,182)@[34,39]
g528(984,527,90)@[13,26]
g528(272,727,756)@[4,32]
g528(888,969,285)@[14,35]
g526(449,168)@[26,38]
g528(453,832,179)@[28,37]
g526(135,936)@[28,45]
g528(600,410,377)@[24,38]
g528(884,635,914)@[0,12]
g528(484,616,22)@[11,32]
g528(161,340,894)@[11,21]
g528(312,160,990)@[0,3]
g528(382,687,385)@[18,24]
g528(274,878,941)@[2,11]
g528(916,816,710)@[17,30]
g528(115,502,845)@[6,41]
g528(123,592,481)@[12,19]
g528(66,783,621)@[6,12]
g526(759,200)@[14,32]
g528(313,387,416)@[19,32]
g528(410,744,401)@[7,40]
g528(467,596,921)@[26,47]
g528(710,932,65)@[8,19]
g528(973,39,451)@[10,38]
g526(502,841)@[7,23]
g528(939,256,581)@[1,13]
g528(994,916,208)@[7,44]
g526(485,800)@[6,16]
g527(609,883,159,920)@[2,40]
g526(246,108)@[1,21]
g526(59,832)@[16,17]
g528(837,602,182)@[28,36]
g528(144,396,978)@[32,37]
g528(620,702,174)@[16,45]
g528(218,964,735)@[16,35]
g526(855,901)@[25,32]
g528(366,365,917)@[1,39]
g526(580,311)@[0,14]
g528(509,177,720)@[36,46]
g528(817,117,881)@[26,39]
g526(836,297)@[38,49]
g528(272,207,593)@[24,39]
g527(384,29,469,159)@[32,37]
g528(489,276,809)@[15,40]
g528(497,905,362)@[3,41]
g528(383,444,839)@[4,18]
g528(12,795,836)@[12,23]
g528(154,303,929)@[14,41]
g528(268,737,851)@[21,39]
g528(13,71,292)@[0,37]
g528(217,701,155)@[6,16]
g526(258,187)@[2,41]
g528(886,463,685)@[28,37]
g527(59,972,901,416)@[31,47]
g528(257,539,465)@[17,38]
g528(515,894,960)@[41,47]
g526(292,908)@[18,44]
g526(422,396)@[33,44]
g526(146,932)@[2,31]
g526(134,4)@[19,33]
g526(648,988)@[26,40]
g528(199,175,472)@[17,49]
g528(601,456,271)@[13,30]
g526(678,440)@[18,23]
g526(144,90)@[16,45]
g528(984,77,371)@[11,34]
g526(276,293)@[7,47]
g528(233,809,408)@[3,49]
g528(658,725,716)@[14,19]
g526(845,571)@[6,30]
g526(464,325)@[16,41]
g527(307,656,213,757)@[18,39]
g528(33,688,819)@[2,21]
g526(267,576)@[29,39]
g528(639,37,968)@[2,9]
g528(684,922,407)@[2,42]
g528(565,825,633)@[15,33]
g528(457,767,803)@[11,18]
g528(570,160,548)@[8,25]
g528(989,922,148)@[1,41]
g527(523,683,680,249)@[9,15]
g526(515,542)@[8,26]
g528(152,838,206)@[28,33]
g528(326,969,204)@[15,18]
g526(546,653)@[10,30]
g528(557,721,886)@[4,25]
g528(671,71,939)@[1,43]
g528(392,578,993)@[3,16]
g526(692,724)@[16,46]
g528(496,937,422)@[4,46]
g528(362,576,785)@[23,39]
g526(927,531)@[12,28]
g526(390,616)@[23,38]
g528(634,304,929)@[7,33]
g528(265,959,464)@[34,49]
g528(916,998,935)@[33,42]
g528(873,512,641)@[5,30]
g528(573,51,963)@[34,37]
g528(639,65,233)@[15,40]
g528(172,541,972)@[16,25]
g529(471,886,176,715)@[15,26]
g528(278,622,89)@[25,42]
g526(120,481)@[25,43]
g528(797,366,525)@[28,29]
g528(196,926,659)@[12,45]
g527(620,536,244,690)@[11,30]
g528(378,667,554)@[1,17]
g529(881,833,858,755)@[22,27]
g527(806,217,498,53)@[1,5]
g526(380,697)@[21,26]
g526(110,527)@[13,48]
g527(846,382,372,583)@[7,41]
g526(655,310)@[15,43]
g528(571,842,755)@[22,46]
g528(730,924,395)@[28,31]
g528(888,121,962)@[25,38]
g528(287,552,188)@[19,33]
g526(594,345)@[2,44]
g528(445,638,919)@[16,25]
g528(358,575,766)@[6,28]
g528(725,835,194)@[4,23]
g526(518,233)@[8,37]
g528(235,440,125)@[19,20]
g528(989,600,609)@[25,29]
g528(41,127,998)@[11,15]
g526(17,892)@[28,46]
g528(877,578,628)@[10,39]
g526(573,628)@[42,44]
g528(653,634,706)@[13,31]
g528(647,767,926)@[13,43]
g526(958,239)@[24,35]
g528(456,980,49)@[39,49]
g528(992,824,636)@[34,43]
g526(478,680)@[20,28]
g526(706,529)@[16,48]
g528(957,58,61)@[1,37]
g528(154,835,275)@[34,41]
g528(86,968,775)@[1,46]
g528(566,181,464)@[22,37]
g526(799,909)@[10,14]
g526(528,255)@[0,40]
g528(661,601,860)@[14,22]
g528(526,759,593)@[5,23]
g526(61,638)@[14,32]
g528(727,657,488)@[34,42]
g526(525,514)@[8,46]
g528(945,446,997)@[13,19]
g528(206,896,992)@[7,24]
g528(780,883,51)@[41,42]
g528(386,836,468)@[8,13]
g528(637,597,417)@[43,44]
g528(988,466,270)@[26,30]
g528(196,654,660)@[45,46]
g526(304,484)@[11,17]
g528(372,753,198)@[1,15]
g528(716,742,264)@[8,15]
g528(460,541,245)@[35,39]
g528(872,921,540)@[23,42]
g528(382,854,164)@[16,39]
g528(996,510,194)@[21,31]
g528(440,622,133)@[6,36]
g526(24,246)@[9,44]
g528(634,229,207)@[3,30]
g528(928,285,623)@[41,48]
g528(690,867,38)@[28,32]
g526(766,199)@[2,32]
g528(545,904,366)@[4,28]
g526(989,163)@[2,8]
g528(243,620,250)@[27,34]
g528(630,625,523)@[14,22]
g528(30,240,326)@[2,21]
g526(735,202)@[24,25]
g528(894,388,462)@[6,38]
g528(814,839,447)@[40,44]
g526(2,835)@[11,15]
g528(198,415,208)@[9,14]
g526(279,639)@[2,34]
g528(329,850,819)@[0,6]
g526(918,377)@[10,21]
g528(478,653,573)@[11,49]
g528(341,487,551)@[33,42]
g526(549,539)@[28,44]
g528(359,315,592)@[10,15]
g528(75,769,932)@[1,30]
g528(550,492,255)@[4,12]
g528(537,135,995)@[6,19]
g528(689,519,633)@[25,35]
g528(536,911,966)@[7,13]
g526(885,88)@[24,45]
g528(531,331,656)@[16,22]
g528(265,424,87)@[39,48]
g526(716,24)@[12,28]
g528(329,894,648)@[12,21]
g527(684,595,335,556)@[41,46]
g528(373,430,95)@[9,33]
g528(807,146,596)@[18,27]
g528(337,212,157)@[5,30]
g528(311,310,584)@[2,47]
g528(481,75,741)@[5,15]
g528(703,195,364)@[12,40]
g528(999,914,499)@[29,44]
g526(560,952)@[19,38]
g526(642,993)@[5,45]
g528(884,399,195)@[9,11]
g528(153,910,81)@[1,15]
g527(416,405,271,311)@[12,36]
g528(495,525,504)@[5,7]
g528(558,647,521)@[32,38]
g528(645,271,16)@[8,21]
g528(127,842,454)@[39,49]
g528(343,19,174)@[27,45]
g528(619,60,192)@[3,41]
g528(373,210,505)@[13,34]
g528(247,150,146)@[1,33]
g527(800,533,394,362)@[29,33]
g528(846,50,594)@[2,26]
g528(935,2,639)@[6,27]
g528(927,632,199)@[10,36]
g526(133,371)@[9,13]
g528(808,778,111)@[24,44]
g528(174,643,325)@[20,29]
g529(206,799,976,717)@[4,16]
g528(518,30,552)@[21,27]
g528(749,638,509)@[26,33]
g529(950,989,497,629)@[43,46]
g528(850,976,866)@[1,38]
g528(684,240,99)@[0,15]
g528(839,362,589)@[29,31]
g526(418,54)@[37,44]
g528(847,647,441)@[3,22]
g526(285,100)@[29,37]
g526(159,15)@[30,44]
g528(668,980,298)@[15,45]
g528(101,767,439)@[4,16]
g528(746,464,522)@[7,48]
g528(900,27,386)@[9,22]
g526(587,795)@[4,48]
g526(182,602)@[1,6]
g526(421,655)@[9,22]
g528(410,869,866)@[9,31]
g528(154,418,753)@[24,33]
g528(37,286,743)@[0,41]
g528(510,29,879)@[24,47]
g528(299,186,321)@[13,28]
g528(825,125,207)@[15,20]
g528(898,468,425)@[10,44]
g528(213,563,143)@[22,24]
g528(642,787,152)@[22,29]
g527(865,591,281,52)@[24,40]
g528(609,708,804)@[1,40]
g528(49,497,416)@[0,49]
g529(4,521,921,342)@[1,34]
g528(7,529,540)@[1,18]
g528(322,613,956)@[44,49]
g526(511,629)@[4,48]
g528(616,959,3)@[16,45]
g526(967,621)@[35,42]
g528(186,89,450)@[11,16]
g528(672,894,538)@[28,42]
g528(546,248,888)@[1,7]
g529(891,877,983,983)@[17,29]
g526(843,234)@[31,47]
g526(62,46)@[37,40]
g528(715,448,968)@[6,38]
g528(682,456,471)@[31,33]
g527(596,800,183,961)@[20,49]
g528(897,21,861)@[39,48]
g526(408,756)@[24,38]
g528(370,309,108)@[24,30]
g528(584,566,401)@[27,42]
g528(189,277,756)@[28,35]
g526(463,461)@[41,48]
g526(661,225)@[5,49]
g528(801,568,429)@[3,12]
g528(387,240,547)@[33,48]
g526(460,681)@[29,31]
g528(693,773,240)@[13,15]
g528(161,311,974)@[14,32]
g526(432,169)@[21,37]
g528(88,502,115)@[4,26]
g528(413,670,514)@[1,21]
g526(354,359)@[2,31]
g528(615,637,536)@[4,44]
g528(535,922,139)@[9,20]
g527(226,681,314,245)@[1,45]
g526(595,844)@[13,35]
g526(172,820)@[11,41]
g528(96,927,316)@[31,47]
g528(341,569,437)@[8,20]
g528(635,300,254)@[34,40]
g527(536,177,728,27)@[1,36]
g528(115,132,537)@[12,33]
g529(495,581,423,754)@[20,44]
g528(514,206,730)@[26,28]
g526(788,618)@[28,38]
g526(812,480)@[6,33]
g528(598,563,942)@[0,24]
g526(619,270)@[10,25]
g528(221,477,768)@[1,29]
g526(170,641)@[3,17]
g526(637,854)@[9,35]
g528(18,620,892)@[5,49]
g528(76,576,702)@[24,40]
g528(564,227,136)@[13,49]
g528(824,573,397)@[15,41]
g528(324,351,540)@[15,27]
g528(25,411,965)@[0,32]
g528(842,458,543)@[34,44]
g526(507,162)@[21,35]
g528(827,819,269)@[13,31]
g526(343,815)@[21,27]
g526(819,823)@[29,45]
g527(167,334,178,705)@[3,40]
g528(649,345,203)@[29,31]
g526(206,810)@[22,36]
g528(310,605,579)@[4,37]
g528(712,293,340)@[38,40]
g528(283,268,911)@[8,25]
g527(934,582,706,885)@[24,34]
g526(436,778)@[10,30]
g528(603,113,581)@[0,13]
g526(911,205)@[18,29]
g526(346,309)@[19,24]
g528(585,619,752)@[4,19]
g529(652,104,908,615)@[8,10]
g528(340,693,847)@[4,22]
g528(247,340,391)@[0,47]
g528(749,833,428)@[1,4]
g528(612,901,608)@[32,37]
g528(54,585,414)@[10,16]
g528(338,929,732)@[2,20]
g526(176,516)@[37,43]
g528(144,771,99)@[0,1]
g528(835,82,144)@[5,36]
g528(445,489,965)@[2,25]
g528(996,867,593)@[6,35]
g526(501,321)@[3,20]
g526(214,216)@[36,45]
g526(229,685)@[16,41]
g528(831,724,755)@[5,25]
g528(470,412,476)@[12,40]
g528(111,266,870)@[33,39]
g528(783,449,382)@[13,35]
g528(892,144,745)@[8,18]
g528(603,34,231)@[22,49]
g528(687,714,5)@[13,25]
g526(557,707)@[6,46]
g526(270,956)@[15,20]
g528(946,259,43)@[11,35]
g528(635,741,830)@[29,43]
g526(500,69)@[17,25]
g528(85,377,539)@[5,35]
g528(823,402,970)@[1,2]
g528(578,863,181)@[30,34]
g528(153,162,507)@[26,41]
g528(899,802,113)@[6,15]
g528(836,368,932)@[0,10]
g528(46,72,590)@[1,3]
g528(418,41,622)@[2,9]
g528(123,470,116)@[27,35]
g528(345,543,343)@[0,49]
g528(301,275,925)@[7,26]
g528(572,912,964)@[3,6]
g528(978,197,84)@[17,45]
g529(540,921,134,872)@[38,46]
g528(567,252,440)@[9,32]
g528(514,979,597)@[3,34]
g527(44,472,729,260)@[35,40]
g528(959,17,855)@[11,20]
g528(251,540,251)@[15,44]
g528(270,465,438)@[6,44]
g528(510,429,542)@[41,47]
g526(298,479)@[5,41]
g528(338,431,118)@[31,47]
g528(565,628,87)@[17,39]
g528(144,213,95)@[22,30]
g528(36,57,233)@[28,44]
g526(938,306)@[0,17]
g528(837,629,814)@[0,47]
g528(248,957,816)@[31,36]
g526(445,617)@[9,24]
g528(496,192,704)@[1,35]
g528(523,865,51)@[25,49]
g528(832,847,457)@[9,47]
g526(121,884)@[16,26]
g528(698,524,164)@[5,19]
g528(952,90,553)@[28,45]
g526(4,61)@[22,24]
g528(514,262,665)@[26,36]
g526(687,555)@[11,44]
g526(166,292)@[17,25]
g526(315,885)@[4,24]
g528(78,153,815)@[28,40]
g527(50,156,200,377)@[14,35]
g528(681,261,858)@[21,26]
g527(451,959,859,654)@[23,40]
g526(117,308)@[12,33]
g526(991,761)@[35,44]
g526(764,247)@[4,20]
g528(625,40,956)@[33,48]
g526(547,764)@[12,49]
g526(204,644)@[30,49]
g528(486,846,586)@[3,11]
g528(75,122,758)@[20,43]
g526(414,366)@[14,27]
g528(658,818,844)@[8,45]
g526(769,991)@[23,40]
g528(904,795,511)@[41,48]
g528(451,700,404)@[18,32]
g528(315,593,867)@[17,21]
g528(332,807,541)@[40,43]
g526(366,649)@[8,46]
g528(200,454,275)@[36,38]
g528(99,718,668)@[10,31]
g526(337,296)@[22,28]
g528(121,445,502)@[6,14]
g528(79,186,226)@[9,32]
g528(156,681,731)@[24,34]
g526(184,517)@[12,30]
g526(829,66)@[1,6]
g526(420,92)@[25,27]
g528(867,684,455)@[9,46]
g528(408,139,822)@[2,47]
g526(34,591)@[2,48]
g526(461,90)@[27,30]
g528(485,671,33)@[5,11]
g527(598,828,591,946)@[29,30]
g528(932,729,442)@[37,44]
g528(320,676,36)@[17,44]
g528(992,262,963)@[15,29]
g526(103,356)@[0,22]
g528(244,679,421)@[35,48]
g528(100,386,990)@[11,48]
g526(611,396)@[18,32]
g528(551,359,953)@[25,26]
g528(784,60,153)@[25,37]
g529(845,396,422,492)@[35,48]
g526(285,931)@[5,30]
g528(897,565,137)@[9,31]
g526(828,368)@[17,31]
g526(993,398)@[0,8]
g528(535,831,512)@[14,23]
g528(686,445,30)@[40,45]
g528(518,616,514)@[4,16]
g528(419,640,901)@[21,45]
g526(633,144)@[7,13]
g528(731,725,321)@[6,48]
g528(744,308,525)@[4,29]
g528(892,684,186)@[23,31]
g526(259,129)@[30,36]
g528(965,587,963)@[3,26]
g526(863,323)@[30,32]
g528(191,530,616)@[25,39]
g526(582,88)@[9,42]
g526(595,98)@[17,35]
g528(225,827,219)@[10,22]
g528(465,737,762)@[20,49]
g528(32,329,207)@[20,24]
g526(28,488)@[16,19]
g528(922,150,847)@[14,24]
g526(967,159)@[11,32]
g528(91,924,969)@[16,24]
g528(218,389,701)@[12,28]
g528(250,336,146)@[0,18]
g528(706,557,353)@[23,38]
g528(128,997,51)@[35,36]
g528(204,65,792)@[28,35]
g528(603,826,723)@[23,47]
g528(28,98,386)@[2,4]
g526(815,786)@[31,41]
g526(316,949)@[10,12]
g528(33,819,968)@[10,27]
g526(125,831)@[10,31]
g528(549,900,621)@[9,11]
g528(869,862,387)@[22,37]
g528(455,9,469)@[21,42]
g526(540,16)@[13,14]
g526(153,418)@[0,13]
g528(499,926,709)@[14,45]
g526(930,472)@[5,25]
g528(81,952,26)@[4,13]
g528(831,840,99)@[20,43]
g526(878,190)@[29,44]
g528(520,432,773)@[17,39]
g526(889,921)@[10,27]
g526(734,969)@[17,26]
g528(342,725,391)@[23,27]
g528(743,416,787)@[10,48]
g526(567,797)@[33,43]
g528(30,75,703)@[4,19]
g528(941,484,917)@[28,39]
g528(542,356,34)@[40,48]
g526(53,562)@[12,18]
g528(54,501,979)@[19,40]
g528(681,969,451)@[31,41]
g528(81,37,535)@[2,37]
g526(287,19)@[36,39]
g528(466,681,455)@[2,32]
g526(452,549)@[26,43]
g526(733,273)@[2,24]
g528(790,842,563)@[45,47]
g528(78,390,411)@[21,45]
g528(141,257,151)@[7,37]
g526(892,324)@[39,40]
g528(271,829,508)@[15,36]
g527(878,440,437,219)@[6,16]
g526(174,114)@[26,43]
g526(36,570)@[8,17]
g527(876,139,84,794)@[12,31]
g526(587,897)@[21,36]
g528(232,449,578)@[8,30]
g528(983,846,681)@[4,20]
g528(301,97,727)@[38,48]
g526(879,196)@[4,47]
g528(665,610,464)@[22,48]
g528(676,903,645)@[22,23]
g528(344,578,358)@[24,38]
g526(746,521)@[29,49]
g526(609,114)@[21,48]
g526(413,927)@[28,45]
g528(372,786,524)@[26,47]
g526(607,841)@[12,26]
g526(284,977)@[1,33]
g528(204,373,784)@[18,24]
g528(177,563,520)@[2,8]
g526(492,930)@[9,45]
g528(342,255,631)@[9,19]
g528(237,546,251)@[6,18]
g528(515,150,491)@[8,15]
g528(423,24,252)@[21,44]
g527(684,277,479,32)@[18,44]
g528(398,335,843)@[21,37]
g528(411,181,386)@[13,19]
g528(227,758,216)@[3,48]
g527(438,911,611,973)@[28,38]
g528(436,908,101)@[13,22]
g528(800,307,468)@[27,44]
g528(592,824,978)@[32,48]
g528(903,273,153)@[11,39]
g526(954,170)@[18,30]
g528(663,30,84)@[0,5]
g528(691,27,315)@[37,44]
g528(285,832,714)@[30,38]
g526(286,243)@[0,30]
g528(88,209,250)@[17,48]
g528(147,944,988)@[5,40]
g528(501,304,51)@[46,48]
g528(654,731,523)@[27,28]
g528(296,413,480)@[0,44]
g526(362,469)@[15,38]
g528(263,849,31)@[17,26]
g528(303,329,165)@[10,39]
g526(828,171)@[16,21]
g528(174,403,471)@[36,38]
g528(644,702,652)@[5,48]
g528(917,49,541)@[20,25]
g528(909,101,552)@[15,39]
g527(396,396,954,319)@[5,33]
g529(574,357,745,736)@[20,24]
g528(211,203,144)@[34,46]
g528(712,640,687)@[1,13]
g528(639,389,732)@[16,21]
g526(700,400)@[39,46]
g528(945,793,814)@[16,48]
g528(325,53,15)@[20,40]
g528(14,317,267)@[0,24]
g528(721,629,486)@[33,42]
g528(379,900,497)@[13,49]
g528(794,775,355)@[17,42]
g526(878,358)@[12,36]
g526(794,639)@[9,28]
g528(885,791,777)@[32,34]
g528(28,841,249)@[8,23]
g528(227,872,364)@[2,24]
g526(216,477)@[31,38]
g528(633,154,1)@[7,43]
g527(986,931,955,835)@[6,34]
g526(594,45)@[10,43]
g528(935,660,980)@[30,48]
g528(183,709,589)@[7,11]
g528(64,210,740)@[0,33]
g528(788,437,440)@[21,36]
g528(863,877,566)@[36,46]
g526(429,592)@[14,48]
g528(26,302,489)@[32,38]
g526(712,688)@[41,48]
g526(127,889)@[45,48]
g526(747,38)@[1,8]
g529(397,684,186,722)@[22,33]
g526(824,908)@[23,35]
g528(152,170,114)@[29,42]
g526(467,644)@[5,30]
g528(657,334,184)@[34,37]
g526(598,375)@[20,32]
g528(617,857,128)@[0,29]
g528(185,378,308)@[11,43]
g526(152,459)@[33,34]
g528(94,190,180)@[12,31]
g528(977,100,873)@[4,19]
g527(845,729,849,330)@[27,44]
g526(330,53)@[9,13]
g528(795,857,366)@[17,40]
g528(276,529,906)@[22,27]
g528(662,945,218)@[3,22]
g528(547,99,847)@[20,46]
g526(997,153)@[14,24]
g528(571,981,845)@[10,36]
g526(82,927)@[5,32]
g528(138,714,202)@[31,36]
g528(355,554,199)@[4,19]
g528(272,791,943)@[24,33]
g528(972,416,901)@[6,19]
g528(32,475,186)@[14,31]
g526(133,771)@[19,45]
g528(16,582,101)@[7,20]
g526(95,697)@[35,40]
g528(856,313,905)@[17,25]
g528(819,427,941)@[10,34]
g528(545,69,363)@[3,23]
g528(504,740,515)@[2,8]
g528(367,961,804)@[1,4]
g528(308,63,573)@[25,49]
g528(887,276,45)@[22,37]
g528(949,384,690)@[18,26]
g528(680,299,168)@[7,12]
g528(262,36,713)@[4,27]
g526(19,122)@[14,17]
g526(461,818)@[5,36]
g526(327,235)@[7,42]
g528(82,578,79)@[2,18]
g526(210,788)@[6,18]
g526(399,176)@[18,46]
g529(248,685,294,310)@[28,37]
g528(765,210,12)@[24,37]
g526(71,160)@[7,41]
g529(490,202,181,519)@[1,13]
g528(133,161,861)@[7,19]
g529(177,918,577,352)@[18,47]
g528(841,775,473)@[4,28]
g528(752,129,851)@[2,39]
g528(963,45,42)@[11,32]
g528(495,670,979)@[25,30]
g528(569,300,162)@[17,31]
g528(183,432,295)@[31,47]
g526(549,83)@[27,46]
g528(372,329,187)@[17,34]
g528(915,399,187)@[7,42]
g526(164,718)@[8,12]
g526(430,562)@[4,42]
g526(980,935)@[7,36]
g528(914,379,232)@[0,36]
g526(860,941)@[21,34]
g528(741,248,838)@[8,34]
g528(285,673,190)@[3,5]
g528(231,408,307)@[22,37]
g528(709,699,182)@[4,20]
g528(366,208,508)@[6,45]
g526(206,526)@[10,14]
g528(417,670,871)@[14,46]
g526(508,62)@[8,21]
g528(329,105,112)@[18,42]
g529(35,37,183,519)@[32,49]
g528(519,257,160)@[2,17]
g528(475,347,570)@[3,31]
g528(471,557,635)@[36,44]
g528(677,325,480)@[18,22]
g528(357,719,966)@[3,11]
g526(642,49)@[9,16]
g528(64,266,957)@[17,44]
g528(722,400,970)@[14,21]
g528(418,328,899)@[10,41]
g528(5,400,244)@[5,46]
g528(86,456,937)@[11,22]
g528(129,13,143)@[31,37]
g527(300,931,499,823)@[18,29]
g526(932,946)@[7,12]
g528(79,429,872)@[18,23]
g528(726,745,646)@[18,43]
g526(435,16)@[13,19]
g528(141,185,503)@[6,45]
g528(81,58,862)@[45,48]
g526(527,59)@[40,47]
g528(644,573,834)@[32,34]
g526(845,752)@[1,36]
g528(427,79,666)@[28,44]
g526(510,154)@[32,44]
g528(92,770,594)@[36,40]
g528(173,325,262)@[8,30]
g528(963,165,441)@[22,36]
g526(684,708)@[4,39]
g528(961,145,420)@[34,49]
g528(48,262,753)@[0,22]
g526(290,183)@[11,37]
g528(778,914,474)@[17,18]
g526(598,479)@[12,17]
g528(979,811,734)@[1,31]
g528(636,355,20)@[8,36]
g526(999,0)@[18,42]
g528(244,896,375)@[24,29]
g528(481,428,497)@[20,48]
g528(615,733,28)@[15,30]
g528(554,827,103)@[2,12]
g527(539,507,377,85)@[0,32]
g528(890,179,948)@[0,7]
g528(588,953,549)@[7,49]
g526(197,929)@[10,48]
g528(665,104,360)@[28,46]
g528(143,243,782)@[26,47]
g528(324,122,54)@[40,41]
g529(875,671,899,580)@[0,29]
g528(916,851,113)@[5,17]
g528(494,240,600)@[1,35]
g528(294,789,300)@[30,42]
g528(13,106,909)@[3,4]
g526(130,945)@[37,43]
g528(749,687,712)@[12,14]
g526(322,119)@[10,20]
g528(472,737,123)@[28,49]
g528(685,657,36)@[25,48]
g528(846,311,301)@[14,44]
g528(737,941,884)@[13,46]
g529(823,734,302,322)@[14,42]
g526(666,340)@[34,38]
g526(365,522)@[40,43]
g528(67,895,602)@[9,49]
g526(337,693)@[1,6]
g526(293,176)@[3,40]
g529(899,880,100,808)@[14,23]
g527(168,546,744,945)@[14,36]
g526(761,772)@[26,31]
g526(433,720)@[14,25]
g528(39,908,859)@[18,19]
g526(254,300)@[35,44]
g528(955,719,776)@[42,46]
g528(518,656,469)@[7,49]
g526(924,0)@[20,40]
g528(636,897,924)@[23,32]
g528(407,78,537)@[10,27]
g527(998,543,888,294)@[10,46]
g526(709,656)@[32,49]
g526(11,455)@[17,34]
g526(659,309)@[22,31]
g528(925,315,602)@[22,24]
g526(601,521)@[6,41]
g528(369,443,90)@[0,26]
g526(766,990)@[22,40]
g526(745,153)@[38,46]
g528(254,429,697)@[15,37]
g526(844,218)@[0,36]
g528(591,206,998)@[8,48]
g527(238,320,651,876)@[0,47]
g528(432,395,528)@[36,40]
g528(263,114,624)@[24,34]
g527(429,533,63,906)@[14,48]
g528(504,794,590)@[20,23]
g527(403,86,327,399)@[18,33]
g528(285,645,322)@[17,47]
g528(920,575,843)@[17,31]
g526(571,311)@[11,15]
g528(10,60,15)@[11,33]
g526(964,912)@[18,37]
g528(704,117,307)@[6,9]
g526(504,561)@[28,47]
g528(175,621,838)@[18,26]
g528(907,910,618)@[16,23]
g528(309,3,41)@[1,34]
g528(905,614,54)@[11,21]
g528(773,938,234)@[16,35]
g526(41,568)@[17,37]
g528(296,791,656)@[26,33]
g528(124,545,93)@[13,33]
g526(909,735)@[41,47]
g527(587,553,164,952)@[13,45]
g528(501,307,863)@[2,23]
g526(490,483)@[39,46]
g528(780,372,659)@[21,28]
g528(552,894,100)@[41,48]
g528(227,291,412)@[10,37]
g526(278,248)@[17,35]
g528(425,784,674)@[20,45]
g528(91,171,551)@[30,33]
g526(327,818)@[8,22]
g528(117,267,671)@[14,45]
g526(620,246)@[5,6]
g526(79,50)@[2,42]
g528(489,909,254)@[28,35]
g526(831,149)@[18,39]
g526(532,914)@[12,32]
g528(821,559,450)@[20,21]
g526(835,207)@[6,20]
g526(214,529)@[32,46]
g526(695,113)@[5,34]
g528(280,769,371)@[8,18]
g528(879,353,284)@[17,33]
g526(197,667)@[13,49]
g526(936,240)@[11,36]
g526(556,243)@[7,40]
g528(930,771,989)@[1,32]
g526(508,678)@[4,34]
g528(903,717,999)@[18,19]
g528(874,337,977)@[2,47]
g528(402,206,327)@[0,9]
g528(165,900,451)@[9,39]
g528(224,644,10)@[26,36]
g526(843,860)@[31,35]
g526(423,56)@[26,30]
g528(743,449,313)@[31,46]
g528(71,244,944)@[4,24]
g526(708,709)@[9,47]
g526(361,78)@[13,14]
g526(537,876)@[20,46]
g526(531,481)@[2,28]
g526(782,795)@[19,38]
g528(547,280,243)@[28,40]
g528(460,322,39)@[5,34]
g526(89,807)@[23,30]
g528(404,909,463)@[14,44]
g528(969,204,468)@[20,38]
g526(284,481)@[32,35]
g526(316,927)@[18,34]
g528(481,251,323)@[10,21]
g528(782,953,82)@[43,47]
g528(171,745,665)@[4,20]
g528(563,539,726)@[34,48]
g526(332,36)@[21,29]
g528(835,520,618)@[42,45]
g526(588,982)@[4,21]
g527(702,855,498,822)@[21,42]
g528(198,673,927)@[6,41]
g526(521,717)@[28,49]
g526(768,985)@[30,36]
g528(456,868,960)@[3,11]
g528(411,784,450)@[22,23]
g528(453,33,213)@[5,23]
g528(108,440,766)@[14,23]
g526(278,999)@[2,19]
g526(683,420)@[5,37]
g526(351,208)@[10,40]
g527(674,970,290,24)@[31,44]
g528(300,772,717)@[41,47]
g526(614,886)@[42,48]
g528(639,57,626)@[35,46]
g526(724,400)@[4,30]
g528(9,752,318)@[1,28]
g527(276,716,201,328)@[18,28]
g528(829,576,693)@[9,22]
g527(305,611,114,508)@[37,49]
g528(523,616,866)@[26,47]
g527(264,658,702,577)@[41,45]
g528(581,668,700)@[5,45]
g528(858,78,888)@[18,29]
g526(67,831)@[36,39]
g528(182,445,841)@[31,44]
g528(180,355,385)@[2,5]
g526(747,930)@[7,39]
g529(226,314,681,245)@[0,28]
g526(136,898)@[1,9]
g528(291,967,681)@[7,13]
g526(715,452)@[7,13]
g528(47,748,914)@[0,45]
g528(41,59,544)@[17,37]
g528(114,828,574)@[7,32]
g528(939,398,990)@[28,35]
g528(104,694,858)@[0,3]
g528(574,703,860)@[14,15]
g528(231,548,594)@[1,39]
g526(382,154)@[4,12]
g528(74,867,175)@[23,42]
g528(25,985,698)@[0,6]
g528(15,964,219)@[34,40]
g526(529,161)@[0,10]
g528(448,96,348)@[11,24]
g528(196,19,357)@[14,31]
g526(26,151)@[9,30]
g528(211,740,613)@[6,21]
g526(611,574)@[5,6]
g528(485,642,689)@[15,16]
g526(207,382)@[2,26]
g528(821,131,921)@[32,42]
g528(328,400,590)@[0,10]
g528(581,25,419)@[15,43]
g528(112,617,336)@[23,48]
g526(172,496)@[33,46]
g526(291,386)@[21,31]
g528(568,129,272)@[11,14]
g526(795,857)@[19,35]
g526(382,237)@[14,42]
g529(664,134,443,21)@[26,47]
g528(49,896,989)@[22,48]
g526(791,967)@[16,34]
g526(993,961)@[29,42]
g528(789,843,802)@[7,43]
g526(236,60)@[10,30]
g526(838,661)@[3,31]
g528(382,230,757)@[32,34]
g528(534,676,314)@[47,48]
g528(585,53,588)@[37,40]
g528(330,102,407)@[4,21]
g526(619,880)@[25,40]
g528(664,201,275)@[20,27]
g527(473,672,277,277)@[10,26]
g526(74,239)@[21,25]
g526(546,541)@[15,28]
g528(602,475,839)@[9,37]
g528(724,219,667)@[27,42]
g528(72,731,526)@[15,27]
g526(149,434)@[33,35]
g528(103,814,96)@[42,45]
g529(781,298,359,323)@[35,36]
g528(351,203,961)@[24,48]
g527(824,951,812,563)@[4,6]
g528(994,12,599)@[13,38]
g526(955,123)@[7,36]
g528(731,464,987)@[3,8]
g528(375,161,855)@[8,20]
g528(161,951,368)@[10,49]
g528(808,401,501)@[14,22]
g528(43,44,869)@[6,46]
g528(704,279,746)@[33,49]
g528(302,533,410)@[0,33]
g528(591,261,433)@[6,43]
g528(806,879,875)@[34,40]
g528(423,81,442)@[3,5]
g528(47,388,8)@[5,35]
g528(44,743,295)@[19,47]
g528(245,196,90)@[16,44]
g528(52,752,345)@[0,23]
g528(465,958,806)@[13,21]
g528(964,7,97)@[30,47]
g529(120,190,809,774)@[16,44]
g526(846,583)@[0,32]
g526(425,37)@[21,40]
g528(820,793,738)@[1,29]
g528(9,77,26)@[42,49]
g526(876,552)@[12,41]
g528(679,53,754)@[10,15]
g528(475,186,186)@[32,37]
g528(63,609,392)@[1,45]
g527(478,881,882,312)@[1,38]
g526(601,753)@[13,23]
g528(958,972,987)@[25,35]
g528(584,144,102)@[35,46]
g528(126,905,371)@[7,24]
g528(567,871,215)@[12,41]
g528(668,523,79)@[0,24]
g528(738,684,717)@[37,42]
g528(687,165,386)@[28,35]
g528(774,867,131)@[13,33]
g528(261,188,436)@[42,43]
g528(838,893,904)@[21,27]
g526(927,90)@[17,42]
g528(210,145,527)@[8,16]
g526(118,431)@[40,43]
g527(239,624,305,258)@[6,42]
g526(971,182)@[29,36]
g526(518,558)@[38,40]
g526(270,160)@[18,42]
g529(840,644,273,360)@[34,41]
g528(511,508,551)@[14,27]
g528(510,165,63)@[29,40]
g528(587,146,262)@[31,34]
g528(991,194,502)@[9,13]
g528(588,733,373)@[11,22]
g526(620,849)@[24,49]
g527(26,767,662,428)@[2,25]
g528(442,242,88)@[34,37]
g527(218,756,7,841)@[14,16]
g526(920,891)@[1,2]
g526(629,121)@[31,42]
g526(618,497)@[10,16]
g528(655,694,816)@[1,33]
g526(516,646)@[10,35]
g528(297,405,61)@[17,39]
g528(280,721,624)@[21,33]
g528(86,306,243)@[34,42]
g528(733,692,292)@[10,35]
g528(424,492,155)@[31,37]
g528(507,642,728)@[14,34]
g526(899,25)@[16,19]
g529(412,155,788,536)@[25,38]
g526(207,945)@[9,23]
g528(336,779,649)@[15,40]
g528(750,113,211)@[30,38]
g526(702,544)@[28,29]
g528(606,736,247)@[40,46]
g526(458,895)@[7,45]
g528(899,682,666)@[18,22]
g526(274,163)@[14,28]
g526(651,1)@[12,19]
g528(271,976,367)@[4,25]
g528(113,444,14)@[7,38]
g528(528,536,40)@[43,44]
g528(706,160,823)@[26,29]
g526(328,922)@[38,45]
g528(603,989,389)@[14,48]
g526(533,63)@[6,13]
g526(696,177)@[12,22]
g528(901,907,211)@[3,5]
g528(31,40,762)@[15,39]
g526(382,455)@[8,37]
g528(614,244,238)@[1,9]
g528(962,682,919)@[3,5]
g528(864,799,378)@[14,32]
g528(856,449,538)@[25,26]
g528(185,574,611)@[28,49]
g528(671,775,875)@[1,17]
g528(706,206,897)@[14,17]
g528(792,650,853)@[33,41]
g528(911,113,430)@[26,28]
g528(647,625,325)@[28,43]
g526(720,444)@[12,49]
g526(848,128)@[4,15]
g528(407,205,712)@[11,34]
g528(434,701,621)@[3,21]
g528(461,443,257)@[1,22]
g526(270,228)@[21,48]
g528(307,955,654)@[9,22]
g526(334,746)@[45,46]
g528(410,518,461)@[5,48]
g526(836,262)@[44,46]
g528(217,160,822)@[15,22]
g528(995,781,105)@[26,45]
g529(139,832,801,141)@[25,48]
g526(526,665)@[16,36]
g528(302,60,641)@[31,41]
g528(131,88,809)@[3,42]
g528(531,659,360)@[0,36]
g528(613,533,241)@[14,25]
g528(24,123,808)@[28,39]
g528(290,822,13)@[8,33]
g528(880,155,47)@[24,26]
g526(220,701)@[2,3]
g526(759,841)@[16,25]
g527(899,100,880,808)@[32,39]
g528(464,925,246)@[24,38]
g526(624,18)@[26,37]
g528(916,523,876)@[2,48]
g528(318,168,165)@[3,11]
g526(439,45)@[0,32]
g526(866,298)@[31,35]
g528(32,559,89)@[38,46]
g528(555,847,16)@[29,38]
g528(76,296,203)@[8,12]
g528(694,950,637)@[3,41]
g528(452,493,769)@[6,42]
g528(785,643,600)@[26,38]
g528(376,711,113)@[28,31]
g529(455,608,897,684)@[9,46]
g528(291,806,146)@[39,47]
g528(435,994,693)@[11,34]
g526(646,109)@[11,13]
g528(800,875,440)@[5,49]
g526(747,251)@[19,43]
g526(599,992)@[7,30]
g527(140,652,620,407)@[2,36]
g526(235,865)@[16,32]
g528(817,625,623)@[9,33]
g528(59,289,181)@[8,10]
g528(173,109,815)@[10,25]
g528(527,944,374)@[1,49]
g528(869,742,195)@[28,45]
g528(429,303,247)@[34,39]
g528(20,605,962)@[10,32]
g526(483,206)@[3,22]
g528(149,552,719)@[9,26]
g526(910,452)@[19,42]
g526(386,28)@[15,23]
g526(141,967)@[0,25]
g526(486,290)@[41,47]
g526(228,694)@[12,26]
g526(511,634)@[3,49]
g526(643,389)@[32,37]
g528(342,957,623)@[14,20]
g528(93,636,828)@[18,29]
g526(724,998)@[4,11]
g528(204,64,678)@[13,28]
g527(479,98,97,232)@[8,16]
g528(433,150,650)@[32,48]
g528(260,262,705)@[28,48]
g529(322,953,561,651)@[11,33]
g528(179,13,288)@[41,42]
g528(581,631,413)@[12,35]
g526(985,5)@[2,48]
g528(567,877,35)@[25,38]
g528(44,778,754)@[17,47]
g527(756,531,176,780)@[14,42]
g529(412,133,715,612)@[35,39]
g528(452,891,71)@[16,23]
g527(136,440,804,552)@[1,43]
g526(778,435)@[27,40]
g526(396,954)@[9,41]
g528(480,968,764)@[22,47]
g528(809,156,309)@[30,32]
g528(842,462,473)@[12,25]
g526(430,972)@[0,33]
g528(34,672,587)@[6,15]
g528(725,159,723)@[16,26]
g528(625,546,259)@[9,20]
g529(677,447,579,865)@[1,49]
g528(665,928,371)@[20,26]
g528(726,103,752)@[31,44]
g528(721,578,520)@[20,45]
g528(310,940,513)@[15,38]
g528(925,588,783)@[3,20]
g526(466,782)@[35,49]
g527(219,248,964,15)@[7,17]
g528(941,884,796)@[26,46]
g526(773,112)@[36,38]
g528(630,645,99)@[31,33]
g528(372,257,293)@[36,48]
g528(988,927,123)@[21,22]
g528(0,762,885)@[4,15]
g528(150,593,444)@[21,44]
g528(722,728,661)@[17,45]
g529(61,124,800,111)@[6,23]
g528(176,724,86)@[35,46]
g528(141,192,752)@[26,28]
g528(674,760,303)@[14,39]
g526(152,312)@[0,22]
g528(163,950,104)@[11,36]
g526(965,736)@[9,19]
g526(780,170)@[2,5]
g526(62,44)@[24,40]
g528(187,340,475)@[25,41]
g528(90,474,489)@[1,28]
g526(64,93)@[3,37]
g528(442,541,659)@[22,47]
g526(627,527)@[13,20]
g528(346,483,115)@[3,43]
g528(218,308,766)@[20,29]
g528(568,334,472)@[8,12]
g528(265,714,260)@[11,22]
g528(625,634,400)@[4,17]
g528(434,896,364)@[36,38]
g526(937,832)@[4,11]
g526(520,631)@[17,35]
g526(887,254)@[37,49]
g528(305,16,167)@[4,23]
g528(679,778,199)@[13,32]
g526(583,725)@[33,39]
g526(186,117)@[0,3]
g528(65,812,704)@[23,37]
g526(537,999)@[2,37]
g528(932,419,217)@[29,49]
g526(644,790)@[8,34]
g528(965,374,749)@[31,37]
g528(259,940,717)@[30,46]
g528(560,908,102)@[4,15]
g526(104,599)@[10,33]
g528(152,900,178)@[43,46]
g528(431,786,597)@[28,38]
g526(833,919)@[21,32]
g527(422,697,451,647)@[6,28]
g528(18,129,414)@[26,31]
g526(991,265)@[8,20]
g528(822,222,969)@[15,29]
g526(280,117)@[24,41]
g526(9,18)@[11,36]
g528(185,464,932)@[7,22]
g526(875,593)@[14,32]
g528(316,316,876)@[6,20]
g528(81,752,566)@[0,5]
g526(982,914)@[27,43]
g528(315,825,429)@[24,26]
g528(161,289,918)@[24,35]
g526(164,671)@[20,25]
g528(443,294,279)@[40,49]
g528(586,103,802)@[41,42]
g526(857,226)@[21,40]
g528(621,469,454)@[4,36]
g528(539,368,6)@[1,7]
g529(873,427,495,237)@[3,25]
g528(398,955,97)@[26,36]
g528(212,886,645)@[11,21]
g529(315,233,442,595)@[10,38]
g528(832,507,680)@[29,46]
g528(342,521,4)@[8,17]
g528(306,257,601)@[7,33]
g528(890,29,34)@[17,18]
g526(948,458)@[20,36]
g528(347,206,879)@[22,29]
g526(409,497)@[1,46]
g528(655,922,866)@[18,20]
g528(564,302,680)@[7,19]
g526(330,95)@[6,28]
g528(323,144,647)@[3,4]
g526(353,414)@[18,22]
g526(216,254)@[13,39]
g528(812,842,540)@[16,44]
g526(565,527)@[2,47]
g526(766,991)@[3,11]
g528(394,680,904)@[6,15]
g529(905,842,335,431)@[12,16]
g528(427,560,217)@[41,42]
g528(366,172,128)@[20,47]
g528(704,998,873)@[9,14]
g526(505,185)@[26,33]
g526(199,609)@[5,39]
g526(939,69)@[31,41]
g528(352,606,484)@[4,28]
g528(405,982,950)@[6,15]
g528(365,920,601)@[8,38]
g528(54,790,425)@[4,26]
g528(440,291,405)@[1,23]
g528(203,242,539)@[10,32]
g528(480,765,749)@[15,44]
g526(662,394)@[25,41]
g528(683,977,626)@[11,32]
g528(855,894,156)@[8,31]
g526(259,490)@[4,45]
g528(79,900,638)@[10,33]
g526(541,991)@[12,22]
g526(279,153)@[25,45]
g528(113,586,187)@[43,47]
g528(190,979,810)@[7,18]
g528(715,319,581)@[20,26]
g528(153,54,451)@[21,27]
g528(963,442,543)@[6,40]
g528(677,68,847)@[0,21]
g528(37,338,714)@[0,30]
g527(121,917,613,722)@[14,22]
g527(463,466,317,371)@[33,41]
g527(260,694,263,631)@[21,36]
g527(732,94,235,77)@[14,27]
g528(130,482,560)@[35,42]
g526(435,354)@[9,44]
g526(208,837)@[7,43]
g528(107,605,40)@[25,34]
g527(955,919,121,483)@[23,49]
g528(863,476,811)@[35,43]
g528(191,794,312)@[28,39]
g527(74,705,660,303)@[3,43]
g528(788,952,189)@[33,48]
g526(137,685)@[5,48]
g528(502,404,692)@[37,48]
g528(45,228,270)@[2,8]
g528(131,273,817)@[12,35]
g526(341,970)@[37,45]
g528(672,329,94)@[8,48]
g526(682,249)@[1,4]
g528(523,621,308)@[11,41]
g528(579,497,568)@[22,45]
g528(162,466,473)@[31,35]
g526(863,573)@[6,37]
g526(33,671)@[41,45]
g526(406,481)@[1,33]
g528(171,631,495)@[37,39]
g528(14,791,465)@[20,31]
g526(667,917)@[0,42]
g526(690,686)@[19,48]
g527(609,205,378,684)@[24,44]
g528(260,835,695)@[16,20]
g528(327,103,118)@[15,20]
g528(722,3,932)@[14,38]
g528(315,124,160)@[16,46]
g526(955,482)@[5,44]
g528(398,372,839)@[12,21]
g528(773,915,575)@[11,48]
g527(535,655,31,285)@[14,15]
g528(802,2,508)@[21,46]
g529(118,626,584,706)@[15,26]
g528(723,820,938)@[40,46]
g528(815,315,9)@[11,29]
g526(888,305)@[14,46]
g527(663,712,541,647)@[5,16]
g528(753,159,361)@[3,17]
g528(475,69,601)@[3,42]
g528(653,723,941)@[33,36]
g529(496,915,227,819)@[9,21]
g528(363,311,242)@[1,20]
g528(653,886,924)@[13,20]
g526(244,104)@[0,4]
g528(187,783,786)@[7,49]
g528(975,959,627)@[33,43]
g528(813,61,731)@[18,43]
g526(970,902)@[37,40]
g526(213,29)@[11,28]
g528(737,839,840)@[11,45]
g526(5,620)@[3,32]
g526(563,105)@[12,35]
g528(778,208,218)@[19,24]
g526(103,929)@[8,38]
g528(371,354,91)@[35,37]
g528(666,769,341)@[15,40]
g528(715,991,592)@[5,6]
g528(757,663,418)@[11,39]
g528(125,258,239)@[12,25]
g526(6,268)@[23,27]
g528(584,435,225)@[22,45]
g528(397,842,83)@[19,30]
g528(442,246,79)@[1,8]
g528(972,657,846)@[8,29]
g528(366,18,311)@[0,31]
g528(943,203,855)@[15,37]
g528(398,928,199)@[1,22]
g528(430,39,562)@[8,39]
g528(600,153,745)@[1,23]
g528(30,477,608)@[18,36]
g528(90,856,227)@[30,48]
g528(32,479,684)@[16,30]
g526(571,932)@[45,46]
g528(398,315,790)@[1,44]
g528(7,222,577)@[19,35]
g527(962,574,121,888)@[28,42]
g528(748,176,681)@[13,42]
g526(817,575)@[15,28]
g526(252,558)@[6,45]
g528(950,803,153)@[1,7]
g526(217,996)@[28,46]
g528(548,837,327)@[28,42]
g528(974,550,164)@[30,46]
g526(217,65)@[2,3]
g528(80,402,479)@[38,44]
g526(63,208)@[10,35]
g527(206,868,461,275)@[10,42]
g528(431,237,395)@[11,36]
g528(305,80,595)@[10,29]
g526(523,362)@[26,34]
g528(708,693,89)@[29,38]
g528(43,797,215)@[35,36]
g527(595,539,919,427)@[40,42]
g528(488,646,532)@[15,38]
g528(263,18,433)@[16,23]
g528(37,809,969)@[4,22]
g528(387,926,16)@[27,29]
g528(712,835,888)@[34,39]
g529(428,25,484,585)@[8,11]
g528(122,450,572)@[13,15]
g528(109,487,675)@[0,35]
g528(207,757,775)@[20,45]
g528(610,699,253)@[26,42]
g528(869,934,234)@[5,36]
g528(693,396,178)@[18,29]
g526(125,203)@[5,28]
g528(976,230,398)@[25,30]
g529(151,82,113,311)@[41,46]
g526(685,961)@[23,39]
g526(291,588)@[25,38]
g528(34,37,241)@[19,27]
g528(227,608,640)@[4,43]
g526(135,589)@[6,26]
g526(549,909)@[7,38]
g528(423,596,892)@[27,46]
g526(449,98)@[17,48]
g528(328,292,983)@[22,34]
g528(251,310,937)@[30,33]
g528(393,772,650)@[9,47]
g528(909,982,297)@[36,44]
g526(267,603)@[24,38]
g528(483,424,429)@[27,39]
g526(237,380)@[32,41]
g529(133,92,108,608)@[35,46]
g526(375,810)@[12,19]
g528(912,673,903)@[6,40]
g528(314,140,513)@[7,32]
g526(575,988)@[3,47]
g528(658,588,644)@[28,43]
g529(538,392,825,894)@[12,40]
g528(807,408,473)@[3,6]
g528(362,129,596)@[38,40]
g528(29,41,406)@[3,35]
g526(361,639)@[9,49]
g528(88,357,82)@[20,37]
g528(86,973,8)@[37,48]
g527(274,284,413,500)@[12,49]
g528(385,636,544)@[23,39]
g529(599,296,479,828)@[4,40]
g528(817,262,833)@[8,41]
g528(752,863,376)@[12,35]
g528(698,309,624)@[15,49]
g528(904,260,976)@[11,30]
g528(354,968,552)@[43,44]
g528(830,231,566)@[4,15]
g526(4,203)@[37,38]
g528(358,929,55)@[30,46]
g528(915,440,16)@[32,40]
g526(765,587)@[32,35]
g526(157,395)@[8,43]
g528(507,942,377)@[10,35]
g528(539,980,164)@[10,16]
g528(562,14,222)@[1,4]
g528(771,881,309)@[27,33]
g528(608,598,853)@[40,47]
g528(655,541,712)@[6,36]
g528(940,701,875)@[38,43]
g526(315,412)@[23,32]
g528(972,328,928)@[39,43]
g528(783,431,740)@[10,49]
g528(714,824,502)@[8,10]
g528(842,797,96)@[6,32]
g528(783,17,64)@[8,22]
g528(103,470,336)@[27,45]
g528(518,295,840)@[20,46]
g528(231,543,287)@[22,48]
g528(152,167,410)@[10,38]
g526(2,709)@[15,27]
g526(970,514)@[17,37]
g528(407,802,632)@[27,43]
g528(28,841,717)@[30,39]
g528(345,102,715)@[38,42]
g528(665,768,226)@[20,33]
g528(534,863,600)@[26,48]
g526(657,362)@[4,15]
g528(43,406,76)@[32,38]
g528(150,653,460)@[25,42]
g526(452,230)@[21,39]
g527(424,508,310,402)@[4,15]
g528(373,181,520)@[3,46]
g526(953,450)@[5,38]
g528(223,796,795)@[27,34]
g528(935,22,956)@[0,42]
g528(65,192,132)@[40,41]
g528(473,184,531)@[5,38]
g528(166,696,371)@[20,30]
g528(8,664,950)@[8,16]
g528(276,881,270)@[7,8]
g528(96,648,235)@[22,36]
g526(52,652)@[13,41]
g526(145,754)@[25,26]
g528(189,47,641)@[0,4]
g528(499,437,459)@[13,47]
g528(433,124,733)@[26,30]
g526(984,539)@[5,36]
g526(749,322)@[3,43]
g528(163,909,223)@[12,13]
g528(83,828,762)@[17,23]
g526(468,883)@[5,19]
g528(182,3,833)@[1,12]
g528(601,48,508)@[30,48]
g528(712,413,986)@[10,17]
g528(201,330,769)@[0,34]
g528(531,243,829)@[18,33]
g527(75,965,221,491)@[16,18]
g528(9,930,62)@[3,44]
g528(444,592,488)@[19,44]
g528(555,505,924)@[5,29]
g528(931,629,958)@[6,47]
g528(661,656,572)@[4,23]
g526(60,627)@[14,17]
g528(607,265,944)@[9,32]
g528(553,786,17)@[7,16]
g526(798,193)@[3,6]
g528(403,809,438)@[24,32]
g526(873,648)@[5,15]
g528(68,406,47)@[28,32]
g528(14,995,55)@[21,39]
g528(393,943,840)@[29,32]
g526(325,870)@[36,38]
g528(847,583,323)@[4,27]
g528(299,345,150)@[5,40]
g528(966,187,893)@[6,39]
g528(642,426,717)@[6,9]
g528(615,987,752)@[31,39]
g528(459,566,502)@[7,28]
g526(654,112)@[8,23]
g529(814,158,8,629)@[7,10]
g526(441,721)@[13,37]
g526(538,328)@[12,21]
g526(869,932)@[38,49]
g528(545,649,342)@[3,35]
g526(156,31)@[13,23]
g528(563,246,575)@[15,21]
g528(891,959,374)@[13,31]
g528(534,542,271)@[8,15]
g527(332,750,806,544)@[6,21]
g528(796,319,343)@[24,45]
g529(228,952,803,952)@[34,41]
g528(664,11,171)@[14,38]
g527(228,888,79,178)@[10,26]
g528(974,740,87)@[13,18]
g528(411,641,197)@[9,17]
g526(169,632)@[27,30]
g528(557,105,844)@[4,6]
g526(599,947)@[7,48]
g526(244,465)@[44,48]
g528(52,422,317)@[42,45]
g528(329,442,944)@[12,44]
g526(555,907)@[22,32]
g526(346,897)@[24,31]
g528(35,872,181)@[14,20]
g528(511,874,803)@[23,44]
g528(420,49,664)@[9,14]
g528(40,230,824)@[16,23]
g528(74,535,17)@[1,29]
g528(143,606,736)@[20,43]
g528(340,938,880)@[2,4]
g526(626,566)@[16,45]
g528(451,654,980)@[34,47]
g526(332,191)@[0,44]
g528(914,439,501)@[9,20]
g528(772,397,855)@[14,23]
g528(699,341,204)@[28,48]
g528(726,75,892)@[3,41]
g528(608,216,562)@[11,25]
g526(726,171)@[22,38]
g526(780,143)@[22,31]
g528(671,776,411)@[4,40]
g528(129,561,690)@[16,37]
g528(450,712,614)@[27,47]
g528(263,4,691)@[32,41]
g528(264,654,468)@[16,43]
g528(498,422,714)@[13,48]
g528(217,326,208)@[20,22]
g528(449,770,44)@[33,38]
g528(163,49,873)@[20,47]
g528(315,104,445)@[13,38]
g528(57,292,595)@[34,39]
g528(758,738,35)@[22,30]
g527(258,181,538,219)@[9,15]
g526(554,378)@[18,47]
g528(552,884,339)@[35,48]
g528(521,932,558)@[11,45]
g528(114,750,934)@[7,38]
g528(210,567,983)@[23,27]
g528(446,34,184)@[19,45]
g528(865,970,206)@[20,26]
g526(780,142)@[26,33]
g528(648,435,833)@[3,18]
g526(817,842)@[14,34]
g528(2,510,369)@[11,41]
g528(107,911,698)@[29,49]
g528(290,276,724)@[12,38]
g526(262,691)@[39,45]
g529(336,35,994,801)@[8,19]
g526(111,900)@[6,49]
g528(455,388,85)@[5,31]
g528(310,774,846)@[19,39]
g526(128,453)@[25,34]
g528(146,557,644)@[18,32]
g526(440,646)@[9,29]
g527(795,410,517,857)@[1,47]
g528(188,447,208)@[19,27]
g527(707,131,853,516)@[9,18]
g528(235,261,833)@[26,48]
g528(399,580,519)@[32,47]
g526(261,381)@[1,43]
g526(875,451)@[12,32]
g528(606,539,538)@[10,45]
g526(457,865)@[23,40]
g526(21,93)@[15,37]
g526(567,596)@[2,19]
g526(803,973)@[43,45]
g526(81,363)@[23,42]
g528(228,484,654)@[35,43]
g528(916,768,180)@[8,30]
g528(736,900,959)@[23,36]
g528(873,762,66)@[11,34]
g528(8,983,363)@[0,3]
g528(980,909,928)@[14,44]
g528(55,547,438)@[1,40]
g526(687,33)@[21,31]
g526(865,827)@[38,39]
g528(402,974,898)@[23,42]
g528(476,987,812)@[40,43]
g526(255,418)@[29,47]
g527(859,331,356,88)@[30,40]
g528(785,954,357)@[8,23]
g528(897,92,602)@[16,42]
g528(72,177,763)@[4,8]
g526(402,484)@[5,16]
g527(617,425,662,718)@[10,43]
g527(236,966,742,563)@[33,48]
g527(970,873,642,437)@[27,38]
g528(623,327,440)@[10,19]
g528(326,797,522)@[0,49]
g528(937,193,929)@[10,43]
g528(798,278,18)@[22,46]
g526(898,806)@[34,42]
g526(49,110)@[30,31]
g528(692,279,683)@[23,46]
g526(696,456)@[16,37]
g528(430,171,442)@[2,23]
g528(205,324,132)@[3,47]
g528(414,790,54)@[4,32]
g528(407,66,801)@[9,36]
g528(881,628,372)@[1,30]
g526(25,221)@[6,8]
g529(139,445,377,277)@[26,30]
g528(74,893,298)@[30,43]
g528(73,137,489)@[14,45]
g528(655,692,513)@[22,39]
g528(896,93,482)@[25,38]
g528(288,592,84)@[17,18]
g528(352,147,459)@[21,42]
g528(216,703,191)@[9,32]
g528(88,905,572)@[27,40]
g528(509,841,972)@[44,49]
g528(978,831,88)@[33,43]
g526(598,959)@[19,38]
g528(228,535,575)@[14,40]
g528(966,333,234)@[22,37]
g526(897,502)@[24,48]
g527(14,573,966,187)@[27,34]
g528(339,656,22)@[20,30]
g529(206,461,868,275)@[44,45]
g528(400,403,617)@[0,29]
g529(775,518,425,551)@[8,49]
g528(560,377,703)@[2,16]
g528(871,12,920)@[9,29]
g528(700,571,449)@[9,18]
g528(676,316,151)@[2,40]
g528(83,101,230)@[38,47]
g528(955,678,559)@[3,24]
g528(398,227,373)@[12,40]
g528(820,25,434)@[10,32]
g528(854,194,858)@[12,48]
g528(255,460,363)@[15,43]
g528(332,597,403)@[2,3]
g526(264,413)@[17,41]
g528(260,829,693)@[4,8]
g528(362,894,174)@[15,21]
g529(995,687,252,266)@[11,24]
g528(265,631,397)@[17,35]
g528(436,844,73)@[20,44]
g528(632,622,879)@[7,26]
g528(224,670,281)@[14,31]
g527(936,929,304,463)@[22,36]
g528(270,220,613)@[10,20]
g526(766,346)@[8,26]
g526(688,263)@[15,41]
g528(664,743,924)@[0,27]
g526(534,51)@[23,48]
g527(830,662,586,915)@[5,10]
g528(58,54,906)@[5,47]
g526(166,824)@[13,46]
g528(636,1,2)@[5,24]
g528(528,520,81)@[16,48]
g526(909,799)@[1,48]
g528(475,972,68)@[13,39]
g528(556,335,684)@[11,34]
g528(558,805,840)@[6,17]
g526(839,71)@[3,9]
g528(930,760,103)@[32,43]
g528(694,176,906)@[3,26]
g526(283,846)@[10,35]
g526(423,581)@[10,28]
g526(390,233)@[36,44]
g528(364,367,568)@[1,5]
g528(41,824,735)@[12,28]
g526(650,719)@[15,33]
g528(542,415,216)@[9,10]
g526(10,679)@[27,32]
g528(123,380,909)@[10,36]
g529(840,609,829,810)@[2,33]
g528(650,422,554)@[25,32]
g528(102,219,820)@[7,21]
g528(570,247,857)@[23,27]
g528(411,819,289)@[30,36]
g528(843,38,123)@[13,32]
g526(620,270)@[31,36]
g526(719,425)@[13,32]
g528(812,887,822)@[13,27]
g526(253,723)@[2,38]
g526(412,788)@[6,27]
g528(461,193,72)@[43,49]
g526(798,483)@[5,21]
g528(30,377,545)@[41,45]
g528(850,273,686)@[4,26]
g528(107,468,513)@[5,42]
g526(875,237)@[18,38]
g528(286,579,771)@[6,27]
g528(325,122,86)@[10,16]
g528(353,673,708)@[17,29]
g526(779,40)@[1,49]
g528(969,192,283)@[0,18]
g528(981,471,277)@[20,27]
g528(561,485,437)@[27,47]
g526(689,714)@[32,48]
g528(391,467,149)@[5,43]
g526(717,771)@[4,10]
g527(27,106,638,798)@[5,6]
g527(328,358,209,325)@[1,3]
g528(468,902,105)@[28,29]
g528(680,302,712)@[42,47]
g528(976,309,778)@[19,40]
g528(740,58,684)@[4,38]
g528(345,666,770)@[35,38]
g528(82,815,414)@[19,22]
g526(111,152)@[41,43]
g528(409,36,333)@[31,38]
g528(919,778,436)@[21,40]
g527(490,391,109,29)@[11,22]
g528(495,216,31)@[13,44]
g528(497,391,114)@[2,30]
g527(523,163,299,362)@[8,15]
g528(811,205,711)@[4,9]
g528(252,458,282)@[9,44]
g526(955,986)@[13,27]
g528(504,855,6)@[26,34]
g528(435,622,743)@[30,49]
g528(380,466,665)@[3,6]
g526(930,919)@[11,35]
g528(374,736,655)@[16,28]
g526(298,190)@[4,40]
g528(533,207,599)@[3,23]
g526(449,540)@[5,37]
g526(305,951)@[24,40]
g528(96,124,191)@[5,29]
g528(103,508,329)@[41,44]
g528(193,919,797)@[21,40]
g527(828,508,39,628)@[11,35]
g526(254,17)@[7,37]
g528(393,815,977)@[28,41]
g526(504,254)@[3,32]
g526(958,214)@[2,40]
g528(952,164,587)@[10,26]
g528(328,93,733)@[19,28]
g528(514,248,615)@[0,11]
g527(457,952,993,11)@[11,37]
g526(823,485)@[35,46]
g528(37,245,727)@[28,40]
g528(168,461,234)@[3,45]
g528(151,679,879)@[5,38]
g528(24,664,144)@[27,45]
g528(198,559,481)@[1,33]
g528(74,242,749)@[20,41]
g526(97,398)@[3,47]
g528(338,227,37)@[39,41]
g526(535,799)@[34,44]
g526(19,311)@[4,26]
g528(784,974,926)@[20,41]
g528(561,855,157)@[34,37]
g528(426,985,768)@[40,47]
g528(163,30,442)@[25,31]
g528(2,765,255)@[6,42]
g528(193,531,302)@[24,48]
g526(278,992)@[8,18]
g526(473,970)@[23,48]
g528(198,484,18)@[9,48]
g528(246,259,932)@[36,45]
g528(913,401,322)@[14,25]
g528(836,342,54)@[27,30]
g528(993,637,857)@[4,17]
g529(496,44,921,908)@[22,35]
g526(603,10)@[12,46]
g528(190,431,12)@[42,47]
g528(130,467,771)@[20,43]
g526(631,804)@[44,45]
g528(694,860,112)@[16,39]
g528(315,278,864)@[5,19]
g526(123,325)@[29,46]
g528(34,662,757)@[11,14]
g529(686,132,340,992)@[9,26]
g528(944,907,271)@[39,49]
g528(180,374,367)@[16,47]
g528(433,40,380)@[11,43]
g528(536,778,813)@[0,13]
g528(910,829,755)@[2,29]
g526(772,191)@[11,36]
g528(439,345,421)@[39,41]
g528(593,751,176)@[21,29]
g528(607,102,777)@[26,35]
g528(155,744,825)@[25,29]
g528(268,909,96)@[3,22]
g526(982,174)@[5,11]
g528(751,134,513)@[13,14]
g526(919,121)@[15,45]
g528(626,379,387)@[12,14]
g526(253,152)@[23,48]
g528(538,402,294)@[12,47]
g526(520,181)@[11,46]
g526(170,895)@[20,42]
g528(792,30,330)@[1,27]
g526(275,462)@[10,31]
g528(860,224,458)@[19,26]
g526(462,215)@[4,13]
g527(996,899,895,978)@[0,1]
g526(308,663)@[42,48]
g528(442,205,893)@[12,33]
g528(668,766,127)@[12,25]
g528(750,676,554)@[14,32]
g526(407,682)@[2,16]
g528(747,360,285)@[3,45]
g527(300,464,958,990)@[29,30]
g528(697,211,66)@[23,46]
g526(764,671)@[22,48]
g528(939,932,571)@[10,36]
g529(219,359,771,725)@[13,37]
g526(38,382)@[15,24]
g528(222,670,937)@[22,34]
g526(875,755)@[13,28]
g528(363,398,542)@[1,47]
g528(966,527,310)@[2,48]
g528(964,125,761)@[13,27]
g528(300,269,63)@[9,39]
g526(128,787)@[14,20]
g528(223,210,177)@[14,18]
g528(364,152,848)@[30,34]
g526(93,970)@[29,35]
g526(62,461)@[7,13]
g528(630,678,294)@[8,19]
g528(880,61,609)@[30,45]
g528(51,646,85)@[33,49]
g527(173,565,524,709)@[19,32]
g528(907,645,191)@[3,25]
g528(848,442,289)@[30,48]
g528(258,520,104)@[1,38]
g528(760,454,270)@[5,27]
g526(838,265)@[4,44]
g528(974,344,126)@[32,46]
g526(328,516)@[25,44]
g526(547,600)@[25,35]
g528(339,548,623)@[8,29]
g528(420,737,736)@[1,21]
g528(208,805,464)@[5,41]
g526(439,487)@[31,35]
g528(623,931,658)@[0,46]
g528(190,463,651)@[41,49]
g527(183,795,712,35)@[1,39]
g526(21,61)@[6,38]
g526(760,54)@[26,49]
g528(777,690,52)@[5,15]
g528(874,793,984)@[0,20]
g528(292,46,614)@[11,20]
g526(921,339)@[16,44]
g528(670,737,905)@[3,6]
g528(728,934,885)@[40,43]
g528(668,98,565)@[7,32]
g528(79,868,644)@[15,30]
g526(59,729)@[31,38]
g526(528,154)@[7,22]
g528(226,988,154)@[29,37]
g528(179,474,850)@[3,16]
g528(215,756,642)@[25,39]
g528(902,316,987)@[26,42]
g528(852,215,549)@[7,21]
g526(765,356)@[2,10]
g527(796,405,540,245)@[12,17]
g529(742,182,707,634)@[2,4]
g528(204,719,391)@[6,19]
g528(451,992,599)@[33,44]
g526(476,190)@[0,47]
g528(47,682,871)@[16,33]
g528(44,956,640)@[29,40]
g528(43,595,187)@[16,22]
g528(285,120,857)@[6,29]
g528(244,276,306)@[1,4]
g527(515,487,846,275)@[16,31]
g526(238,711)@[4,47]
g526(636,969)@[2,12]
g528(876,80,622)@[7,27]
g528(788,723,545)@[7,13]
g528(147,606,408)@[34,35]
g528(752,344,337)@[5,18]
g526(770,873)@[19,42]
g528(45,306,356)@[27,44]
g528(729,995,127)@[2,5]
g528(636,675,594)@[3,20]
g526(217,296)@[6,20]
g526(546,707)@[11,14]
g528(936,549,240)@[8,23]
g528(945,400,43)@[10,14]
g528(451,818,878)@[1,20]
g526(960,168)@[15,39]
g528(461,627,478)@[37,40]
g528(369,92,943)@[10,33]
g526(699,161)@[13,33]
g528(686,18,262)@[15,27]
g526(98,750)@[0,36]
g528(345,727,301)@[12,13]
g527(97,744,7,964)@[45,46]
g528(385,106,213)@[7,48]
g526(995,30)@[11,21]
g528(128,862,504)@[21,25]
g528(732,538,929)@[9,41]
g528(35,316,41)@[11,17]
g526(314,721)@[21,37]
g528(301,90,556)@[6,13]
g526(515,692)@[25,33]
g528(585,112,187)@[24,38]
g528(891,609,890)@[19,22]
g528(850,736,574)@[2,3]
g529(307,252,826,676)@[33,42]
g528(618,381,975)@[11,36]
g528(696,132,132)@[9,15]
g526(661,208)@[3,18]
g528(434,416,905)@[11,35]
g528(798,379,978)@[8,23]
g528(608,816,601)@[27,42]
g529(373,517,472,368)@[29,40]
g526(151,572)@[3,31]
g528(17,952,610)@[2,43]
g528(296,903,9)@[0,9]
g527(419,527,784,730)@[7,17]
g528(737,685,554)@[1,37]
g528(438,628,573)@[3,23]
g529(800,349,965,388)@[29,38]
g527(96,191,949,294)@[2,10]
g526(461,420)@[19,44]
g528(455,410,531)@[5,38]
g527(74,800,746,239)@[14,27]
g528(30,891,330)@[1,47]
g528(117,197,374)@[0,15]
g526(224,311)@[34,48]
g528(661,612,316)@[22,44]
g528(537,348,757)@[0,34]
g528(329,328,499)@[20,28]
g528(324,359,197)@[4,11]
g528(795,119,483)@[8,11]
g528(612,751,189)@[9,41]
g527(428,605,117,908)@[26,31]
g528(705,15,876)@[9,14]
g526(636,373)@[9,23]
g528(996,413,301)@[35,43]
g526(559,384)@[24,33]
g526(342,339)@[16,27]
g528(311,57,431)@[4,31]
g528(371,755,891)@[10,18]
g528(499,566,701)@[27,45]
g528(111,636,211)@[24,48]
g528(608,980,566)@[16,30]
g528(279,32,355)@[9,21]
g526(320,614)@[25,49]
g526(284,147)@[6,22]
g528(501,485,504)@[10,14]
g529(723,370,457,233)@[8,44]
g527(265,760,332,635)@[19,27]
g528(572,197,641)@[11,12]
g528(427,450,613)@[9,47]
g528(503,129,39)@[48,49]
g526(651,610)@[38,45]
g529(857,756,97,323)@[12,23]
g528(477,207,881)@[31,48]
g528(387,981,760)@[15,44]
g529(174,649,259,702)@[14,43]
g526(359,961)@[5,12]
g528(88,421,889)@[24,36]
g526(887,402)@[31,39]
g526(375,144)@[10,20]
g528(570,587,765)@[18,40]
g526(136,601)@[25,44]
g526(15,575)@[0,37]
g526(416,490)@[10,34]
g526(439,217)@[0,43]
g527(89,50,734,851)@[44,49]
g526(744,758)@[17,30]
g528(344,794,990)@[10,12]
g528(933,82,96)@[26,32]
g528(357,699,304)@[12,32]
g528(77,410,390)@[3,15]
g528(427,86,727)@[22,24]
g528(437,847,884)@[6,13]
g528(348,760,878)@[40,44]
g528(530,674,228)@[29,44]
g527(541,690,396,608)@[2,19]
g526(777,9)@[11,19]
g528(762,709,726)@[20,48]
g528(139,419,218)@[3,13]
g528(324,261,105)@[10,15]
g526(665,778)@[7,12]
g528(666,939,610)@[10,15]
g528(255,876,642)@[29,45]
g528(251,743,371)@[6,44]
g528(426,105,392)@[0,49]
g528(845,203,620)@[1,5]
g528(213,20,276)@[0,42]
g526(72,722)@[22,46]
g528(551,821,300)@[15,48]
g529(587,164,553,952)@[7,32]
g528(359,730,333)@[29,33]
g528(989,3,502)@[30,31]
g526(405,165)@[8,35]
g528(875,189,74)@[19,31]
g529(595,447,879,672)@[42,45]
g526(841,38)@[14,23]
g528(396,945,311)@[3,37]
g526(689,718)@[12,33]
g528(95,704,787)@[8,44]
g526(347,566)@[23,35]
g528(78,504,961)@[43,49]
g528(13,25,249)@[17,25]
g528(777,703,941)@[0,40]
g528(356,487,81)@[5,45]
g528(544,806,332)@[5,12]
g528(39,244,585)@[26,27]
g528(215,124,831)@[9,43]
g526(423,702)@[41,49]
g528(686,742,162)@[31,44]
g528(577,428,534)@[14,23]
g528(325,664,988)@[3,37]
g526(978,302)@[25,28]
g528(697,245,59)@[2,49]
g528(967,47,908)@[4,16]
g528(205,885,381)@[8,29]
g528(715,36,383)@[23,45]
g526(304,220)@[40,47]
g526(910,755)@[16,20]
g526(114,908)@[39,46]
g528(897,644,123)@[33,49]
g528(251,463,401)@[1,15]
g527(486,365,658,35)@[0,22]
g526(36,854)@[23,41]
g526(581,581)@[11,14]
g528(196,492,788)@[4,41]
g528(503,505,370)@[16,19]
g528(21,929,475)@[0,20]
g528(51,951,833)@[8,41]
g528(829,460,695)@[32,40]
g528(590,58,789)@[15,24]
g526(139,636)@[12,24]
g528(77,935,637)@[32,46]
g528(879,920,566)@[14,36]
g526(819,731)@[18,37]
g526(717,46)@[14,44]
g526(143,910)@[39,46]
g528(375,746,50)@[23,46]
g526(601,283)@[1,31]
g526(907,897)@[14,44]
g528(376,640,470)@[12,39]
g528(405,311,271)@[46,49]
g526(465,230)@[20,36]
g528(739,117,868)@[37,38]
g527(265,206,610,451)@[24,31]
g528(725,521,260)@[11,22]
g526(870,856)@[23,38]
g526(52,97)@[0,3]
g526(221,840)@[0,33]
g526(493,447)@[23,28]
g528(459,995,851)@[2,21]
g528(745,639,516)@[9,23]
g526(89,235)@[8,10]
g527(25,16,385,831)@[0,1]
g528(159,302,238)@[10,36]
g527(368,134,656,131)@[6,33]
g529(867,605,852,593)@[5,48]
g528(102,716,608)@[13,37]
g528(788,748,197)@[18,48]
g528(628,871,472)@[4,39]
g526(238,787)@[12,14]
g528(476,7,508)@[22,27]
g528(158,516,426)@[31,42]
g528(164,15,341)@[22,23]
g526(4,193)@[2,15]
g526(788,864)@[19,35]
g526(498,438)@[38,42]
g529(553,606,269,380)@[7,9]
g528(656,806,879)@[24,41]
g527(710,371,310,482)@[3,35]
g528(259,372,344)@[24,41]
g528(722,613,121)@[35,49]
g528(122,264,653)@[31,38]
g528(990,958,300)@[16,20]
g528(101,104,658)@[11,13]
g528(443,335,630)@[38,44]
g528(11,105,563)@[21,41]
g527(152,822,787,642)@[16,20]
g528(399,834,419)@[10,47]
g526(288,13)@[42,44]
g528(610,831,13)@[9,34]
g528(233,415,452)@[4,17]
g528(77,798,352)@[34,46]
g528(741,838,825)@[12,42]
g528(750,208,228)@[22,47]
g527(234,851,67,434)@[36,46]
g528(346,9,673)@[10,30]
g526(656,791)@[36,40]
g528(801,615,652)@[37,46]
g528(545,803,831)@[11,20]
g528(567,552,100)@[0,35]
g528(12,272,630)@[1,20]
g528(18,310,190)@[24,36]
g526(99,500)@[46,48]
g528(648,540,888)@[8,22]
g528(821,494,265)@[14,49]
g528(238,836,186)@[11,31]
g527(972,211,979,602)@[7,18]
g528(497,570,695)@[3,47]
g528(142,155,883)@[43,44]
g528(545,769,3)@[2,23]
g526(289,623)@[21,33]
g528(382,869,112)@[14,22]
g529(658,308,615,112)@[11,23]
g528(125,966,582)@[22,23]
g527(243,75,836,578)@[16,27]
g528(637,402,712)@[47,49]
g528(964,155,736)@[17,25]
g528(760,881,513)@[14,39]
g528(415,262,665)@[29,39]
g528(743,576,834)@[23,34]
g528(29,764,997)@[14,45]
g528(48,160,362)@[0,49]
g529(235,406,65,124)@[19,28]
g528(940,51,837)@[21,24]
g526(348,756)@[30,49]
g528(408,713,994)@[12,24]
g528(72,927,525)@[16,19]
g526(230,417)@[8,22]
g526(750,39)@[21,34]
g528(511,700,502)@[5,25]
g528(291,19,987)@[3,49]
g528(42,233,371)@[36,38]
g528(746,647,296)@[1,26]
g528(11,422,244)@[8,14]
g528(802,902,651)@[38,41]
g526(9,867)@[14,40]
g528(916,144,947)@[3,20]
g526(755,458)@[12,36]
g528(691,181,142)@[14,27]
g526(903,994)@[2,33]
g528(431,158,348)@[1,6]
g526(251,254)@[26,40]
g528(348,448,479)@[26,36]
g526(82,901)@[12,24]
g528(910,908,114)@[13,49]
g528(903,530,7)@[33,38]
g528(673,61,470)@[1,24]
g526(280,233)@[9,19]
g528(470,129,600)@[12,13]
g528(555,339,748)@[22,35]
g528(460,67,898)@[3,17]
g528(941,482,255)@[7,28]
g527(569,862,76,286)@[19,22]
g528(515,273,5)@[22,42]
g528(986,756,795)@[0,7]
g528(872,830,867)@[6,7]
g528(197,729,465)@[30,39]
g526(390,216)@[11,42]
g528(947,90,251)@[16,49]
g528(35,775,556)@[37,46]
g529(47,883,142,155)@[26,47]
g526(572,762)@[2,12]
g528(695,544,537)@[15,19]
g528(806,592,660)@[4,34]
g527(143,43,373,13)@[3,12]
g528(226,23,820)@[2,40]
g527(52,17,610,952)@[30,48]
g526(889,943)@[28,47]
g526(876,774)@[21,45]
g526(388,286)@[3,32]
g528(469,967,430)@[10,26]
g528(928,823,895)@[5,24]
g528(798,23,706)@[6,33]
g528(646,174,708)@[9,10]
g528(195,75,146)@[0,30]
g526(251,865)@[22,25]
g528(180,662,360)@[3,17]
g527(804,265,523,579)@[27,32]
g528(177,105,267)@[11,44]
g528(195,506,695)@[0,49]
g526(452,122)@[46,47]
g526(912,777)@[2,49]
g528(450,49,322)@[16,30]
g528(659,186,309)@[22,35]
g528(595,991,967)@[20,36]
g528(765,29,373)@[34,38]
g528(382,536,559)@[4,6]
g528(302,652,670)@[15,34]
g528(674,974,326)@[13,35]
g526(740,16)@[13,30]
g526(534,528)@[10,28]
g528(866,5,768)@[18,49]
g528(136,480,308)@[31,35]
g528(128,105,333)@[40,46]
g528(670,647,983)@[6,7]
g528(637,580,226)@[20,45]
g528(892,73,999)@[17,27]
g528(564,75,671)@[0,49]
g528(250,222,783)@[23,32]
g528(836,974,39)@[9,25]
g526(186,732)@[26,27]
g528(692,648,527)@[0,37]
g528(951,151,267)@[2,33]
g528(769,148,963)@[25,38]
g528(49,4,752)@[13,43]
g528(340,685,879)@[3,7]
g528(229,339,36)@[40,49]
g527(233,789,590,222)@[31,33]
g528(260,7,833)@[0,15]
g528(333,235,289)@[4,32]
g528(587,404,911)@[9,30]
g528(432,908,428)@[19,40]
g528(135,554,82)@[22,32]
g528(693,689,800)@[20,47]
g526(805,118)@[40,41]
g528(971,759,628)@[1,26]
g528(92,970,473)@[2,46]
g528(709,776,756)@[16,22]
g528(625,169,503)@[18,37]
g526(850,718)@[29,41]
g528(294,24,71)@[24,28]
g528(425,850,430)@[6,31]
g528(776,14,885)@[4,8]
g528(43,345,689)@[16,40]
g528(852,222,294)@[12,48]
g528(512,790,474)@[1,20]
g527(16,80,448,847)@[0,21]
g528(46,967,863)@[5,9]
g526(872,859)@[5,43]
g527(791,519,418,271)@[19,39]
g528(863,420,227)@[1,25]
g529(54,614,225,673)@[13,47]
g528(857,791,469)@[39,40]
g529(625,627,425,482)@[1,28]
g528(371,268,419)@[5,43]
g526(162,940)@[26,34]
g528(259,757,751)@[36,47]
g528(724,292,89)@[31,34]
g526(447,706)@[31,48]
g527(636,406,982,373)@[0,20]
g526(468,275)@[0,30]
g528(94,747,758)@[14,41]
g526(434,607)@[0,39]
g528(994,234,249)@[21,36]
g528(819,356,203)@[11,29]
g526(72,401)@[18,27]
g528(428,781,911)@[19,49]
g528(237,804,756)@[3,36]
g528(699,562,331)@[20,49]
g528(407,415,628)@[11,23]
g528(383,25,37)@[22,41]
g528(218,428,326)@[33,41]
g528(242,145,354)@[18,19]
g526(468,774)@[2,27]
g526(540,553)@[5,25]
g526(253,965)@[10,35]
g528(660,313,886)@[12,28]
g528(793,76,1)@[1,19]
g526(661,518)@[23,31]
g528(364,66,505)@[20,39]
g528(890,543,312)@[5,44]
g526(838,720)@[11,26]
g527(228,309,567,694)@[28,35]
g528(696,500,642)@[19,36]
g526(919,970)@[32,40]
g529(249,67,378,133)@[1,9]
g528(637,356,155)@[9,34]
g528(44,735,430)@[6,49]
g528(63,339,869)@[0,38]
g528(940,790,791)@[24,36]
g528(62,553,251)@[39,44]
g528(488,838,66)@[0,6]
g526(965,80)@[42,48]
g528(440,232,133)@[25,30]
g529(387,294,146,184)@[7,15]
g526(472,589)@[7,29]
g528(232,364,402)@[15,41]
g528(864,888,476)@[6,11]
g528(15,933,567)@[5,16]
g528(464,959,155)@[1,20]
g526(270,208)@[33,43]
g528(98,563,5)@[2,9]
g526(349,531)@[28,36]
g528(469,840,684)@[12,48]
g526(589,218)@[27,35]
g527(412,55,6,156)@[23,37]
g528(369,172,731)@[9,49]
g528(180,385,248)@[13,26]
g528(844,289,933)@[7,33]
g528(204,354,46)@[5,18]
g527(355,110,526,851)@[0,48]
g528(594,238,140)@[14,37]
g528(631,13,935)@[7,41]
g526(859,555)@[6,21]
g528(281,461,880)@[24,27]
g526(460,11)@[32,48]
g528(232,638,109)@[12,21]
g527(578,733,449,232)@[25,47]
g528(765,949,667)@[10,42]
g529(882,518,661,364)@[3,15]
g528(831,0,120)@[25,30]
g526(966,357)@[5,15]
g528(660,198,476)@[14,48]
g528(744,113,43)@[17,21]
g528(353,4,80)@[10,48]
g527(495,698,631,171)@[6,11]
g528(811,974,965)@[0,20]
g526(105,469)@[2,21]
g528(908,732,997)@[4,39]
g528(642,209,35)@[2,27]
g526(299,307)@[23,28]
g526(663,678)@[28,36]
g528(514,736,841)@[1,38]
g528(136,956,766)@[21,44]
g526(104,832)@[16,33]
g528(670,412,546)@[6,25]
g528(570,108,294)@[13,23]
g528(734,848,496)@[4,22]
g528(157,78,517)@[32,40]
g526(529,926)@[10,11]
g529(348,477,300,495)@[41,43]
g528(468,56,572)@[5,7]
g526(683,236)@[19,29]
g527(454,819,105,829)@[9,30]
g528(239,746,74)@[32,49]
g526(603,643)@[1,19]
g526(986,339)@[15,20]
g528(247,534,568)@[1,9]
g526(245,352)@[29,44]
g528(60,393,194)@[5,37]
g526(346,282)@[4,33]
g526(287,642)@[17,33]
g528(448,418,153)@[7,37]
g526(29,589)@[7,48]
g526(466,257)@[22,36]
g526(668,777)@[25,43]
g528(102,396,868)@[11,33]
g527(842,857,209,606)@[22,35]
g528(335,492,122)@[3,13]
g528(18,836,848)@[14,25]
g528(43,683,495)@[1,21]
g528(277,713,75)@[17,31]
g526(867,196)@[26,47]
g526(462,406)@[13,26]
g528(387,613,339)@[28,41]
g526(513,80)@[25,26]
g527(349,442,952,383)@[16,48]
g528(771,608,654)@[19,32]
g526(694,70)@[4,47]
g528(949,172,923)@[21,37]
g528(666,253,870)@[4,41]
g528(603,12,84)@[9,38]
g528(200,887,325)@[24,48]
g526(687,52)@[27,33]
g528(275,620,260)@[4,12]
g528(941,562,53)@[4,26]
g528(856,974,678)@[28,37]
g528(298,14,237)@[23,26]
g528(622,150,68)@[26,38]
g528(774,598,224)@[12,19]
g527(555,564,90,340)@[5,10]
g526(701,589)@[10,30]
g526(390,410)@[11,20]
g528(531,509,184)@[36,43]
g526(160,116)@[7,21]
g528(305,17,682)@[32,39]
g528(355,788,521)@[5,40]
g528(619,417,749)@[25,27]
g528(450,787,616)@[22,38]
g526(30,109)@[16,43]
g526(376,591)@[17,21]
g528(892,535,418)@[3,7]
g527(92,929,98,238)@[21,41]
g528(452,188,185)@[5,16]
g528(764,140,191)@[14,15]
g528(494,235,439)@[12,40]
g528(326,867,84)@[24,47]
g526(122,70)@[0,49]
g526(670,750)@[12,22]
g528(603,363,783)@[25,33]
g526(158,891)@[5,37]
g528(233,562,273)@[0,39]
g526(440,810)@[34,46]
g528(336,718,198)@[23,28]
g528(337,281,48)@[9,27]
g526(873,612)@[0,49]
g528(581,33,475)@[21,38]
g527(738,830,496,159)@[9,14]
g528(419,451,301)@[25,46]
g528(759,953,339)@[4,17]
g528(977,452,845)@[38,47]
g528(971,645,836)@[25,41]
g528(562,898,966)@[14,42]
g526(37,640)@[0,24]
g528(39,368,930)@[5,8]
g526(484,810)@[31,45]
g528(822,177,797)@[28,43]
g528(666,417,989)@[4,42]
g526(245,390)@[20,40]
g528(279,729,934)@[7,24]
g526(517,147)@[0,40]
g526(225,963)@[30,46]
g527(879,84,12,258)@[8,19]
g528(915,679,617)@[15,33]
g526(516,135)@[19,33]
g528(117,819,897)@[11,35]
g528(328,771,447)@[27,42]
g526(535,685)@[38,39]
g528(940,189,70)@[37,38]
g526(553,585)@[21,42]
g528(934,455,838)@[32,37]
g528(661,970,458)@[13,38]
g528(130,85,967)@[17,44]
g528(235,585,564)@[22,43]
g528(575,444,562)@[4,47]
g528(546,259,890)@[27,38]
g527(412,636,192,814)@[25,28]
g526(52,734)@[11,18]
g526(792,379)@[5,7]
g528(245,78,872)@[4,22]
g528(955,835,806)@[21,40]
g528(861,877,778)@[1,18]
g528(157,730,73)@[23,37]
g529(152,647,654,312)@[6,33]
g526(922,692)@[17,32]
g528(979,574,702)@[4,43]
g526(368,403)@[16,45]
g528(196,304,115)@[36,37]
g526(706,823)@[7,39]
g526(378,294)@[43,45]
g526(556,6)@[11,41]
g526(264,219)@[20,34]
g526(340,165)@[40,43]
g526(23,791)@[1,45]
g528(778,459,890)@[3,26]
g528(676,914,217)@[7,9]
g528(654,54,258)@[7,9]
g528(360,930,632)@[27,49]
g526(137,845)@[44,48]
g527(616,734,787,450)@[8,15]
g528(491,846,83)@[20,49]
g528(332,242,246)@[0,16]
g526(84,388)@[1,14]
g528(454,160,492)@[22,46]
g526(640,203)@[28,48]
g527(228,495,526,72)@[7,12]
g528(536,528,949)@[13,32]
g528(423,975,760)@[46,48]
g528(847,499,995)@[21,34]
g528(992,280,604)@[24,33]
g528(744,319,998)@[1,45]
g528(463,682,34)@[22,41]
g526(590,794)@[2,20]
g528(924,298,584)@[9,31]
g528(988,842,494)@[27,47]
g526(391,764)@[15,38]
g528(234,271,255)@[23,38]
g528(634,417,222)@[12,41]
g528(793,738,376)@[37,47]
g528(336,141,697)@[4,19]
g526(756,797)@[10,30]
g527(150,444,183,989)@[36,38]
g528(784,29,945)@[1,26]
g528(427,564,770)@[6,34]
g528(53,455,717)@[6,25]
g528(270,577,166)@[9,29]
g526(899,512)@[30,45]
g528(436,561,294)@[19,34]
g528(488,787,689)@[13,33]
g528(586,407,538)@[4,17]
g528(25,566,354)@[4,10]
g528(13,554,55)@[19,40]
g528(567,690,620)@[0,1]
g526(858,977)@[24,30]
g529(367,236,725,212)@[26,40]
g528(219,568,352)@[27,39]
g526(203,628)@[20,42]
g526(281,448)@[44,45]
g528(359,208,184)@[6,25]
g528(463,304,936)@[8,47]
g526(602,789)@[14,22]
g528(545,861,531)@[43,46]
g528(663,797,579)@[16,21]
g528(147,493,664)@[20,31]
g528(647,231,349)@[6,42]
g527(146,346,673,9)@[22,41]
g528(52,399,246)@[11,46]
g528(160,949,908)@[30,36]
g528(707,586,646)@[1,19]
g526(467,643)@[11,33]
g528(879,48,493)@[2,9]
g528(917,639,229)@[12,22]
g528(41,981,696)@[6,38]
g528(120,284,130)@[42,49]
g528(354,640,795)@[18,29]
g527(493,23,129,693)@[12,36]
g528(99,467,101)@[14,21]
g528(646,52,201)@[5,28]
g526(690,384)@[1,41]
g528(911,492,732)@[33,44]
g526(228,524)@[11,28]
g528(977,678,846)@[17,35]
g528(723,301,635)@[1,37]
g526(840,810)@[35,48]
g528(786,990,212)@[1,26]
g529(14,895,585,802)@[8,27]
g528(74,996,351)@[13,37]
g528(459,615,427)@[15,28]
g526(174,73)@[14,35]
g528(675,611,604)@[29,35]
g526(397,722)@[16,43]
g528(243,774,318)@[34,47]
g528(566,844,244)@[24,34]
g528(620,487,227)@[20,44]
g528(112,812,515)@[9,19]
g528(699,153,997)@[31,35]
g528(436,972,951)@[19,26]
g526(950,191)@[18,40]
g528(913,187,43)@[41,47]
g528(956,682,270)@[14,20]
g528(688,268,983)@[17,29]
g529(957,687,103,977)@[15,26]
g526(56,926)@[11,15]
g528(107,34,824)@[27,41]
g528(794,235,46)@[5,46]
g528(317,581,217)@[8,28]
g528(348,498,361)@[20,41]
g528(186,722,684)@[17,24]
g526(100,231)@[5,45]
g528(689,702,783)@[0,28]
g526(153,179)@[30,33]
g527(882,629,531,24)@[0,44]
g528(884,203,214)@[33,44]
g528(549,112,332)@[3,11]
g526(749,428)@[20,43]
g526(22,188)@[25,26]
g528(524,382,79)@[11,13]
g526(44,588)@[21,37]
