g528(35,496,742)@[2,43]
g528(326,331,284)@[5,6]
g526(349,285)@[18,40]
g528(457,402,860)@[1,46]
g526(217,581)@[21,42]
g528(246,272,79)@[2,5]
g528(379,643,554)@[25,40]
g528(656,944,166)@[2,16]
g528(791,374,896)@[21,25]
g528(952,297,905)@[5,13]
g528(870,821,169)@[0,13]
g528(315,706,403)@[35,36]
g528(674,801,505)@[22,42]
g528(748,729,854)@[41,48]
g529(755,383,304,877)@[4,30]
g528(717,416,693)@[11,40]
g528(674,498,56)@[39,49]
g526(895,680)@[0,49]
g528(577,428,534)@[14,23]
g528(391,251,100)@[14,44]
g528(62,553,251)@[39,44]
g528(849,737,338)@[0,13]
g528(325,413,76)@[37,48]
g528(372,329,187)@[17,34]
g528(952,170,487)@[6,19]
g526(965,277)@[11,29]
g528(817,262,833)@[8,41]
g528(191,116,43)@[13,28]
g528(750,866,138)@[16,33]
g528(338,273,941)@[15,30]
g528(952,464,118)@[8,32]
g528(347,721,906)@[38,45]
g528(716,777,824)@[0,24]
g529(821,981,33,287)@[13,42]
g528(362,35,371)@[18,37]
g528(630,850,707)@[35,46]
g528(171,223,754)@[6,8]
g527(528,151,207,354)@[33,46]
g526(673,791)@[9,16]
g526(223,909)@[0,28]
g528(884,815,725)@[37,39]
g526(858,740)@[18,32]
g527(264,658,702,577)@[41,45]
g526(664,369)@[33,48]
g528(701,787,768)@[5,35]
g526(655,310)@[15,43]
g528(747,948,115)@[0,25]
g528(512,935,677)@[7,30]
g526(185,660)@[27,30]
g526(357,436)@[24,26]
g529(485,987,193,927)@[8,35]
g528(89,204,675)@[11,22]
g529(206,799,976,717)@[4,16]
g528(574,667,361)@[25,32]
g527(14,468,718,811)@[9,13]
g528(311,942,620)@[29,35]
g528(205,300,761)@[4,38]
g528(76,117,224)@[1,20]
g526(101,260)@[1,42]
g528(258,976,178)@[21,42]
g526(734,898)@[15,39]
g527(776,862,565,967)@[20,32]
g528(643,881,683)@[36,43]
g526(521,522)@[17,25]
g528(844,61,951)@[29,31]
g526(887,402)@[31,39]
g528(565,72,953)@[10,37]
g526(843,326)@[4,6]
g528(156,867,725)@[8,46]
g526(5,620)@[3,32]
g526(426,328)@[15,19]
g528(264,654,468)@[16,43]
g529(343,186,437,484)@[20,48]
g528(786,752,159)@[22,33]
g528(428,901,955)@[2,22]
g528(312,929,249)@[33,44]
g528(339,748,796)@[1,37]
g528(714,958,16)@[23,39]
g527(836,851,345,70)@[41,45]
g528(246,187,468)@[17,20]
g527(9,731,638,579)@[16,21]
g528(801,531,693)@[3,49]
g528(63,869,215)@[9,45]
g526(624,632)@[27,43]
g528(929,238,98)@[6,16]
g528(660,520,439)@[24,40]
g526(414,669)@[2,26]
g528(514,10,700)@[25,38]
g527(416,159,549,497)@[22,32]
g527(528,831,127,947)@[5,46]
g527(91,288,306,269)@[5,29]
g528(251,80,649)@[2,27]
g528(983,582,810)@[33,39]
g528(48,125,807)@[29,33]
g528(741,711,817)@[21,44]
g528(468,746,75)@[35,45]
g528(564,75,671)@[0,49]
g528(988,150,675)@[46,49]
g526(242,189)@[7,13]
g528(983,846,681)@[4,20]
g526(739,552)@[5,24]
g528(24,417,340)@[8,12]
g528(218,964,735)@[16,35]
g528(894,761,675)@[41,44]
g526(873,848)@[13,36]
g528(982,308,129)@[9,43]
g526(829,443)@[6,16]
g528(246,496,618)@[40,49]
g528(35,316,41)@[11,17]
g526(725,654)@[3,16]
g526(123,343)@[4,17]
g528(233,512,891)@[43,48]
g528(152,224,549)@[18,24]
g528(641,515,403)@[8,35]
g528(231,296,328)@[16,36]
g528(884,678,920)@[20,36]
g529(826,605,950,50)@[14,40]
g527(96,191,949,294)@[2,10]
g528(960,954,138)@[45,46]
g528(471,598,384)@[5,32]
g526(305,290)@[27,29]
g527(919,883,926,85)@[16,20]
g526(818,66)@[38,41]
g526(712,858)@[11,37]
g526(331,435)@[7,25]
g528(982,100,625)@[8,23]
g527(243,897,819,149)@[3,22]
g528(395,971,773)@[19,39]
g528(482,826,580)@[29,43]
g526(602,89)@[1,32]
g526(709,656)@[32,49]
g528(722,79,470)@[6,47]
g526(301,362)@[25,36]
g528(16,167,992)@[5,23]
g528(201,440,478)@[8,49]
g528(902,485,342)@[30,37]
g528(864,109,748)@[4,41]
g526(236,791)@[22,32]
g526(812,656)@[8,41]
g529(745,924,230,638)@[19,35]
g528(901,437,970)@[3,13]
g526(590,291)@[12,32]
g528(568,129,272)@[11,14]
g528(978,620,648)@[25,31]
g528(797,383,591)@[8,20]
g528(922,351,185)@[29,42]
g528(384,974,416)@[47,49]
g526(353,858)@[40,49]
g528(221,4,73)@[24,27]
g528(720,805,449)@[22,46]
g528(277,946,483)@[13,22]
g528(209,378,398)@[5,48]
g527(934,582,706,885)@[24,34]
g526(951,56)@[40,49]
g528(246,785,76)@[13,45]
g528(777,512,832)@[29,34]
g526(46,232)@[19,42]
g526(47,963)@[31,46]
g526(20,962)@[0,39]
g528(120,944,926)@[11,39]
g528(678,230,380)@[30,48]
g528(324,355,293)@[7,14]
g526(843,728)@[23,43]
g526(79,872)@[9,48]
g528(672,962,220)@[21,37]
g527(480,250,88,27)@[3,23]
g529(439,609,325,554)@[21,36]
g528(468,907,419)@[27,33]
g528(575,444,562)@[4,47]
g528(871,631,498)@[9,20]
g527(856,504,307,459)@[27,43]
g528(14,511,189)@[7,15]
g528(61,516,707)@[6,12]
g528(559,901,648)@[24,44]
g528(152,838,206)@[28,33]
g528(986,844,143)@[26,40]
g528(897,949,273)@[10,46]
g528(877,590,429)@[15,43]
g526(991,319)@[30,34]
g528(236,655,429)@[7,32]
g528(277,202,582)@[34,46]
g527(216,803,156,467)@[13,39]
g526(68,985)@[18,44]
g526(251,979)@[31,47]
g528(647,889,423)@[46,49]
g528(885,577,187)@[19,32]
g528(744,70,423)@[0,15]
g526(176,457)@[19,29]
g528(600,804,631)@[31,41]
g528(731,753,34)@[2,13]
g528(39,16,28)@[13,23]
g528(911,2,707)@[9,14]
g528(672,620,475)@[7,36]
g526(502,238)@[12,22]
g526(970,514)@[17,37]
g526(201,429)@[0,46]
g526(385,819)@[25,40]
g526(602,537)@[18,37]
g528(375,158,698)@[9,15]
g527(305,658,931,971)@[38,48]
g528(565,15,573)@[8,13]
g528(116,971,126)@[7,18]
g528(477,745,772)@[4,7]
g528(159,8,704)@[6,23]
g528(615,742,976)@[0,45]
g528(350,297,188)@[41,45]
g528(665,385,963)@[33,38]
g526(981,676)@[21,25]
g528(471,583,591)@[37,40]
g526(216,615)@[9,31]
g526(384,53)@[34,43]
g528(889,405,20)@[10,44]
g529(601,816,190,608)@[23,34]
g526(342,193)@[39,40]
g526(594,45)@[10,43]
g526(444,183)@[1,11]
g526(725,993)@[15,36]
g528(529,179,359)@[14,25]
g526(456,488)@[27,49]
g528(81,413,284)@[2,37]
g528(608,218,638)@[28,31]
g528(375,162,502)@[15,17]
g528(351,121,114)@[29,42]
g528(406,842,486)@[32,46]
g528(813,953,697)@[6,30]
g528(441,567,597)@[5,14]
g526(420,838)@[2,45]
g529(227,487,636,620)@[23,36]
g527(502,919,271,262)@[31,34]
g528(910,997,33)@[23,34]
g528(138,890,543)@[24,30]
g526(502,481)@[23,39]
g528(927,632,199)@[10,36]
g528(995,580,659)@[6,30]
g529(413,718,603,772)@[15,47]
g528(270,220,613)@[10,20]
g527(588,450,652,100)@[37,39]
g528(153,405,345)@[16,33]
g528(753,363,107)@[0,18]
g529(999,75,622,511)@[14,43]
g526(609,768)@[20,41]
g529(216,156,803,467)@[41,44]
g528(603,357,263)@[7,36]
g526(485,800)@[6,16]
g528(816,344,300)@[5,47]
g528(707,739,593)@[4,17]
g528(193,772,465)@[32,35]
g528(461,555,656)@[24,43]
g528(726,990,321)@[38,46]
g528(860,973,342)@[5,48]
g528(735,294,536)@[2,32]
g526(620,59)@[0,30]
g528(352,147,459)@[21,42]
g528(273,475,235)@[10,21]
g528(930,262,128)@[22,36]
g528(476,149,318)@[10,17]
g528(747,456,897)@[2,18]
g528(669,516,963)@[36,48]
g528(412,262,793)@[7,39]
g528(205,644,82)@[43,45]
g526(440,186)@[23,25]
g528(569,135,509)@[2,11]
g528(873,609,482)@[3,37]
g528(446,192,230)@[21,48]
g527(860,295,593,62)@[27,43]
g528(533,653,54)@[28,38]
g526(393,751)@[0,28]
g528(102,491,800)@[17,19]
g528(455,823,664)@[5,25]
g528(209,947,546)@[3,43]
g527(76,294,187,298)@[29,43]
g528(588,380,553)@[6,48]
g528(619,755,750)@[7,17]
g528(144,873,149)@[3,26]
g528(466,820,43)@[15,36]
g528(370,53,104)@[14,25]
g528(22,799,423)@[23,26]
g527(428,605,117,908)@[26,31]
g526(909,735)@[41,47]
g528(175,795,581)@[3,21]
g528(391,828,416)@[0,5]
g528(523,79,494)@[10,18]
g526(687,387)@[38,44]
g528(28,316,451)@[13,30]
g528(235,790,364)@[1,28]
g526(398,753)@[38,41]
g526(195,600)@[17,41]
g528(278,706,802)@[11,24]
g528(594,31,655)@[5,26]
g526(597,750)@[15,31]
g528(281,789,163)@[0,43]
g528(220,376,725)@[12,47]
g528(545,586,841)@[14,32]
g528(140,846,523)@[11,20]
g529(987,422,383,820)@[45,49]
g528(193,717,391)@[26,34]
g526(24,246)@[9,44]
g528(248,15,964)@[4,37]
g528(987,637,49)@[3,4]
g528(83,611,846)@[11,16]
g528(672,212,782)@[2,9]
g526(250,350)@[26,40]
g528(559,734,260)@[0,34]
g528(42,149,258)@[19,33]
g526(438,979)@[19,30]
g528(767,324,746)@[10,16]
g529(0,496,332,305)@[17,44]
g528(950,803,153)@[1,7]
g528(48,73,661)@[4,42]
g526(700,263)@[22,48]
g528(247,649,807)@[37,48]
g528(825,19,926)@[6,45]
g528(646,787,119)@[3,17]
g526(617,23)@[35,40]
g529(372,417,318,814)@[17,29]
g528(28,388,319)@[8,12]
g528(169,610,166)@[31,41]
g529(118,626,584,706)@[15,26]
g528(496,590,989)@[27,45]
g528(161,731,841)@[29,44]
g528(217,326,208)@[20,22]
g528(755,511,192)@[23,24]
g528(653,634,706)@[13,31]
g526(957,85)@[24,45]
g528(276,950,290)@[1,41]
g528(526,494,122)@[20,40]
g528(558,975,415)@[17,20]
g528(146,93,450)@[28,36]
g526(450,93)@[1,11]
g528(419,797,379)@[35,40]
g528(131,10,375)@[11,13]
g528(258,70,301)@[2,45]
g526(805,329)@[15,27]
g526(673,10)@[2,30]
g528(593,786,446)@[16,26]
g528(380,728,679)@[10,43]
g528(598,367,278)@[6,37]
g528(812,291,813)@[10,26]
g529(629,71,634,723)@[1,43]
g528(859,224,845)@[7,18]
g528(106,284,629)@[18,32]
g526(991,681)@[5,26]
g528(784,895,681)@[34,44]
g528(463,118,277)@[20,46]
g528(988,828,547)@[11,30]
g526(320,857)@[6,49]
g528(519,427,171)@[36,49]
g528(970,595,107)@[1,29]
g528(467,590,613)@[16,17]
g528(481,720,940)@[27,43]
g528(103,193,883)@[43,49]
g526(187,866)@[14,16]
g529(490,202,181,519)@[1,13]
g528(102,881,51)@[0,35]
g528(624,602,610)@[37,42]
g528(466,241,549)@[16,47]
g528(661,77,550)@[5,27]
g528(379,355,319)@[1,26]
g528(304,351,146)@[10,15]
g526(744,758)@[17,30]
g528(351,866,442)@[0,42]
g528(320,996,736)@[0,15]
g526(562,686)@[23,43]
g528(575,240,64)@[4,32]
g526(726,553)@[22,34]
g527(257,515,552,958)@[27,43]
g528(421,946,980)@[1,13]
g528(664,11,171)@[14,38]
g528(665,191,166)@[19,37]
g528(351,999,44)@[16,17]
g526(538,631)@[26,49]
g528(463,739,4)@[24,39]
g526(41,62)@[22,40]
g529(280,909,735,233)@[15,45]
g526(277,429)@[5,33]
g526(694,105)@[3,4]
g528(235,654,83)@[24,33]
g527(660,429,592,806)@[9,31]
g526(119,925)@[41,46]
g528(59,289,181)@[8,10]
g528(866,413,478)@[29,35]
g527(950,965,892,846)@[16,42]
g528(109,487,675)@[0,35]
g526(261,381)@[1,43]
g528(888,424,573)@[11,34]
g528(872,830,867)@[6,7]
g526(220,701)@[2,3]
g526(108,92)@[4,40]
g528(777,778,476)@[37,40]
g528(398,298,793)@[21,32]
g528(755,159,623)@[10,14]
g526(227,308)@[47,49]
g528(14,147,499)@[3,14]
g526(363,69)@[1,10]
g528(624,168,449)@[5,22]
g528(689,621,66)@[15,47]
g528(260,257,240)@[33,34]
g528(591,723,161)@[31,47]
g526(253,152)@[23,48]
g527(247,143,736,606)@[6,13]
g526(874,959)@[6,7]
g528(402,206,327)@[0,9]
g527(988,744,552,238)@[30,41]
g528(57,475,586)@[4,12]
g526(283,429)@[9,41]
g528(638,185,0)@[20,44]
g526(607,801)@[16,39]
g528(928,479,641)@[17,47]
g528(397,842,83)@[19,30]
g527(343,480,927,996)@[43,47]
g528(687,757,359)@[30,49]
g528(947,222,540)@[27,29]
g528(524,245,140)@[7,47]
g528(422,319,230)@[10,11]
g528(12,891,114)@[23,39]
g528(868,77,195)@[1,20]
g528(724,818,469)@[27,44]
g528(96,188,938)@[26,28]
g529(791,235,936,86)@[4,6]
g528(219,778,811)@[28,33]
g528(195,340,985)@[18,43]
g526(749,765)@[11,47]
g528(341,893,135)@[8,25]
g528(260,729,44)@[21,45]
g527(622,671,296,739)@[38,47]
g528(534,933,553)@[23,36]
g527(960,175,581,795)@[21,37]
g528(567,419,616)@[29,38]
g528(698,753,612)@[11,42]
g528(819,926,630)@[6,23]
g526(674,915)@[19,32]
g528(284,749,766)@[41,47]
g528(999,219,25)@[16,44]
g526(854,724)@[35,47]
g528(302,60,641)@[31,41]
g528(502,713,97)@[10,41]
g528(142,562,201)@[37,48]
g526(489,501)@[24,33]
g528(706,50,337)@[14,42]
g526(285,819)@[38,44]
g528(270,596,315)@[0,20]
g528(774,839,172)@[5,17]
g528(641,750,726)@[10,35]
g528(344,506,527)@[10,36]
g528(417,708,932)@[36,46]
g528(104,437,49)@[42,47]
g528(180,915,523)@[2,22]
g527(607,700,261,841)@[1,19]
g528(487,749,509)@[26,35]
g528(40,822,500)@[0,44]
g528(517,563,533)@[25,44]
g528(766,731,452)@[28,35]
g528(268,79,222)@[43,47]
g528(262,386,288)@[30,44]
g528(61,534,13)@[0,21]
g526(836,892)@[31,32]
g526(602,789)@[14,22]
g528(960,468,311)@[42,49]
g528(445,48,407)@[37,49]
g526(692,54)@[24,43]
g526(547,186)@[4,29]
g528(940,712,704)@[15,45]
g526(581,581)@[11,14]
g528(140,147,704)@[6,9]
g528(261,658,420)@[2,41]
g528(165,929,767)@[4,48]
g528(312,838,242)@[12,49]
g526(829,662)@[22,35]
g527(471,176,886,715)@[7,11]
g528(755,922,211)@[23,28]
g526(453,744)@[0,41]
g527(310,375,542,971)@[4,31]
g526(59,919)@[47,48]
g528(818,926,368)@[30,45]
g527(58,321,997,988)@[15,43]
g528(200,482,487)@[30,49]
g528(960,170,954)@[14,35]
g526(622,510)@[4,23]
g527(809,819,778,960)@[39,42]
g526(690,730)@[1,45]
g528(160,575,476)@[20,22]
g528(344,438,946)@[11,14]
g528(357,420,735)@[42,47]
g528(702,937,286)@[20,32]
g528(848,75,520)@[42,44]
g528(892,226,857)@[13,18]
g526(754,223)@[34,48]
g526(225,967)@[8,22]
g528(846,523,424)@[4,40]
g528(185,455,1)@[17,26]
g526(284,46)@[41,47]
g528(926,876,202)@[21,30]
g526(694,518)@[12,29]
g528(644,702,652)@[5,48]
g528(780,7,278)@[10,34]
g528(696,966,869)@[6,36]
g528(831,758,589)@[11,31]
g528(354,812,395)@[26,28]
g526(152,642)@[27,45]
g528(492,193,375)@[43,45]
g528(824,346,792)@[12,43]
g526(583,786)@[29,48]
g528(665,573,663)@[15,49]
g528(18,623,27)@[32,34]
g528(749,642,930)@[6,16]
g526(890,564)@[12,20]
g528(96,207,141)@[43,45]
g526(969,839)@[10,41]
g526(462,626)@[13,27]
g526(346,115)@[17,26]
g526(418,54)@[37,44]
g528(774,528,452)@[1,39]
g528(132,449,766)@[45,47]
g528(802,418,360)@[1,36]
g528(823,67,595)@[22,26]
g528(669,456,28)@[11,33]
g528(161,304,581)@[14,37]
g528(483,586,1)@[13,32]
g526(279,69)@[1,24]
g528(751,298,991)@[18,45]
g528(407,371,159)@[37,40]
g528(760,454,270)@[5,27]
g528(911,120,859)@[0,3]
g528(772,718,413)@[44,45]
g528(491,559,257)@[21,38]
g528(793,701,855)@[27,39]
g528(538,700,584)@[23,24]
g526(822,875)@[46,49]
g526(136,737)@[19,37]
g528(221,80,402)@[13,34]
g528(853,307,410)@[13,41]
g528(659,186,309)@[22,35]
g528(715,27,749)@[1,6]
g528(846,196,940)@[25,32]
g528(591,206,998)@[8,48]
g528(216,703,191)@[9,32]
g528(837,629,814)@[0,47]
g528(302,238,423)@[30,39]
g528(840,478,738)@[21,36]
g526(994,683)@[27,40]
g528(574,703,860)@[14,15]
g528(778,270,647)@[22,41]
g528(674,702,171)@[40,41]
g528(312,160,990)@[0,3]
g528(873,948,121)@[30,35]
g526(876,552)@[12,41]
g528(193,531,302)@[24,48]
g528(812,888,961)@[25,36]
g528(15,893,307)@[26,44]
g528(398,33,302)@[1,9]
g528(322,550,245)@[1,4]
g526(18,134)@[2,31]
g526(50,477)@[25,44]
g527(934,94,996,238)@[1,4]
g528(576,772,304)@[9,14]
g526(388,107)@[12,35]
g526(409,504)@[18,39]
g528(120,450,717)@[22,38]
g527(323,30,989,45)@[21,24]
g528(64,366,865)@[5,15]
g528(552,82,722)@[18,39]
g526(56,498)@[6,45]
g528(398,653,546)@[38,40]
g528(472,856,893)@[4,36]
g526(77,858)@[0,39]
g528(167,586,507)@[2,20]
g528(340,197,1)@[15,40]
g526(962,897)@[5,22]
g528(530,961,426)@[9,38]
g528(832,749,247)@[1,21]
g528(483,121,955)@[35,43]
g526(458,536)@[44,47]
g528(774,732,445)@[0,22]
g526(297,360)@[5,48]
g528(714,991,884)@[9,18]
g526(172,299)@[3,10]
g526(617,27)@[19,40]
g526(30,445)@[15,28]
g526(819,256)@[33,34]
g528(677,162,885)@[7,9]
g528(862,967,565)@[16,44]
g526(380,215)@[2,49]
g526(63,826)@[34,41]
g526(457,196)@[3,40]
g528(813,355,436)@[0,11]
g528(108,440,766)@[14,23]
g526(199,452)@[30,39]
g528(730,924,395)@[28,31]
g526(585,654)@[36,41]
g528(954,734,138)@[43,45]
g528(571,166,590)@[19,45]
g526(790,634)@[19,32]
g528(190,204,46)@[11,17]
g528(63,208,665)@[8,23]
g528(733,959,674)@[29,33]
g526(158,891)@[5,37]
g526(326,242)@[10,16]
g528(559,469,105)@[3,35]
g528(738,930,691)@[40,42]
g528(101,767,439)@[4,16]
g528(959,465,646)@[12,39]
g528(73,74,860)@[32,40]
g528(827,59,527)@[5,49]
g526(330,856)@[21,34]
g527(132,81,88,351)@[27,36]
g528(609,360,492)@[37,40]
g526(53,623)@[25,42]
g526(32,775)@[31,48]
g528(231,880,353)@[14,42]
g528(772,870,251)@[5,33]
g528(654,312,647)@[13,45]
g528(44,956,640)@[29,40]
g526(587,649)@[20,36]
g526(783,728)@[10,31]
g528(973,936,736)@[13,38]
g528(113,791,635)@[4,35]
g526(906,538)@[34,46]
g528(377,28,538)@[6,14]
g528(680,252,390)@[16,45]
g528(849,88,99)@[0,12]
g528(12,154,681)@[32,43]
g526(982,625)@[37,41]
g528(579,772,140)@[44,45]
g528(202,753,181)@[25,37]
g529(873,427,495,237)@[3,25]
g528(694,932,36)@[24,40]
g528(95,946,426)@[42,46]
g526(707,182)@[3,47]
g528(433,374,216)@[6,16]
g526(713,151)@[22,37]
g528(303,666,239)@[29,35]
g528(983,307,575)@[37,44]
g528(524,662,206)@[9,37]
g528(477,973,810)@[4,43]
g526(123,78)@[1,19]
g526(270,881)@[13,24]
g528(346,652,686)@[1,31]
g528(3,568,851)@[14,41]
g528(964,694,752)@[18,45]
g528(545,244,786)@[45,47]
g528(114,821,69)@[18,39]
g526(143,566)@[4,7]
g528(736,459,926)@[42,45]
g527(970,873,642,437)@[27,38]
g526(346,356)@[14,44]
g528(63,986,334)@[25,39]
g528(549,278,884)@[7,38]
g528(836,368,932)@[0,10]
g526(105,463)@[22,35]
g528(285,601,731)@[21,46]
g526(286,243)@[0,30]
g528(563,904,843)@[12,24]
g528(790,635,724)@[25,44]
g527(503,666,811,96)@[31,36]
g528(829,576,693)@[9,22]
g526(462,406)@[13,26]
g528(842,751,615)@[2,16]
g526(373,926)@[30,34]
g528(168,688,194)@[0,40]
g528(935,660,980)@[30,48]
g526(888,956)@[6,12]
g526(683,539)@[5,28]
g526(609,398)@[14,44]
g528(394,680,688)@[34,36]
g526(711,50)@[17,46]
g528(217,685,869)@[7,28]
g528(750,10,528)@[3,15]
g526(459,259)@[36,49]
g528(456,617,728)@[11,34]
g526(152,312)@[14,24]
g526(97,473)@[1,4]
g527(869,645,339,63)@[3,31]
g526(405,165)@[8,35]
g527(692,341,932,623)@[4,10]
g528(146,51,469)@[21,48]
g528(467,596,921)@[26,47]
g528(78,575,293)@[7,13]
g528(125,658,261)@[3,6]
g528(49,732,65)@[23,24]
g527(627,16,217,61)@[13,24]
g527(535,655,31,285)@[14,15]
g526(861,292)@[0,13]
g528(374,718,505)@[2,36]
g528(34,440,622)@[2,27]
g526(680,199)@[21,47]
g528(47,812,1)@[1,47]
g528(713,874,579)@[7,22]
g528(414,792,908)@[7,24]
g528(637,215,129)@[4,43]
g526(509,57)@[13,18]
g528(926,674,360)@[5,34]
g528(879,672,447)@[11,27]
g528(899,4,235)@[14,44]
g528(462,852,474)@[10,38]
g528(87,922,777)@[43,49]
g528(877,802,367)@[15,23]
g528(572,840,586)@[22,46]
g527(136,920,899,939)@[16,22]
g528(557,791,509)@[8,39]
g526(2,252)@[1,42]
g528(136,600,348)@[4,37]
g526(400,847)@[7,47]
g526(389,980)@[5,29]
g528(162,943,556)@[25,39]
g528(571,842,353)@[11,43]
g528(764,998,287)@[21,36]
g528(41,412,927)@[19,48]
g526(309,156)@[25,38]
g528(26,528,705)@[4,46]
g528(361,840,126)@[24,27]
g528(743,313,84)@[22,47]
g526(244,859)@[28,37]
g528(110,803,602)@[27,39]
g526(654,647)@[3,37]
g527(797,707,466,319)@[2,8]
g526(240,601)@[6,24]
g526(844,356)@[11,44]
g528(595,869,245)@[1,12]
g528(424,838,685)@[10,26]
g528(328,447,928)@[3,35]
g526(756,141)@[12,33]
g526(51,883)@[18,36]
g528(148,645,581)@[3,48]
g526(428,753)@[37,48]
g528(115,461,670)@[12,16]
g528(310,261,161)@[9,41]
g528(813,394,999)@[10,22]
g526(644,198)@[9,43]
g528(777,568,841)@[30,35]
g528(211,167,129)@[3,19]
g526(574,736)@[1,9]
g526(510,179)@[17,37]
g528(956,31,869)@[8,45]
g528(422,700,408)@[30,45]
g526(915,742)@[13,44]
g528(360,682,910)@[23,25]
g528(866,5,768)@[18,49]
g528(958,229,619)@[17,21]
g526(199,927)@[1,43]
g528(2,254,504)@[0,24]
g526(971,247)@[5,25]
g528(59,170,163)@[13,19]
g528(247,996,752)@[26,29]
g528(170,995,780)@[12,22]
g528(792,424,155)@[4,15]
g526(396,124)@[31,33]
g528(622,648,757)@[28,43]
g528(201,54,94)@[11,48]
g526(232,894)@[32,35]
g528(273,719,84)@[7,29]
g528(50,944,696)@[6,11]
g526(88,249)@[5,48]
g528(723,289,993)@[40,46]
g526(198,167)@[23,47]
g528(344,456,284)@[30,35]
g526(29,886)@[28,32]
g526(492,188)@[2,14]
g526(584,571)@[22,25]
g528(759,414,178)@[42,48]
g526(436,778)@[10,30]
g528(752,148,279)@[20,21]
g528(520,885,315)@[33,44]
g528(135,981,798)@[14,22]
g526(923,616)@[1,23]
g528(145,363,81)@[29,32]
g526(655,158)@[25,49]
g528(423,706,652)@[38,44]
g528(68,406,47)@[28,32]
g526(636,887)@[8,46]
g528(967,563,563)@[22,39]
g528(206,621,341)@[1,18]
g529(546,822,228,295)@[16,43]
g526(818,435)@[23,29]
g526(609,317)@[38,40]
g528(228,3,895)@[11,39]
g528(782,694,699)@[35,40]
g528(951,806,667)@[23,29]
g528(647,231,349)@[6,42]
g529(370,970,93,341)@[25,30]
g528(226,529,174)@[28,31]
g528(671,968,876)@[8,28]
g528(842,471,555)@[4,8]
g528(899,216,45)@[7,30]
g528(776,359,623)@[7,22]
g528(883,811,79)@[17,49]
g527(996,899,895,978)@[0,1]
g526(817,54)@[5,6]
g528(409,602,516)@[15,37]
g528(796,847,594)@[22,23]
g526(279,148)@[26,46]
g528(277,928,234)@[4,36]
g528(183,223,821)@[18,38]
g526(601,911)@[14,25]
g528(887,377,332)@[27,41]
g526(625,259)@[0,21]
g528(573,428,132)@[16,38]
g528(649,875,415)@[17,21]
g529(836,324,458,87)@[1,40]
g528(789,222,590)@[18,26]
g526(127,995)@[7,45]
g528(807,146,596)@[18,27]
g528(941,254,524)@[7,20]
g528(907,924,525)@[9,43]
g528(713,45,508)@[27,49]
g526(243,257)@[8,9]
g528(274,807,163)@[15,42]
g528(909,321,563)@[30,33]
g528(443,37,383)@[12,30]
g528(700,73,691)@[23,36]
g528(390,612,735)@[6,26]
g526(992,208)@[47,48]
g526(642,57)@[5,12]
g528(497,312,920)@[8,14]
g528(591,415,75)@[0,47]
g527(79,364,241,382)@[43,49]
g528(219,219,444)@[7,22]
g528(203,669,401)@[0,44]
g526(957,595)@[28,48]
g528(706,49,591)@[5,40]
g526(261,517)@[37,38]
g526(774,741)@[7,28]
g528(178,395,933)@[14,34]
g529(633,819,227,96)@[17,23]
g528(657,955,840)@[33,45]
g528(823,664,849)@[1,18]
g526(995,30)@[11,21]
g528(666,919,626)@[18,27]
g528(726,745,646)@[18,43]
g526(160,116)@[7,21]
g526(556,90)@[39,45]
g528(954,575,951)@[21,32]
g528(281,247,971)@[25,30]
g526(959,584)@[21,30]
g526(887,463)@[6,33]
g528(912,283,885)@[0,28]
g528(271,441,242)@[10,39]
g528(949,681,802)@[12,32]
g526(247,475)@[2,38]
g528(605,593,796)@[15,22]
g528(746,7,481)@[19,34]
g528(536,615,748)@[30,32]
g526(694,70)@[4,47]
g526(255,765)@[20,45]
g528(291,13,656)@[13,18]
g528(404,716,333)@[21,31]
g528(32,425,785)@[36,37]
g528(364,208,351)@[33,46]
g526(635,593)@[23,33]
g528(966,254,365)@[27,34]
g528(405,327,944)@[20,37]
g528(43,892,995)@[17,36]
g528(35,764,832)@[6,35]
g527(686,340,132,992)@[43,46]
g528(360,385,822)@[32,41]
g526(239,45)@[20,43]
g528(816,838,818)@[4,43]
g528(762,185,315)@[18,39]
g528(904,622,891)@[23,38]
g528(546,259,890)@[27,38]
g528(932,728,594)@[30,44]
g526(909,570)@[11,17]
g526(169,422)@[21,24]
g528(403,162,831)@[16,40]
g528(253,804,677)@[22,40]
g526(532,65)@[3,38]
g528(486,535,444)@[15,33]
g528(117,856,637)@[45,46]
g526(157,561)@[17,36]
g527(116,236,738,137)@[4,47]
g528(582,127,314)@[6,21]
g526(733,273)@[2,24]
g526(253,385)@[22,49]
g528(312,647,152)@[32,45]
g526(476,700)@[6,22]
g526(709,924)@[9,37]
g528(315,218,423)@[0,35]
g528(909,867,956)@[1,47]
g528(447,759,855)@[42,45]
g528(978,369,852)@[5,15]
g528(718,20,333)@[43,47]
g526(172,603)@[8,11]
g526(269,178)@[23,41]
g526(63,601)@[35,39]
g528(105,358,439)@[2,21]
g528(768,282,717)@[5,24]
g528(531,900,201)@[10,36]
g526(181,582)@[9,11]
g528(694,176,906)@[3,26]
g528(252,691,901)@[35,45]
g528(199,18,129)@[7,41]
g528(45,790,14)@[0,48]
g528(601,635,689)@[19,39]
g526(777,336)@[39,42]
g528(436,561,294)@[19,34]
g528(845,309,417)@[21,28]
g528(7,62,397)@[10,27]
g528(411,181,386)@[13,19]
g526(554,466)@[1,11]
g528(135,229,578)@[23,34]
g528(584,144,102)@[35,46]
g529(595,447,879,672)@[42,45]
g528(532,874,803)@[14,49]
g528(477,827,50)@[1,41]
g526(537,295)@[17,21]
g528(625,546,259)@[9,20]
g528(901,384,831)@[2,37]
g528(448,418,153)@[7,37]
g528(434,384,245)@[9,32]
g526(26,952)@[23,27]
g526(404,60)@[35,45]
g528(26,695,900)@[30,42]
g528(473,399,610)@[16,41]
g528(78,504,961)@[43,49]
g529(61,121,149,493)@[13,40]
g528(772,117,282)@[22,48]
g528(593,674,606)@[32,39]
g528(335,590,288)@[0,42]
g528(241,19,475)@[14,48]
g528(548,535,267)@[26,48]
g528(77,535,165)@[27,44]
g528(423,24,252)@[21,44]
g526(514,519)@[35,41]
g526(16,659)@[0,49]
g528(801,402,232)@[11,37]
g528(228,609,765)@[5,38]
g526(413,927)@[28,45]
g528(160,298,507)@[11,27]
g528(963,55,445)@[17,22]
g528(752,810,375)@[30,42]
g528(532,195,546)@[38,40]
g528(268,473,870)@[9,20]
g526(624,885)@[8,13]
g528(27,647,208)@[3,33]
g528(574,364,694)@[7,31]
g528(737,272,145)@[0,20]
g526(209,24)@[23,43]
g526(817,273)@[30,44]
g528(992,822,381)@[18,30]
g526(771,787)@[18,20]
g528(59,288,438)@[25,30]
g528(63,339,869)@[0,38]
g528(216,750,756)@[10,36]
g528(339,421,942)@[7,29]
g526(222,79)@[25,39]
g528(112,907,348)@[26,30]
g526(955,416)@[6,32]
g527(275,94,811,981)@[16,32]
g528(942,37,971)@[22,27]
g527(572,95,430,945)@[26,49]
g526(582,966)@[10,18]
g528(427,450,613)@[9,47]
g526(521,986)@[27,40]
g527(207,268,466,703)@[7,48]
g526(706,408)@[17,18]
g526(620,165)@[15,29]
g528(320,308,629)@[9,22]
g528(894,614,740)@[26,46]
g528(511,508,551)@[14,27]
g529(814,158,8,629)@[7,10]
g526(468,958)@[3,24]
g528(91,926,891)@[14,32]
g528(573,764,269)@[1,12]
g526(327,772)@[3,12]
g526(385,81)@[38,47]
g528(131,747,750)@[9,11]
g528(633,300,914)@[12,49]
g528(788,549,862)@[6,48]
g528(786,847,16)@[32,45]
g528(348,760,878)@[40,44]
g528(313,435,310)@[10,27]
g528(370,959,740)@[11,48]
g528(599,317,931)@[2,39]
g526(926,682)@[3,39]
g528(107,742,920)@[10,45]
g528(929,395,110)@[44,49]
g526(285,653)@[9,16]
g528(158,160,200)@[8,44]
g528(9,135,871)@[7,44]
g528(371,27,629)@[11,44]
g528(657,859,907)@[31,44]
g528(997,591,51)@[14,25]
g526(452,122)@[46,47]
g528(371,851,522)@[27,46]
g526(619,442)@[10,15]
g528(325,555,779)@[23,38]
g528(676,767,969)@[34,42]
g528(964,857,320)@[1,37]
g526(612,649)@[28,43]
g528(651,79,502)@[0,41]
g526(246,108)@[1,21]
g528(301,836,860)@[17,38]
g527(52,17,610,952)@[30,48]
g528(800,239,746)@[31,37]
g526(478,692)@[15,32]
g528(118,400,921)@[6,8]
g526(97,526)@[30,36]
g528(639,842,501)@[17,32]
g526(558,372)@[42,44]
g528(617,431,324)@[12,15]
g528(541,945,168)@[14,15]
