g1005(178,434,710)@[8,15]
g1005(616,668,582)@[18,43]
g1005(456,799,656)@[18,36]
g1004@[8,10]
g1006(57,740,233,461)@[4,28]
g1006(88,428,218,69)@[3,16]
g1005(794,159,334)@[5,30]
g1005(428,51,669)@[17,45]
g1005(556,340,451)@[16,24]
g1004@[4,24]
g1005(403,485,648)@[1,14]
g1005(101,583,479)@[2,27]
g1005(885,571,378)@[36,38]
g1005(641,531,190)@[5,8]
g1005(390,452,757)@[7,33]
g1006(782,62,74,520)@[25,27]
g1004@[3,22]
g1005(47,798,482)@[20,30]
g1004@[32,45]
g1004@[27,40]
g1004@[11,31]
g1004@[1,23]
g1005(533,473,553)@[30,37]
g1006(552,738,804,888)@[31,39]
g1005(702,191,504)@[40,42]
g1005(573,520,489)@[42,46]
g1005(300,667,753)@[4,20]
g1005(541,687,621)@[31,46]
g1006(647,150,45,880)@[3,33]
g1006(764,171,467,834)@[31,46]
g1005(771,156,354)@[40,47]
g1005(567,13,25)@[15,20]
g1005(165,254,700)@[15,36]
g1006(258,302,786,351)@[1,24]
g1005(839,733,626)@[36,46]
g1006(604,589,42,227)@[16,44]
g1005(510,89,537)@[9,14]
g1005(192,460,325)@[3,33]
g1005(261,316,328)@[19,23]
g1005(343,262,494)@[10,36]
g1005(342,246,567)@[17,32]
g1006(433,778,771,517)@[26,45]
g1005(342,796,321)@[18,39]
g1005(223,71,830)@[35,39]
g1006(81,469,596,914)@[32,37]
g1005(402,287,751)@[30,42]
g1004@[14,42]
g1005(763,316,639)@[10,13]
g1004@[18,37]
g1005(780,194,704)@[36,38]
g1005(363,701,70)@[5,47]
g1004@[5,29]
g1004@[2,31]
g1006(187,773,453,328)@[20,32]
g1004@[5,21]
g1005(629,905,484)@[1,30]
g1006(151,543,884,877)@[8,25]
g1005(39,794,643)@[17,20]
g1005(496,585,786)@[1,26]
g1005(158,309,434)@[7,18]
g1005(314,585,832)@[27,49]
g1005(523,651,812)@[5,35]
g1005(319,598,795)@[6,24]
g1005(792,651,643)@[9,34]
g1004@[31,32]
g1004@[2,41]
g1005(285,199,260)@[26,44]
g1005(171,266,261)@[23,32]
g1004@[24,43]
g1004@[34,38]
g1004@[26,44]
g1004@[34,35]
g1005(166,208,294)@[14,33]
g1004@[28,48]
g1004@[13,32]
g1005(791,196,129)@[0,2]
g1005(83,861,183)@[31,49]
g1005(373,6,491)@[18,39]
g1005(128,213,313)@[10,13]
g1005(577,270,776)@[29,42]
g1005(577,396,918)@[5,29]
g1004@[2,24]
g1005(423,837,619)@[14,34]
g1005(523,823,355)@[25,37]
g1005(764,895,905)@[0,31]
g1004@[31,36]
g1005(475,619,21)@[19,28]
g1005(895,219,747)@[39,45]
g1005(642,133,793)@[20,42]
g1004@[27,31]
g1006(534,14,644,140)@[40,45]
g1005(874,508,159)@[2,24]
g1005(784,56,308)@[27,34]
g1005(231,319,361)@[19,29]
g1004@[1,30]
g1006(564,269,788,211)@[11,17]
g1005(699,620,434)@[17,32]
g1004@[5,12]
g1004@[42,45]
g1005(124,118,763)@[37,44]
g1005(609,768,19)@[39,42]
g1006(677,219,228,710)@[30,35]
g1005(708,69,147)@[20,39]
g1005(389,822,722)@[38,49]
g1005(95,444,276)@[8,46]
g1004@[5,10]
g1005(784,226,424)@[45,47]
g1005(616,863,243)@[13,44]
g1006(612,325,192,460)@[9,33]
g1005(411,578,193)@[0,41]
g1005(198,67,79)@[20,33]
g1004@[11,43]
g1006(903,560,200,762)@[7,39]
g1004@[15,29]
g1005(113,533,387)@[34,36]
g1005(178,837,677)@[46,49]
g1005(383,417,410)@[38,46]
g1006(746,650,900,757)@[14,44]
g1005(840,915,77)@[27,42]
g1005(272,445,862)@[3,13]
g1005(404,2,179)@[1,49]
g1005(479,477,121)@[21,40]
g1005(429,58,780)@[27,48]
g1005(769,341,663)@[7,47]
g1005(730,78,249)@[30,32]
g1005(342,425,488)@[8,21]
g1005(422,108,514)@[4,8]
g1005(291,8,373)@[18,48]
g1005(431,894,656)@[12,15]
g1004@[41,42]
g1005(719,69,580)@[23,41]
g1005(194,538,507)@[22,46]
g1005(223,450,530)@[28,36]
g1006(56,843,40,526)@[20,21]
g1004@[6,49]
g1006(900,611,420,60)@[23,47]
g1005(744,777,388)@[4,23]
g1005(847,71,351)@[14,38]
g1006(378,31,704,64)@[22,32]
g1004@[3,42]
g1004@[13,43]
g1005(33,93,512)@[10,37]
g1006(253,7,619,668)@[14,36]
g1005(854,387,33)@[13,42]
g1005(883,385,814)@[4,10]
g1004@[0,44]
g1005(425,657,352)@[26,33]
g1004@[5,33]
g1005(320,279,373)@[20,47]
g1005(265,6,824)@[5,30]
g1004@[4,47]
g1004@[12,38]
g1005(163,128,705)@[42,49]
g1005(558,156,101)@[30,40]
g1004@[31,34]
g1005(679,543,660)@[1,36]
g1004@[14,43]
g1005(54,332,823)@[6,34]
g1005(435,491,149)@[45,46]
g1005(863,508,422)@[10,14]
g1005(726,309,663)@[37,44]
g1005(424,199,726)@[4,8]
g1005(776,528,426)@[12,45]
g1004@[19,25]
g1004@[41,47]
g1004@[8,45]
g1005(412,237,677)@[9,36]
g1005(665,221,909)@[1,31]
g1005(11,288,365)@[9,46]
g1005(506,571,176)@[21,28]
g1005(498,102,579)@[4,43]
g1005(732,417,362)@[23,24]
g1005(681,105,502)@[7,11]
g1005(662,334,180)@[15,35]
g1004@[16,31]
g1005(89,376,69)@[10,28]
g1005(820,378,655)@[27,37]
g1005(476,397,104)@[0,34]
g1004@[36,48]
g1005(69,914,648)@[10,43]
g1005(174,633,31)@[8,26]
g1006(11,754,904,622)@[10,43]
g1004@[4,40]
g1005(485,662,473)@[10,29]
g1004@[20,30]
g1005(566,253,544)@[8,34]
g1005(564,611,528)@[33,41]
g1004@[19,25]
g1004@[14,41]
g1005(493,398,471)@[31,37]
g1005(165,860,728)@[20,29]
g1004@[7,46]
g1004@[21,30]
g1006(386,515,765,769)@[21,29]
g1005(182,540,769)@[14,49]
g1006(518,366,747,900)@[24,49]
g1004@[3,16]
g1004@[19,23]
g1005(48,215,199)@[24,39]
g1005(188,696,200)@[10,29]
g1005(107,431,693)@[20,48]
g1005(54,899,18)@[31,41]
g1005(908,244,450)@[24,26]
g1005(845,862,503)@[22,26]
g1004@[8,46]
g1005(188,228,669)@[16,20]
g1004@[35,40]
g1005(264,900,46)@[24,32]
g1005(79,605,77)@[37,43]
g1005(81,309,825)@[33,42]
g1004@[3,8]
g1005(902,331,109)@[3,22]
g1004@[27,48]
g1005(416,735,857)@[16,26]
g1004@[34,39]
g1005(770,347,783)@[5,24]
g1005(817,810,728)@[15,18]
g1005(516,168,657)@[1,38]
g1005(457,279,147)@[13,49]
g1004@[15,30]
g1005(454,348,68)@[18,48]
g1005(507,3,685)@[24,28]
g1004@[4,11]
g1004@[17,25]
g1005(47,821,251)@[3,48]
g1005(640,654,364)@[43,49]
g1004@[17,38]
g1004@[1,6]
g1004@[4,40]
g1005(237,594,657)@[29,31]
g1005(535,843,117)@[13,40]
g1004@[38,39]
g1005(655,514,821)@[20,23]
g1004@[41,42]
g1004@[15,20]
g1004@[6,48]
g1006(384,864,281,605)@[17,36]
g1005(510,456,701)@[3,18]
g1005(234,23,378)@[7,33]
g1005(856,326,714)@[3,14]
g1005(463,466,490)@[4,45]
g1005(583,504,289)@[40,46]
g1005(532,409,851)@[28,43]
g1005(15,537,568)@[33,40]
g1004@[37,46]
g1004@[10,29]
g1005(592,9,223)@[27,38]
g1005(322,714,155)@[21,32]
g1006(174,457,603,582)@[7,16]
g1004@[35,48]
g1005(279,826,686)@[21,36]
g1005(655,836,775)@[24,32]
g1004@[17,30]
g1004@[12,22]
g1005(60,784,693)@[4,22]
g1004@[5,45]
g1004@[26,33]
g1006(34,871,309,723)@[13,39]
g1005(883,253,604)@[1,49]
g1004@[32,47]
g1005(160,619,667)@[12,46]
g1004@[2,24]
g1004@[15,46]
g1005(672,697,209)@[2,3]
g1005(20,86,640)@[37,49]
g1004@[2,42]
g1005(420,159,870)@[17,23]
g1005(409,419,70)@[17,49]
g1004@[9,23]
g1005(128,851,299)@[5,36]
g1005(139,193,510)@[10,13]
g1006(494,498,914,197)@[30,48]
g1005(424,549,251)@[9,49]
g1004@[4,42]
g1006(480,171,851,646)@[11,37]
g1005(673,819,755)@[9,31]
g1006(160,202,686,270)@[37,46]
g1004@[27,30]
g1004@[21,23]
g1006(47,459,720,768)@[14,30]
g1005(313,391,518)@[17,34]
g1005(783,460,39)@[26,38]
g1005(767,198,190)@[26,40]
g1004@[23,29]
g1004@[31,49]
g1005(590,162,206)@[13,49]
g1004@[15,29]
g1006(681,672,231,152)@[4,33]
g1005(782,136,400)@[11,22]
g1005(756,886,881)@[5,35]
g1004@[12,33]
g1005(656,447,174)@[15,25]
g1005(837,717,874)@[14,31]
g1005(310,679,372)@[4,17]
g1004@[27,44]
g1006(814,32,181,843)@[15,43]
g1005(30,346,149)@[12,39]
g1006(60,66,280,697)@[9,12]
g1005(260,806,906)@[5,22]
g1005(85,23,214)@[3,35]
g1005(49,632,414)@[23,39]
g1005(666,698,714)@[8,31]
g1005(198,383,115)@[14,17]
g1004@[14,31]
g1006(459,74,717,606)@[13,44]
g1006(708,707,850,510)@[33,38]
g1004@[18,25]
g1005(84,11,308)@[32,44]
g1005(662,833,805)@[20,48]
g1005(509,575,776)@[25,29]
g1006(396,708,745,146)@[20,25]
g1005(773,907,52)@[33,35]
g1005(367,109,670)@[32,44]
g1005(847,186,435)@[22,44]
g1005(506,736,14)@[4,49]
g1005(711,11,164)@[8,15]
g1005(71,674,750)@[3,37]
g1004@[17,18]
g1006(287,516,469,524)@[6,49]
g1005(408,759,608)@[1,35]
g1005(742,205,696)@[17,18]
g1006(409,106,554,596)@[22,48]
g1004@[6,25]
g1005(7,806,360)@[3,29]
g1006(539,134,375,861)@[37,48]
g1005(443,799,774)@[2,10]
g1005(872,484,835)@[14,45]
g1005(74,85,535)@[7,16]
g1005(543,384,567)@[5,23]
g1005(391,715,392)@[30,45]
g1005(324,635,557)@[27,45]
g1005(831,45,35)@[28,35]
g1005(576,566,440)@[0,5]
g1005(834,908,570)@[37,42]
g1005(691,22,566)@[8,43]
g1005(364,647,588)@[19,25]
g1006(671,293,804,372)@[9,21]
g1006(369,699,794,326)@[38,43]
g1005(730,401,4)@[3,34]
g1005(135,144,294)@[2,12]
g1005(737,405,529)@[16,20]
g1005(889,528,793)@[33,38]
g1004@[11,35]
g1005(287,543,127)@[7,35]
g1006(433,774,336,232)@[12,30]
g1005(776,145,146)@[29,42]
g1005(529,786,562)@[25,36]
g1004@[12,27]
g1004@[31,43]
g1005(476,657,224)@[6,25]
g1005(905,218,804)@[10,15]
g1005(320,324,517)@[17,31]
g1005(848,274,907)@[2,31]
g1006(675,437,264,758)@[11,15]
g1004@[13,44]
g1005(777,252,352)@[20,45]
g1005(516,9,187)@[5,25]
g1005(773,149,164)@[9,36]
g1004@[14,25]
g1005(95,517,275)@[15,32]
g1005(173,436,812)@[24,38]
g1005(290,557,86)@[13,41]
g1006(340,257,850,506)@[22,41]
g1005(358,338,797)@[13,45]
g1005(587,669,809)@[10,49]
g1005(312,143,540)@[15,43]
g1004@[13,48]
g1005(799,758,185)@[12,43]
g1005(348,794,287)@[1,36]
g1006(910,801,855,525)@[14,23]
g1004@[6,33]
g1005(633,773,317)@[2,21]
g1004@[4,29]
g1005(822,625,784)@[46,49]
g1005(148,265,832)@[19,41]
g1004@[4,39]
g1004@[4,7]
g1005(647,3,115)@[39,48]
g1005(161,697,94)@[12,26]
g1004@[22,37]
g1004@[22,34]
g1005(771,892,847)@[39,40]
g1005(749,172,210)@[28,33]
g1006(648,131,467,358)@[1,17]
g1004@[8,22]
g1004@[5,39]
g1004@[0,33]
g1004@[39,47]
g1006(451,630,671,161)@[28,42]
g1004@[25,44]
g1006(482,403,1,635)@[4,12]
g1006(128,244,416,772)@[32,44]
g1005(862,412,381)@[26,37]
g1004@[8,40]
g1005(299,745,915)@[34,40]
g1006(107,823,498,915)@[6,41]
g1004@[0,38]
g1006(490,751,380,908)@[5,49]
g1005(798,47,78)@[14,20]
g1005(233,569,893)@[13,33]
g1005(119,896,147)@[6,21]
g1005(39,62,16)@[35,46]
g1004@[15,44]
g1005(140,227,855)@[13,27]
g1006(465,688,827,216)@[33,40]
g1005(63,64,562)@[3,12]
g1006(325,865,465,166)@[0,16]
g1005(794,581,759)@[7,13]
g1005(592,429,360)@[5,18]
g1005(38,797,486)@[1,43]
g1005(143,477,38)@[5,6]
g1006(299,527,451,218)@[32,38]
g1006(186,736,423,418)@[16,21]
g1004@[31,41]
g1005(740,487,42)@[17,27]
g1005(115,33,645)@[0,34]
g1005(344,528,546)@[14,32]
g1005(637,756,519)@[1,18]
g1004@[36,37]
g1005(773,775,297)@[10,23]
g1004@[2,33]
g1006(189,571,837,412)@[7,28]
g1005(371,132,196)@[7,17]
g1004@[1,29]
g1006(75,22,570,518)@[18,32]
g1005(663,445,570)@[39,49]
g1005(527,572,282)@[13,42]
g1005(110,346,773)@[3,27]
g1006(46,427,60,341)@[31,44]
g1004@[25,35]
g1005(250,418,368)@[31,44]
g1005(369,711,668)@[6,43]
g1005(668,237,862)@[21,33]
g1005(337,863,771)@[5,13]
g1005(67,408,309)@[5,17]
g1005(531,569,745)@[30,31]
g1005(275,164,250)@[28,38]
g1004@[15,18]
g1004@[9,15]
g1005(847,88,22)@[3,32]
g1004@[3,43]
g1005(639,656,120)@[32,39]
g1004@[4,30]
g1005(142,699,508)@[9,42]
g1005(84,688,319)@[32,46]
g1006(91,291,8,702)@[21,41]
g1004@[20,49]
g1004@[24,45]
g1006(279,801,590,346)@[1,2]
g1004@[45,47]
g1005(250,619,443)@[11,22]
g1004@[0,30]
g1005(100,524,897)@[28,30]
g1005(826,689,846)@[15,25]
g1004@[21,30]
g1004@[11,18]
g1004@[34,45]
g1006(408,694,323,715)@[6,27]
g1005(447,524,366)@[3,43]
g1005(378,906,291)@[30,36]
g1005(615,511,527)@[26,45]
g1005(195,13,473)@[21,42]
g1004@[10,49]
g1004@[31,32]
g1005(829,270,708)@[26,29]
g1005(337,112,523)@[28,32]
g1005(451,512,759)@[7,18]
g1005(204,65,826)@[34,43]
g1005(861,914,360)@[20,37]
g1005(865,529,822)@[7,19]
g1004@[4,22]
g1005(801,809,276)@[11,15]
g1004@[29,40]
g1005(570,634,60)@[3,38]
g1005(775,734,236)@[15,17]
g1005(582,331,708)@[28,42]
g1006(280,896,692,412)@[5,38]
g1004@[10,11]
g1005(52,320,788)@[11,13]
g1005(801,637,730)@[21,30]
g1004@[45,46]
g1004@[10,23]
g1005(501,884,58)@[2,45]
g1004@[12,43]
g1005(106,255,430)@[5,42]
g1006(154,261,501,87)@[10,36]
g1005(318,478,339)@[19,29]
g1005(737,129,591)@[12,33]
g1006(9,754,879,618)@[14,45]
g1005(663,608,565)@[27,37]
g1005(169,229,832)@[4,32]
g1005(39,168,22)@[3,48]
g1005(767,145,231)@[10,40]
g1004@[0,39]
g1004@[34,45]
g1005(694,687,757)@[20,31]
g1005(609,5,542)@[17,26]
g1005(51,642,793)@[27,38]
g1005(798,250,588)@[10,42]
g1005(430,705,355)@[1,19]
g1004@[7,43]
g1005(183,861,37)@[3,28]
g1004@[16,22]
g1005(884,825,263)@[3,32]
g1004@[9,33]
g1005(114,59,469)@[10,42]
g1005(228,434,696)@[7,15]
g1005(575,190,357)@[22,38]
g1005(12,775,259)@[8,14]
g1004@[2,45]
g1005(712,455,485)@[1,17]
g1006(89,349,824,821)@[10,47]
g1004@[3,4]
g1005(841,849,7)@[4,25]
g1005(571,311,506)@[12,34]
g1004@[6,14]
g1004@[29,30]
g1004@[30,48]
g1006(280,906,871,548)@[3,8]
g1005(96,277,747)@[8,42]
g1005(254,774,169)@[5,8]
g1005(169,817,619)@[2,16]
g1004@[8,31]
g1005(835,60,89)@[16,49]
g1006(822,419,387,185)@[44,49]
g1005(202,232,797)@[6,39]
g1004@[17,29]
g1005(126,68,280)@[16,34]
g1004@[2,30]
g1004@[33,42]
g1005(41,257,317)@[21,46]
g1005(444,517,347)@[9,24]
g1006(873,457,38,769)@[24,35]
g1004@[31,46]
g1005(341,476,533)@[5,37]
g1005(302,137,702)@[0,30]
g1005(538,440,301)@[0,12]
g1005(899,159,605)@[13,20]
g1005(172,387,648)@[3,19]
g1004@[34,38]
g1005(320,156,360)@[26,40]
g1005(477,736,65)@[8,40]
g1005(247,743,705)@[16,47]
g1004@[24,39]
g1006(607,689,831,247)@[13,24]
g1005(201,344,637)@[13,37]
g1005(84,576,459)@[15,29]
g1005(286,617,532)@[9,16]
g1005(491,412,582)@[15,32]
g1005(22,624,905)@[4,48]
g1004@[3,28]
g1005(348,793,430)@[27,43]
g1005(857,151,869)@[38,43]
g1005(875,106,601)@[11,31]
g1006(657,758,826,262)@[24,33]
g1004@[31,34]
g1004@[29,42]
g1005(64,83,914)@[15,41]
g1004@[3,33]
g1005(849,190,903)@[10,43]
g1005(647,725,328)@[26,38]
g1005(709,395,134)@[16,39]
g1005(648,362,828)@[21,35]
g1005(690,440,206)@[12,30]
g1005(113,74,132)@[9,47]
g1005(227,306,408)@[28,38]
g1006(200,80,44,622)@[38,49]
g1004@[12,40]
g1006(898,25,567,13)@[0,2]
g1005(689,37,908)@[12,35]
g1004@[25,32]
g1005(278,365,369)@[10,27]
g1005(625,879,703)@[20,34]
g1005(35,631,890)@[3,33]
g1006(335,425,542,180)@[0,1]
g1005(356,584,392)@[27,36]
g1005(655,729,396)@[13,36]
g1005(510,227,514)@[32,33]
g1005(81,617,6)@[6,22]
g1004@[20,48]
g1005(296,858,574)@[25,27]
g1005(114,284,529)@[14,15]
g1004@[3,11]
g1005(189,523,664)@[44,46]
g1005(411,886,658)@[16,21]
g1005(187,468,754)@[26,39]
g1005(288,546,789)@[1,35]
g1005(877,135,748)@[33,40]
g1004@[16,33]
g1005(905,389,512)@[16,17]
g1004@[30,35]
g1004@[21,23]
g1005(363,413,633)@[7,13]
g1004@[21,24]
g1005(671,582,354)@[24,35]
g1005(480,386,111)@[7,39]
g1005(402,862,38)@[37,45]
g1005(356,126,872)@[4,33]
g1004@[3,30]
g1006(142,771,404,207)@[18,29]
g1005(415,349,27)@[1,43]
g1004@[6,23]
g1004@[9,21]
g1004@[12,40]
g1006(117,218,736,795)@[23,30]
g1004@[10,38]
g1005(601,905,562)@[17,49]
g1004@[28,31]
g1005(494,368,763)@[3,12]
g1005(151,520,348)@[14,33]
g1004@[37,44]
g1005(331,870,511)@[16,23]
g1006(34,625,904,88)@[8,36]
g1005(468,511,681)@[20,22]
g1004@[31,45]
g1005(191,874,897)@[9,44]
g1005(560,656,613)@[2,40]
g1005(151,787,547)@[34,36]
g1005(127,397,885)@[23,40]
g1005(37,123,213)@[2,23]
g1006(258,715,21,810)@[28,32]
g1005(219,447,3)@[21,44]
g1004@[9,46]
g1005(848,227,679)@[22,44]
g1004@[36,48]
g1004@[18,26]
g1005(762,75,398)@[28,40]
g1004@[7,22]
g1005(663,891,358)@[8,37]
g1004@[6,11]
g1006(577,137,302,272)@[43,47]
g1005(333,635,454)@[31,49]
g1005(308,477,48)@[22,27]
g1004@[17,47]
g1004@[7,21]
g1005(676,405,188)@[2,47]
g1005(761,481,494)@[26,43]
g1005(669,170,427)@[12,19]
g1005(696,408,568)@[26,38]
g1005(369,892,879)@[7,49]
g1006(670,389,770,22)@[18,22]
g1005(666,308,255)@[25,32]
g1005(674,652,511)@[24,31]
g1005(610,630,375)@[5,8]
g1004@[32,48]
g1004@[10,46]
g1005(556,153,487)@[7,14]
g1005(880,679,126)@[28,42]
g1005(325,303,492)@[13,36]
g1005(744,90,346)@[33,36]
g1005(451,760,884)@[15,26]
g1005(435,521,225)@[26,28]
g1004@[3,19]
g1004@[17,44]
g1005(859,206,540)@[23,39]
g1005(449,608,72)@[17,28]
g1005(376,172,335)@[16,29]
g1005(592,162,463)@[13,42]
g1005(603,346,710)@[17,22]
g1005(437,89,26)@[4,32]
g1004@[30,48]
g1005(129,473,510)@[1,49]
g1004@[14,27]
g1006(194,887,542,463)@[19,22]
g1004@[27,37]
g1004@[7,18]
g1004@[23,35]
g1005(19,331,59)@[4,13]
g1005(723,605,750)@[14,29]
g1005(841,287,488)@[11,47]
g1004@[12,27]
g1005(386,570,282)@[9,14]
g1005(786,626,744)@[7,12]
g1004@[24,39]
g1005(172,168,90)@[15,40]
g1005(85,75,815)@[18,44]
g1005(141,867,76)@[10,16]
g1004@[3,27]
g1006(59,67,628,900)@[37,46]
g1005(196,751,240)@[2,15]
g1005(689,324,724)@[2,6]
g1005(386,175,308)@[17,21]
g1005(576,889,410)@[1,7]
g1005(206,194,563)@[36,38]
g1005(482,209,717)@[6,36]
g1005(521,386,125)@[30,43]
g1005(720,483,873)@[26,27]
g1005(81,218,562)@[36,43]
g1005(202,89,881)@[0,37]
g1005(101,909,436)@[3,4]
g1004@[28,45]
g1005(219,52,543)@[16,37]
g1005(95,839,248)@[11,48]
g1005(202,92,439)@[29,34]
g1005(836,54,228)@[25,38]
g1004@[8,25]
g1004@[13,19]
g1005(507,378,619)@[14,28]
g1005(95,401,361)@[14,17]
g1005(918,913,804)@[5,8]
g1005(786,870,338)@[19,37]
g1004@[5,47]
g1005(424,517,770)@[8,46]
g1005(412,911,9)@[8,47]
g1004@[19,39]
g1005(233,555,401)@[10,40]
g1004@[14,43]
g1004@[14,21]
g1005(836,688,818)@[21,39]
g1006(210,491,148,633)@[3,31]
g1005(471,75,510)@[11,35]
g1005(466,533,910)@[12,30]
g1004@[42,49]
g1005(214,145,58)@[41,42]
g1005(397,232,722)@[23,41]
g1005(524,499,714)@[14,44]
g1006(683,396,826,644)@[37,49]
g1005(124,154,653)@[28,48]
g1006(671,484,481,530)@[8,19]
g1005(872,403,884)@[44,45]
g1005(665,533,209)@[0,20]
g1005(759,306,427)@[25,45]
g1004@[8,34]
g1004@[29,35]
g1004@[43,44]
g1004@[19,29]
g1005(515,94,742)@[18,38]
g1006(628,568,746,790)@[9,31]
g1005(284,698,773)@[10,13]
g1005(824,616,774)@[15,30]
g1005(837,438,450)@[10,16]
g1006(503,205,438,103)@[10,46]
g1005(624,856,257)@[6,39]
g1005(8,882,651)@[0,31]
g1004@[20,45]
g1005(855,78,896)@[3,49]
g1006(327,59,19,331)@[9,44]
g1004@[18,41]
g1004@[23,41]
g1005(659,71,36)@[42,43]
g1004@[2,19]
g1004@[10,32]
g1005(798,35,588)@[23,49]
g1005(544,742,361)@[1,19]
g1004@[1,28]
g1006(536,617,841,683)@[0,33]
g1005(754,809,795)@[0,47]
g1005(250,30,392)@[6,32]
g1005(460,391,151)@[12,46]
g1006(273,903,101,148)@[31,35]
g1004@[33,47]
g1005(382,289,594)@[40,43]
g1004@[2,14]
g1004@[18,31]
g1006(698,878,815,294)@[18,27]
g1005(404,211,81)@[1,21]
g1006(716,183,206,433)@[3,28]
g1004@[35,49]
g1004@[6,41]
g1005(628,672,220)@[31,32]
g1005(482,100,65)@[20,30]
g1005(198,105,500)@[15,39]
g1005(290,408,879)@[33,36]
g1005(305,273,661)@[7,12]
g1005(51,468,8)@[14,49]
g1006(194,126,113,886)@[20,41]
g1006(576,484,467,699)@[1,46]
g1004@[4,11]
g1005(806,79,864)@[7,38]
g1005(829,126,70)@[12,18]
g1006(794,241,25,776)@[8,38]
g1005(700,451,36)@[18,42]
g1004@[21,33]
g1006(213,157,820,631)@[11,13]
g1004@[0,11]
g1004@[4,49]
g1005(575,41,269)@[11,32]
g1005(893,271,473)@[29,36]
g1004@[28,33]
g1005(233,750,329)@[25,27]
g1006(694,305,225,701)@[14,22]
g1004@[16,35]
g1005(273,657,831)@[4,23]
g1005(228,188,730)@[10,42]
g1005(899,230,527)@[26,43]
g1005(319,695,264)@[2,48]
g1004@[8,40]
g1004@[24,43]
g1005(70,616,256)@[19,32]
g1005(289,742,808)@[3,18]
g1005(194,499,490)@[1,23]
g1004@[4,5]
g1005(172,122,563)@[2,47]
g1005(173,5,739)@[17,30]
g1005(658,471,561)@[13,20]
g1005(408,350,262)@[1,42]
g1005(192,158,603)@[14,39]
g1006(63,347,315,457)@[15,16]
g1005(803,800,919)@[17,32]
g1004@[14,24]
g1005(702,806,715)@[27,34]
g1005(890,874,822)@[3,39]
g1005(294,546,416)@[17,27]
g1005(728,201,416)@[6,37]
g1004@[12,43]
g1005(170,100,15)@[16,23]
g1005(189,355,674)@[19,22]
g1004@[1,28]
g1004@[11,20]
g1006(576,81,247,539)@[27,30]
g1005(317,380,471)@[6,26]
g1005(97,916,347)@[20,37]
g1005(325,515,269)@[27,49]
g1005(65,883,886)@[6,11]
g1005(230,858,842)@[19,23]
g1005(47,154,506)@[2,31]
g1004@[4,37]
g1006(655,759,518,17)@[23,29]
g1005(126,77,266)@[15,30]
g1006(175,504,867,9)@[1,18]
g1005(862,448,865)@[3,48]
g1005(347,95,858)@[24,36]
g1005(415,363,531)@[7,13]
g1004@[11,36]
g1005(748,42,376)@[29,30]
g1004@[29,42]
g1005(457,530,536)@[22,42]
g1006(31,842,916,589)@[8,48]
g1004@[7,13]
g1005(793,600,448)@[24,43]
g1004@[17,36]
g1006(363,699,197,665)@[12,33]
g1005(824,99,788)@[10,36]
g1005(415,213,619)@[7,25]
g1005(875,669,111)@[1,5]
g1005(229,795,27)@[20,41]
g1006(146,561,863,86)@[25,34]
g1005(688,382,145)@[36,46]
g1005(727,383,508)@[8,18]
g1005(882,86,17)@[40,44]
g1005(281,606,374)@[0,17]
g1005(650,55,48)@[46,48]
g1004@[23,31]
g1005(277,45,831)@[12,45]
g1005(483,117,734)@[13,32]
g1005(798,244,255)@[2,40]
g1005(496,466,283)@[4,32]
g1005(17,307,540)@[6,18]
g1004@[18,39]
g1004@[29,49]
g1005(883,611,719)@[4,31]
g1004@[38,48]
g1005(226,917,375)@[4,45]
g1005(811,509,359)@[8,27]
g1004@[23,47]
g1005(11,463,129)@[29,46]
g1004@[11,25]
g1005(158,437,545)@[12,14]
g1005(866,604,880)@[14,24]
g1004@[4,5]
g1005(390,346,313)@[15,26]
g1004@[34,44]
g1004@[32,48]
g1004@[22,45]
g1006(533,853,615,733)@[27,41]
g1005(876,88,400)@[17,35]
g1005(308,369,269)@[37,41]
g1005(430,290,509)@[15,44]
g1005(861,28,665)@[19,38]
g1006(115,3,219,447)@[14,25]
g1005(600,363,577)@[6,16]
g1005(266,109,750)@[16,38]
g1005(212,137,148)@[3,10]
g1005(416,816,454)@[27,37]
g1005(603,768,638)@[6,45]
g1005(386,352,500)@[29,31]
g1006(761,20,880,732)@[24,34]
g1004@[17,49]
g1004@[1,4]
g1004@[25,43]
g1004@[46,48]
g1005(354,586,639)@[32,39]
g1005(186,631,745)@[24,49]
g1005(8,363,282)@[22,27]
g1004@[10,24]
g1005(625,534,370)@[24,45]
g1005(528,855,705)@[5,36]
g1004@[41,43]
g1005(804,762,165)@[0,11]
g1005(607,167,198)@[15,33]
g1006(461,217,333,832)@[16,48]
g1005(429,768,135)@[5,20]
g1005(437,838,259)@[41,47]
g1004@[0,10]
g1005(646,748,116)@[4,39]
g1005(438,165,881)@[9,30]
g1004@[32,41]
g1004@[7,16]
g1004@[11,28]
g1005(248,175,13)@[43,45]
g1005(227,103,63)@[25,36]
g1004@[0,8]
g1006(626,179,792,641)@[21,38]
g1006(383,462,126,493)@[20,27]
g1005(205,360,526)@[18,19]
g1005(416,197,453)@[11,34]
g1006(614,185,707,380)@[30,46]
g1005(14,750,353)@[7,47]
g1005(692,672,75)@[7,38]
g1006(260,786,58,116)@[37,49]
g1005(360,426,196)@[4,39]
g1005(279,842,535)@[18,25]
g1005(132,283,402)@[9,43]
g1004@[19,33]
g1005(577,420,259)@[27,32]
g1004@[8,45]
g1004@[9,38]
g1005(513,447,411)@[5,20]
g1005(636,725,767)@[14,30]
g1005(405,756,430)@[11,18]
g1005(116,593,480)@[14,25]
g1005(722,129,417)@[17,21]
g1004@[25,37]
g1004@[8,20]
g1004@[12,34]
g1005(441,450,885)@[23,34]
g1005(355,623,219)@[1,26]
g1004@[36,47]
g1004@[0,22]
g1004@[28,35]
g1004@[4,36]
g1004@[16,46]
g1005(376,199,655)@[26,45]
g1004@[19,49]
g1004@[9,48]
g1005(308,307,606)@[12,41]
g1004@[18,47]
g1004@[33,39]
g1005(483,149,520)@[11,24]
g1006(346,4,361,169)@[15,36]
g1004@[1,39]
g1006(64,537,662,497)@[13,29]
g1005(788,605,592)@[6,8]
g1005(168,903,802)@[9,46]
g1005(564,673,205)@[4,8]
g1005(477,569,352)@[26,43]
g1005(135,332,93)@[18,33]
g1004@[0,46]
g1004@[34,40]
g1004@[23,25]
g1005(691,383,580)@[0,33]
g1006(586,743,457,212)@[29,49]
g1005(86,830,326)@[11,24]
g1005(151,69,743)@[2,5]
g1005(831,751,461)@[7,36]
g1005(156,17,877)@[14,15]
g1004@[3,36]
g1005(87,124,540)@[42,45]
g1005(809,874,751)@[11,33]
g1004@[18,24]
g1005(878,509,635)@[43,45]
g1005(108,57,812)@[18,19]
g1005(185,145,47)@[5,44]
g1005(185,334,619)@[17,25]
g1006(318,91,614,766)@[25,37]
g1005(501,826,481)@[11,40]
g1005(107,549,778)@[14,29]
g1006(886,884,594,498)@[37,47]
g1004@[2,14]
g1004@[25,39]
g1006(344,575,798,753)@[22,33]
g1005(327,535,893)@[6,49]
g1004@[25,36]
g1005(493,664,344)@[1,30]
g1005(94,391,879)@[18,46]
g1005(61,838,106)@[21,43]
g1005(704,829,245)@[6,14]
g1006(674,750,786,776)@[14,27]
g1004@[23,32]
g1005(347,774,650)@[22,35]
g1005(247,17,711)@[17,24]
g1004@[8,25]
g1005(417,222,899)@[25,34]
g1005(312,11,131)@[2,15]
g1005(406,869,558)@[30,41]
g1004@[9,18]
g1005(849,627,454)@[33,48]
g1005(489,198,623)@[0,20]
g1005(696,771,336)@[35,47]
g1005(121,378,659)@[8,37]
g1005(606,634,815)@[6,15]
g1004@[12,30]
g1004@[9,39]
g1004@[6,44]
g1005(283,652,38)@[8,47]
g1005(704,722,822)@[12,17]
g1005(806,337,917)@[28,40]
g1005(344,642,796)@[42,44]
g1005(544,225,840)@[28,47]
g1005(129,766,583)@[19,43]
