g1768(334,170,188)@[34,35]
g1769@[12,31]
g1768(662,616,177)@[0,26]
g1769@[19,27]
g1769@[12,30]
g1769@[3,44]
g1768(414,558,58)@[0,5]
g1768(243,507,434)@[21,42]
g1769@[15,30]
g1768(566,710,486)@[6,10]
g1769@[2,47]
g1769@[0,39]
g1768(834,133,312)@[39,48]
g1768(367,765,423)@[13,35]
g1769@[29,33]
g1769@[16,39]
g1768(234,14,819)@[11,30]
g1768(466,294,399)@[36,42]
g1768(295,440,628)@[0,2]
g1768(38,141,374)@[2,48]
g1768(312,870,220)@[5,31]
g1769@[11,18]
g1769@[12,21]
g1769@[27,37]
g1769@[16,44]
g1768(73,134,669)@[4,39]
g1769@[4,14]
g1768(129,323,676)@[26,32]
g1769@[15,26]
g1768(806,440,234)@[13,39]
g1769@[2,9]
g1769@[26,47]
g1768(870,441,814)@[9,20]
g1769@[10,29]
g1768(785,376,495)@[24,39]
g1768(377,908,500)@[23,39]
g1768(184,873,347)@[7,31]
g1769@[20,29]
g1768(326,236,415)@[14,34]
g1768(61,115,535)@[24,40]
g1768(546,449,403)@[5,46]
g1768(134,583,613)@[22,38]
g1769@[0,38]
g1769@[2,18]
g1769@[9,28]
g1768(197,244,816)@[17,27]
g1769@[25,42]
g1768(822,392,13)@[0,48]
g1769@[11,45]
g1768(658,99,523)@[4,15]
g1768(549,129,411)@[21,34]
g1769@[4,45]
g1768(97,707,630)@[9,25]
g1768(882,463,264)@[19,36]
g1769@[20,33]
g1768(167,773,119)@[14,23]
g1768(891,656,133)@[17,47]
g1768(180,406,661)@[9,21]
g1768(849,202,189)@[32,38]
g1768(129,562,729)@[20,49]
g1769@[2,32]
g1769@[44,49]
g1768(714,858,569)@[12,30]
g1769@[7,27]
g1768(139,889,419)@[0,40]
g1768(540,605,474)@[29,35]
g1768(909,170,352)@[5,8]
g1769@[2,11]
g1769@[1,27]
g1768(793,673,528)@[24,45]
g1769@[37,46]
g1768(646,725,24)@[7,41]
g1768(708,681,678)@[27,39]
g1768(812,471,572)@[32,43]
g1768(882,116,695)@[18,37]
g1769@[39,48]
g1768(46,123,54)@[1,14]
g1768(376,664,120)@[5,7]
g1768(40,509,735)@[38,42]
g1768(713,779,812)@[19,41]
g1769@[1,29]
g1768(596,725,260)@[10,30]
g1769@[34,45]
g1768(786,105,767)@[13,44]
g1768(324,324,690)@[0,7]
g1768(424,294,151)@[21,29]
g1769@[32,37]
g1769@[3,13]
g1768(520,333,148)@[23,46]
g1769@[15,48]
g1769@[36,39]
g1768(577,2,297)@[0,49]
g1769@[24,46]
g1768(3,209,182)@[3,24]
g1768(515,601,46)@[5,47]
g1769@[23,35]
g1768(578,384,27)@[4,45]
g1769@[20,30]
g1769@[12,14]
g1769@[34,48]
g1769@[9,36]
g1768(219,669,52)@[27,42]
g1768(646,174,239)@[41,45]
g1769@[29,46]
g1769@[6,45]
g1768(577,180,463)@[5,8]
g1769@[3,16]
g1769@[0,25]
g1768(365,816,492)@[27,29]
g1768(660,458,852)@[11,15]
g1769@[14,35]
g1768(753,663,273)@[27,32]
g1768(563,776,411)@[1,13]
g1768(41,504,306)@[36,44]
g1768(313,176,195)@[18,48]
g1768(528,176,50)@[24,25]
g1768(430,640,708)@[19,28]
g1768(650,874,673)@[13,19]
g1768(119,734,510)@[1,30]
g1768(523,471,235)@[10,35]
g1769@[24,25]
g1769@[33,36]
g1768(300,471,206)@[23,28]
g1768(243,7,342)@[41,45]
g1769@[17,47]
g1768(498,695,130)@[13,38]
g1769@[9,36]
g1768(606,666,278)@[13,46]
g1768(846,778,174)@[6,10]
g1769@[9,48]
g1768(490,235,901)@[8,42]
g1768(634,392,544)@[1,13]
g1769@[19,35]
g1769@[1,21]
g1768(215,737,266)@[0,40]
g1768(308,129,642)@[1,4]
g1768(726,644,735)@[13,44]
g1769@[16,48]
g1768(684,125,846)@[6,11]
g1769@[23,43]
g1769@[2,21]
g1768(25,650,646)@[39,46]
g1768(379,364,210)@[5,41]
g1768(346,215,616)@[7,36]
g1768(350,548,891)@[15,37]
g1768(787,725,856)@[20,28]
g1768(461,298,916)@[5,47]
g1769@[2,12]
g1768(358,287,348)@[12,21]
g1768(327,356,887)@[33,41]
g1769@[6,43]
g1769@[7,28]
g1769@[43,49]
g1769@[7,13]
g1768(302,173,730)@[0,12]
g1768(191,514,508)@[11,40]
g1769@[25,26]
g1768(831,546,787)@[0,20]
g1768(512,639,526)@[25,33]
g1769@[5,14]
g1769@[8,19]
g1769@[10,18]
g1768(673,6,908)@[0,44]
g1769@[17,37]
g1769@[31,40]
g1769@[1,19]
g1768(108,526,250)@[31,37]
g1768(813,85,646)@[3,25]
g1769@[17,18]
g1769@[8,12]
g1768(891,853,736)@[18,47]
g1768(336,707,860)@[24,28]
g1769@[17,39]
g1768(59,379,246)@[7,36]
g1768(189,686,701)@[23,48]
g1769@[9,44]
g1768(791,266,429)@[20,41]
g1768(896,725,466)@[8,24]
g1769@[12,28]
g1769@[24,34]
g1768(353,528,653)@[6,12]
g1768(613,684,436)@[15,46]
g1769@[38,49]
g1769@[1,6]
g1768(774,847,546)@[11,13]
g1769@[12,22]
g1768(755,392,334)@[44,48]
g1768(634,797,397)@[40,45]
g1768(425,889,818)@[21,47]
g1768(30,629,399)@[7,15]
g1768(359,49,313)@[24,27]
g1768(678,618,543)@[5,34]
g1768(831,866,180)@[9,43]
g1769@[23,25]
g1768(910,291,871)@[8,46]
g1768(248,211,357)@[12,35]
g1768(414,238,338)@[10,17]
g1768(131,154,836)@[5,42]
g1769@[14,41]
g1769@[2,31]
g1769@[14,28]
g1768(256,1,268)@[17,21]
g1769@[6,49]
g1768(300,83,918)@[14,37]
g1769@[5,23]
g1769@[7,43]
g1769@[25,45]
g1769@[4,46]
g1768(788,356,698)@[28,46]
g1768(478,244,614)@[11,38]
g1768(20,215,747)@[40,41]
g1768(255,250,44)@[2,11]
g1769@[13,34]
g1768(563,758,678)@[14,22]
g1768(261,899,54)@[17,32]
g1768(847,82,356)@[5,12]
g1768(206,712,239)@[10,48]
g1768(821,537,594)@[4,5]
g1768(354,874,143)@[2,5]
g1768(244,790,315)@[19,26]
g1768(737,455,26)@[9,10]
g1768(563,840,43)@[27,29]
g1768(608,176,675)@[24,28]
g1769@[3,20]
g1768(740,366,870)@[17,36]
g1769@[6,17]
g1769@[22,27]
g1768(476,13,656)@[16,31]
g1769@[7,42]
g1768(712,360,92)@[28,44]
g1768(473,204,421)@[32,47]
g1768(84,377,679)@[23,33]
g1768(11,123,487)@[19,44]
g1768(760,507,715)@[7,9]
g1769@[15,35]
g1769@[17,18]
g1769@[22,37]
g1768(616,912,678)@[6,45]
g1768(292,91,405)@[21,46]
g1768(583,874,791)@[31,42]
g1768(28,479,565)@[8,11]
g1769@[11,28]
g1769@[20,40]
g1768(721,872,313)@[28,36]
g1769@[12,48]
g1768(592,630,668)@[20,22]
g1769@[35,40]
g1768(355,558,199)@[13,22]
g1768(791,754,76)@[21,28]
g1769@[24,45]
g1769@[10,41]
g1768(260,645,271)@[18,25]
g1768(690,190,482)@[10,37]
g1768(354,264,357)@[1,41]
g1769@[6,47]
g1768(433,209,570)@[0,33]
g1769@[3,10]
g1768(108,690,576)@[5,6]
g1769@[10,17]
g1769@[11,45]
g1768(24,711,819)@[6,30]
g1769@[13,35]
g1768(328,699,314)@[0,20]
g1769@[21,32]
g1768(537,678,665)@[29,47]
g1768(342,432,671)@[12,23]
g1768(143,139,460)@[15,16]
g1769@[0,27]
g1769@[6,47]
g1769@[10,23]
g1768(553,819,523)@[12,15]
g1769@[6,36]
g1768(528,635,566)@[25,43]
g1768(151,323,256)@[1,45]
g1769@[9,44]
g1768(525,365,879)@[15,29]
g1768(578,132,569)@[0,23]
g1769@[26,40]
g1769@[17,21]
g1768(810,93,797)@[0,39]
g1768(250,7,710)@[19,31]
g1768(624,648,405)@[16,37]
g1769@[13,18]
g1768(108,485,478)@[14,21]
g1768(831,391,494)@[14,30]
g1768(590,387,322)@[30,39]
g1769@[20,49]
g1768(104,762,782)@[2,17]
g1768(445,167,739)@[8,47]
g1769@[9,27]
g1769@[29,32]
g1768(529,332,118)@[30,44]
g1768(700,408,812)@[29,44]
g1768(397,489,616)@[24,39]
g1768(893,833,27)@[14,47]
g1768(56,419,530)@[23,25]
g1768(588,496,63)@[18,47]
g1768(635,444,853)@[0,13]
g1768(51,257,629)@[34,41]
g1769@[13,34]
g1768(305,850,356)@[24,34]
g1769@[11,24]
g1769@[13,20]
g1769@[45,48]
g1768(715,904,349)@[5,37]
g1769@[12,19]
g1768(472,527,445)@[8,49]
g1768(81,148,376)@[8,33]
g1769@[0,24]
g1769@[24,45]
g1769@[4,5]
g1768(6,693,122)@[0,34]
g1768(355,755,220)@[43,46]
g1769@[27,47]
g1769@[42,48]
g1768(213,806,583)@[27,35]
g1769@[5,25]
g1768(274,710,321)@[39,42]
g1769@[33,40]
g1768(850,85,618)@[22,37]
g1769@[34,40]
g1769@[2,34]
g1768(37,906,306)@[23,43]
g1769@[18,42]
g1769@[10,17]
g1769@[1,32]
g1768(334,57,857)@[4,45]
g1769@[41,46]
g1769@[8,28]
g1768(439,419,741)@[16,43]
g1769@[26,37]
g1768(878,836,703)@[8,14]
g1769@[10,49]
g1769@[10,41]
g1768(429,859,236)@[7,34]
g1768(399,738,898)@[13,21]
g1768(638,12,725)@[30,34]
g1769@[4,6]
g1768(146,301,490)@[2,23]
g1769@[4,37]
g1769@[9,46]
g1768(19,554,163)@[4,33]
g1769@[20,36]
g1768(907,446,262)@[28,35]
g1769@[42,43]
g1768(613,884,253)@[2,30]
g1768(54,470,341)@[13,26]
g1769@[18,26]
g1769@[29,47]
g1768(505,251,156)@[21,22]
g1769@[24,35]
g1768(390,68,527)@[5,41]
g1768(790,433,870)@[15,20]
g1769@[1,18]
g1769@[14,34]
g1769@[20,25]
g1768(40,918,326)@[10,15]
g1769@[4,9]
g1769@[10,42]
g1769@[12,46]
g1768(261,253,447)@[25,32]
g1768(132,223,670)@[22,34]
g1768(799,567,842)@[20,22]
g1769@[19,44]
g1769@[18,34]
g1768(912,778,582)@[5,49]
g1769@[18,24]
g1768(675,660,367)@[2,32]
g1769@[5,28]
g1769@[20,27]
g1769@[25,45]
g1769@[38,43]
g1769@[21,48]
g1769@[22,35]
g1769@[1,47]
g1769@[30,44]
g1768(521,779,545)@[6,49]
g1768(850,868,204)@[11,31]
g1769@[0,33]
g1769@[31,47]
g1769@[9,37]
g1768(151,157,345)@[16,42]
g1769@[6,24]
g1769@[3,17]
g1769@[0,16]
g1769@[23,36]
g1768(670,883,81)@[23,28]
g1769@[25,44]
g1768(219,878,20)@[9,27]
g1768(46,430,773)@[8,17]
g1769@[34,40]
g1769@[14,19]
g1768(559,671,182)@[3,37]
g1769@[2,11]
g1768(390,317,341)@[20,44]
g1769@[11,22]
g1768(246,301,571)@[9,23]
g1768(860,492,295)@[17,30]
g1769@[22,48]
g1768(560,388,647)@[18,36]
g1768(594,182,310)@[29,49]
g1769@[30,41]
g1768(309,169,101)@[27,36]
g1769@[7,20]
g1768(720,654,843)@[15,47]
g1768(276,720,687)@[15,35]
g1768(369,6,534)@[14,43]
g1769@[2,13]
g1769@[10,30]
g1768(180,454,594)@[8,38]
g1769@[3,22]
g1768(61,325,427)@[0,39]
g1769@[43,46]
g1768(445,913,183)@[40,44]
g1769@[3,11]
g1769@[6,42]
g1768(145,340,894)@[4,30]
g1769@[11,38]
g1769@[30,46]
g1769@[1,39]
g1768(891,873,110)@[13,34]
g1769@[8,41]
g1768(682,24,250)@[2,26]
g1769@[1,45]
g1768(134,489,781)@[2,36]
g1768(285,126,674)@[18,35]
g1768(57,530,264)@[12,35]
g1768(485,813,582)@[13,37]
g1768(590,334,92)@[9,33]
g1769@[37,48]
g1768(117,895,349)@[0,25]
g1768(517,244,23)@[46,47]
g1768(462,182,632)@[21,39]
g1768(453,284,314)@[9,22]
g1769@[9,14]
g1769@[23,37]
g1768(58,319,877)@[33,37]
g1769@[17,41]
g1769@[7,23]
g1769@[38,40]
g1768(781,471,3)@[3,34]
g1768(345,46,423)@[23,36]
g1768(189,83,755)@[2,47]
g1768(223,520,442)@[4,23]
g1769@[40,42]
g1768(265,49,407)@[36,46]
g1769@[25,37]
g1768(62,473,255)@[24,42]
g1768(117,108,655)@[31,48]
g1768(626,861,731)@[28,33]
g1769@[25,40]
g1768(69,823,5)@[24,45]
g1768(860,177,326)@[23,49]
g1768(778,135,599)@[5,14]
g1768(297,200,337)@[25,48]
g1768(235,347,574)@[9,43]
g1769@[0,25]
g1768(225,719,639)@[37,46]
g1768(341,666,193)@[19,44]
g1769@[5,13]
g1769@[9,44]
g1769@[8,45]
g1769@[8,24]
g1769@[11,24]
g1768(704,198,289)@[25,38]
g1769@[31,47]
g1769@[19,37]
g1768(358,702,716)@[8,42]
g1769@[5,26]
g1768(838,570,264)@[41,47]
g1768(767,445,506)@[41,43]
g1768(557,721,206)@[16,24]
g1768(291,687,400)@[29,41]
g1768(558,560,261)@[11,21]
g1769@[33,46]
g1768(522,583,42)@[6,28]
g1769@[4,49]
g1769@[22,44]
g1769@[10,18]
g1768(323,788,535)@[7,8]
g1768(765,473,34)@[1,11]
g1768(227,270,580)@[39,40]
g1768(262,838,54)@[27,39]
g1768(814,810,522)@[18,48]
g1769@[23,30]
g1768(903,292,32)@[2,26]
g1769@[3,28]
g1768(640,25,331)@[16,28]
g1768(752,356,411)@[25,41]
g1769@[0,45]
g1768(436,325,621)@[26,45]
g1769@[2,16]
g1768(690,94,509)@[21,25]
g1769@[14,38]
g1768(895,78,692)@[11,40]
g1768(246,597,114)@[5,7]
g1769@[38,48]
g1769@[0,1]
g1768(389,703,742)@[18,25]
g1768(39,817,140)@[16,19]
g1769@[18,36]
g1769@[34,37]
g1768(842,607,67)@[13,34]
g1768(483,716,796)@[32,35]
g1768(369,671,830)@[25,27]
g1768(96,310,688)@[16,47]
g1768(294,488,155)@[25,46]
g1768(255,870,545)@[32,37]
g1769@[2,44]
g1768(887,519,878)@[43,48]
g1768(757,888,487)@[5,34]
g1769@[14,47]
g1768(898,792,420)@[17,25]
g1769@[2,35]
g1768(306,501,777)@[34,37]
g1769@[7,46]
g1769@[7,12]
g1769@[4,41]
g1769@[18,34]
g1768(636,563,296)@[12,24]
g1769@[4,19]
g1769@[8,34]
g1768(776,341,589)@[7,35]
g1769@[33,45]
g1769@[6,20]
g1769@[23,25]
g1768(136,898,735)@[25,38]
g1768(653,852,732)@[1,26]
g1769@[1,15]
g1768(286,756,187)@[14,26]
g1768(624,537,307)@[29,49]
g1768(736,580,211)@[16,43]
g1769@[0,25]
g1769@[22,26]
g1769@[5,30]
g1769@[8,37]
g1768(807,669,48)@[18,20]
g1768(208,713,386)@[11,36]
g1769@[14,19]
g1769@[15,35]
g1768(658,31,518)@[2,39]
g1768(532,271,698)@[11,28]
g1769@[18,45]
g1769@[7,45]
g1769@[27,39]
g1768(863,242,298)@[6,26]
g1768(452,801,699)@[23,39]
g1768(50,454,50)@[26,33]
g1768(245,533,420)@[20,30]
g1768(634,652,581)@[21,43]
g1769@[3,25]
g1769@[9,33]
g1769@[1,9]
g1769@[6,48]
g1769@[24,49]
g1768(777,587,76)@[35,39]
g1768(451,172,228)@[25,38]
g1768(261,304,177)@[27,33]
g1769@[42,44]
g1768(791,148,449)@[20,48]
g1769@[37,46]
g1768(40,150,565)@[23,30]
g1769@[16,40]
g1769@[23,33]
g1768(486,752,868)@[27,37]
g1769@[2,34]
g1768(574,501,724)@[10,46]
g1768(164,905,522)@[38,39]
g1768(89,522,710)@[26,35]
g1768(603,816,724)@[12,35]
g1768(765,581,267)@[37,44]
g1768(95,546,222)@[3,33]
g1768(18,164,865)@[13,44]
g1769@[5,31]
g1768(250,780,760)@[12,20]
g1768(828,466,420)@[10,33]
g1768(14,154,321)@[8,46]
g1769@[28,45]
g1768(253,391,355)@[33,35]
g1769@[34,36]
g1769@[2,40]
g1768(177,353,720)@[3,28]
g1768(435,274,464)@[7,48]
g1769@[10,34]
g1768(169,568,469)@[18,37]
g1768(842,167,174)@[3,39]
g1768(483,504,681)@[16,34]
g1769@[23,49]
g1769@[26,32]
g1768(280,223,581)@[7,41]
g1768(690,407,755)@[28,43]
g1768(879,611,217)@[27,40]
g1768(325,695,596)@[21,38]
g1769@[9,17]
g1768(399,803,295)@[30,34]
g1768(499,55,641)@[46,48]
g1769@[3,44]
g1768(301,97,441)@[38,40]
g1768(709,396,506)@[8,28]
g1769@[7,22]
g1768(228,16,499)@[41,47]
g1769@[2,31]
g1768(842,327,818)@[8,48]
g1768(206,442,737)@[10,21]
g1768(332,422,468)@[6,25]
g1768(507,295,534)@[26,37]
g1768(223,484,520)@[9,44]
g1768(222,284,591)@[15,20]
g1768(216,39,178)@[17,49]
g1769@[13,35]
g1768(642,615,583)@[27,32]
g1769@[43,44]
g1769@[12,36]
g1768(43,311,722)@[12,15]
g1768(671,647,40)@[24,33]
g1768(500,714,631)@[4,39]
g1768(120,581,459)@[22,35]
g1768(527,819,163)@[2,17]
g1768(200,792,418)@[16,39]
g1768(808,371,602)@[15,45]
g1768(808,478,90)@[8,37]
g1768(692,131,198)@[38,40]
g1768(468,854,18)@[5,15]
g1768(413,835,315)@[37,42]
g1768(248,870,229)@[4,49]
g1768(496,580,820)@[11,18]
g1769@[31,49]
g1768(518,530,229)@[9,42]
g1769@[9,43]
g1768(148,499,111)@[29,31]
g1768(850,80,684)@[10,17]
g1769@[16,33]
g1768(811,706,858)@[3,29]
g1769@[22,39]
g1769@[22,48]
g1769@[0,2]
g1768(421,134,111)@[27,28]
g1768(551,149,513)@[4,29]
g1768(354,23,298)@[9,14]
g1769@[3,26]
g1769@[7,20]
g1768(182,912,477)@[7,9]
g1768(660,461,732)@[1,27]
g1768(366,459,874)@[19,46]
g1769@[2,43]
g1769@[2,3]
g1769@[29,49]
g1769@[17,41]
g1769@[10,36]
g1769@[26,29]
g1769@[1,2]
g1768(345,280,644)@[24,34]
g1768(444,553,349)@[11,12]
g1768(675,726,149)@[5,45]
g1769@[16,33]
g1768(187,519,191)@[19,24]
g1769@[10,28]
g1769@[25,37]
g1768(424,769,725)@[29,44]
g1768(345,683,693)@[25,40]
g1769@[25,33]
g1769@[6,18]
g1769@[3,40]
g1769@[45,48]
g1768(315,362,276)@[35,45]
g1769@[33,45]
g1768(219,499,459)@[17,46]
g1769@[34,44]
g1768(51,487,458)@[1,32]
g1768(860,765,9)@[4,13]
g1768(73,602,711)@[0,34]
g1768(537,408,205)@[14,30]
g1768(73,522,396)@[11,40]
g1769@[15,22]
g1769@[24,32]
g1769@[5,20]
g1768(349,436,339)@[5,46]
g1768(197,570,626)@[13,31]
g1768(469,739,473)@[2,29]
g1768(645,209,833)@[8,21]
g1768(684,534,425)@[40,43]
g1769@[23,47]
g1769@[31,43]
g1768(699,29,419)@[4,43]
g1769@[7,47]
g1768(731,356,910)@[4,34]
g1768(713,651,208)@[6,32]
g1769@[24,44]
g1768(579,510,437)@[8,19]
g1769@[0,18]
g1768(278,839,190)@[12,40]
g1768(890,432,402)@[8,32]
g1768(204,624,251)@[9,25]
g1768(287,732,488)@[13,39]
g1768(292,15,143)@[13,17]
g1768(2,702,660)@[15,17]
g1769@[4,44]
g1768(280,191,760)@[14,27]
g1768(32,810,507)@[6,28]
g1768(740,511,222)@[14,16]
g1769@[33,39]
g1768(411,5,789)@[10,47]
g1769@[10,24]
g1768(301,42,425)@[10,33]
g1768(792,177,122)@[39,44]
g1768(586,520,96)@[7,22]
g1769@[36,40]
g1769@[25,49]
g1768(885,314,631)@[24,28]
g1768(327,727,357)@[11,37]
g1769@[24,36]
g1769@[5,26]
g1768(683,752,432)@[17,44]
g1768(618,436,430)@[0,44]
g1769@[5,7]
g1768(319,17,617)@[13,42]
g1769@[46,47]
g1768(810,375,650)@[24,31]
g1769@[27,45]
g1768(674,683,663)@[20,42]
g1769@[23,43]
g1768(614,741,79)@[44,49]
g1769@[5,28]
g1768(886,217,82)@[18,41]
g1769@[23,40]
g1768(875,581,522)@[0,34]
g1768(54,365,103)@[29,33]
g1768(454,419,557)@[7,19]
g1768(670,90,514)@[13,26]
g1768(567,626,625)@[3,40]
g1768(903,701,875)@[7,13]
g1769@[26,36]
g1768(628,708,726)@[18,35]
g1768(85,469,639)@[18,41]
g1768(556,567,232)@[9,33]
g1768(117,749,889)@[7,45]
g1768(168,670,499)@[38,45]
g1769@[20,31]
g1769@[43,47]
g1768(779,564,587)@[16,23]
g1768(90,435,485)@[6,21]
g1768(885,140,284)@[23,49]
g1768(96,297,622)@[0,20]
g1769@[3,37]
g1769@[32,34]
g1768(442,256,214)@[0,33]
g1769@[16,22]
g1769@[12,26]
g1768(299,736,322)@[6,31]
g1768(602,22,843)@[10,45]
g1769@[43,47]
g1769@[10,18]
g1768(763,394,877)@[13,41]
g1769@[36,44]
g1768(919,554,616)@[10,42]
g1769@[32,40]
g1768(457,619,373)@[24,48]
g1769@[5,12]
g1768(615,0,251)@[32,48]
g1768(912,118,729)@[44,45]
g1768(829,878,396)@[30,41]
g1769@[5,29]
g1768(837,381,477)@[32,39]
g1768(637,753,631)@[7,42]
g1769@[18,23]
g1768(881,865,478)@[1,44]
g1769@[1,41]
g1768(891,479,709)@[3,11]
g1768(340,101,728)@[4,44]
g1769@[18,27]
g1769@[28,48]
g1769@[26,28]
g1769@[1,11]
g1769@[21,31]
g1769@[8,36]
g1769@[11,41]
g1768(282,903,520)@[44,48]
g1768(720,273,576)@[10,39]
g1769@[18,42]
g1769@[24,26]
g1769@[14,41]
g1769@[20,39]
g1769@[17,37]
g1769@[13,20]
g1768(282,406,608)@[0,27]
g1768(643,451,556)@[9,42]
g1769@[33,37]
g1769@[22,43]
g1768(259,611,135)@[33,48]
g1769@[6,14]
g1769@[17,26]
g1768(594,134,517)@[19,49]
g1769@[11,15]
g1769@[0,5]
g1768(55,196,257)@[26,46]
g1769@[10,13]
g1769@[18,49]
g1768(68,234,152)@[2,38]
g1769@[21,47]
g1769@[5,9]
g1769@[22,31]
g1769@[5,38]
g1768(654,881,150)@[37,47]
g1769@[17,24]
g1769@[0,26]
g1768(738,220,476)@[19,26]
g1768(884,875,434)@[1,11]
g1768(530,97,159)@[34,44]
g1768(881,773,359)@[25,30]
g1768(53,631,648)@[2,24]
g1768(195,0,819)@[35,45]
g1769@[6,16]
g1769@[13,30]
g1769@[13,33]
g1768(783,743,49)@[8,41]
g1769@[5,9]
g1768(723,574,766)@[11,43]
g1769@[21,26]
g1769@[13,15]
g1769@[30,32]
g1769@[1,35]
g1768(828,3,689)@[0,17]
g1768(681,102,859)@[33,45]
g1769@[0,1]
g1768(180,712,415)@[9,15]
g1768(4,765,532)@[4,35]
g1769@[3,22]
g1769@[5,38]
g1769@[7,49]
g1768(419,447,210)@[13,49]
g1768(619,206,708)@[2,44]
g1768(572,584,205)@[25,41]
g1768(521,431,886)@[3,32]
g1768(730,707,113)@[3,18]
g1769@[5,28]
g1768(329,2,907)@[30,39]
g1769@[12,22]
g1768(807,121,571)@[21,41]
g1769@[24,40]
g1768(232,331,472)@[6,20]
g1768(281,320,823)@[4,28]
g1768(474,221,497)@[8,37]
g1768(29,786,180)@[2,16]
g1768(213,895,756)@[30,32]
g1768(681,253,581)@[44,49]
g1769@[3,43]
g1768(64,462,901)@[17,49]
g1769@[8,31]
g1768(708,595,200)@[31,44]
g1769@[13,45]
g1769@[13,40]
g1769@[1,23]
g1768(708,628,446)@[6,43]
g1768(897,536,836)@[24,41]
g1768(652,234,478)@[20,43]
g1768(869,850,590)@[15,34]
g1768(85,628,504)@[15,39]
g1769@[6,18]
g1769@[3,42]
g1768(887,898,171)@[22,28]
g1768(469,600,366)@[25,26]
g1769@[10,19]
g1769@[0,38]
g1768(136,135,466)@[21,33]
g1769@[20,29]
g1768(324,689,703)@[36,42]
g1768(674,397,510)@[10,44]
g1768(164,809,275)@[1,4]
g1769@[18,23]
g1768(864,840,836)@[5,27]
g1768(177,245,493)@[11,31]
g1768(184,40,836)@[31,40]
g1769@[14,24]
g1768(361,434,203)@[23,49]
g1768(746,902,85)@[22,47]
g1768(712,260,288)@[4,5]
g1768(418,744,273)@[19,42]
g1768(581,403,323)@[24,47]
g1768(344,636,34)@[24,27]
g1769@[15,47]
g1769@[3,18]
g1768(747,700,629)@[25,40]
g1769@[36,49]
g1769@[34,35]
g1768(537,830,108)@[17,43]
g1769@[8,42]
g1769@[27,46]
g1768(891,288,655)@[26,28]
g1769@[15,49]
g1768(149,715,91)@[36,49]
g1768(907,542,170)@[9,43]
g1768(281,271,888)@[2,19]
g1768(404,58,143)@[43,44]
g1769@[2,6]
g1769@[28,48]
g1769@[19,25]
g1768(867,151,509)@[16,42]
g1769@[30,45]
g1768(134,537,559)@[18,31]
g1768(82,332,905)@[16,19]
g1768(361,891,638)@[19,24]
g1768(259,274,900)@[6,8]
g1768(269,37,686)@[10,17]
g1769@[3,45]
g1769@[22,39]
g1769@[29,42]
g1769@[7,37]
g1769@[20,41]
g1769@[40,48]
g1768(322,621,761)@[7,21]
g1768(100,570,874)@[30,48]
g1768(358,429,544)@[17,47]
g1769@[29,30]
g1768(260,221,801)@[2,20]
g1768(91,338,462)@[23,29]
g1768(557,833,834)@[2,13]
g1768(414,581,58)@[20,35]
g1768(174,451,407)@[2,37]
g1769@[20,25]
g1768(592,181,184)@[15,22]
g1768(266,806,227)@[36,46]
g1768(827,395,113)@[9,44]
g1769@[21,28]
g1769@[3,18]
g1768(409,859,505)@[8,39]
g1769@[0,7]
g1768(513,367,583)@[0,44]
g1768(567,748,663)@[7,35]
g1768(196,877,832)@[11,43]
g1768(458,598,571)@[12,45]
g1768(73,300,592)@[16,44]
g1769@[10,38]
g1769@[19,30]
g1769@[33,41]
g1768(857,403,476)@[8,44]
g1768(16,637,389)@[31,36]
g1768(749,733,611)@[5,49]
g1769@[17,22]
g1769@[19,29]
g1768(183,154,840)@[7,46]
g1768(522,362,229)@[10,32]
g1768(526,340,44)@[29,46]
g1769@[13,37]
g1768(550,401,136)@[14,24]
g1768(59,550,287)@[12,48]
g1768(621,633,643)@[28,47]
g1769@[1,8]
g1769@[37,44]
g1768(59,798,359)@[9,36]
g1768(466,153,293)@[30,31]
g1768(246,815,833)@[1,31]
g1769@[4,48]
g1769@[4,39]
g1768(372,130,12)@[15,19]
g1769@[33,46]
g1768(138,319,800)@[24,30]
g1768(447,856,538)@[2,49]
g1768(754,271,254)@[10,34]
g1769@[18,35]
g1768(611,535,728)@[2,16]
g1768(223,389,879)@[25,37]
g1768(583,651,242)@[25,42]
g1769@[7,18]
g1769@[39,45]
g1769@[10,45]
g1768(483,561,214)@[1,26]
g1768(448,266,138)@[8,39]
g1769@[15,48]
g1768(289,707,18)@[0,17]
g1768(600,230,329)@[35,40]
g1769@[20,24]
g1768(696,160,775)@[34,36]
g1768(699,254,421)@[23,35]
g1768(71,77,559)@[1,23]
g1769@[22,47]
g1768(672,897,215)@[0,12]
g1768(368,470,761)@[31,37]
g1768(147,849,196)@[9,39]
g1769@[20,23]
g1769@[22,41]
g1769@[3,10]
g1768(144,449,74)@[14,22]
g1768(734,141,575)@[25,42]
g1768(306,389,117)@[27,45]
g1768(696,826,279)@[12,23]
g1769@[12,31]
g1768(884,777,381)@[8,15]
g1769@[13,22]
g1769@[14,15]
g1768(629,488,607)@[22,47]
g1768(76,483,148)@[3,15]
g1769@[28,38]
g1768(290,645,809)@[3,21]
g1769@[17,47]
g1768(513,822,181)@[7,26]
g1769@[29,49]
g1769@[33,38]
g1768(385,341,804)@[28,35]
g1768(414,443,654)@[8,21]
g1768(621,719,113)@[4,12]
