g1672(889,890,318,35,60)@[6,25]
g1672(128,619,489,299,592)@[21,27]
g1672(755,240,823,225,756)@[7,29]
g1672(48,451,627,256,731)@[23,33]
g1673(577)@[1,37]
g1672(848,94,290,894,731)@[8,48]
g1674(561)@[0,7]
g1672(660,95,791,484,901)@[10,18]
g1672(27,24,830,231,212)@[9,16]
g1672(384,337,643,422,250)@[23,32]
g1672(549,507,351,472,549)@[32,44]
g1672(609,628,316,901,515)@[3,32]
g1672(533,406,4,849,102)@[26,42]
g1672(143,331,197,331,538)@[9,33]
g1674(51)@[4,10]
g1672(531,214,207,444,191)@[16,37]
g1672(366,238,760,159,281)@[0,4]
g1672(513,243,906,867,572)@[21,30]
g1672(692,98,827,814,79)@[13,30]
g1674(330)@[30,47]
g1672(739,441,893,480,425)@[9,23]
g1672(625,796,572,22,252)@[22,47]
g1672(729,353,668,802,206)@[29,48]
g1674(118)@[5,9]
g1674(838)@[26,36]
g1672(689,171,645,590,727)@[10,28]
g1672(585,389,455,539,204)@[12,28]
g1672(911,656,919,723,90)@[21,45]
g1672(524,513,261,545,680)@[14,44]
g1672(596,393,420,63,207)@[21,36]
g1672(121,161,149,662,855)@[19,29]
g1672(303,217,615,372,130)@[31,34]
g1673(62)@[14,39]
g1674(793)@[12,45]
g1674(440)@[23,46]
g1673(238)@[8,12]
g1672(744,659,419,592,56)@[15,47]
g1672(697,811,528,658,657)@[3,36]
g1672(795,900,628,801,229)@[13,26]
g1674(479)@[31,43]
g1674(803)@[17,30]
g1672(484,55,649,737,303)@[24,28]
g1672(41,230,62,551,220)@[14,32]
g1672(413,28,74,13,310)@[21,40]
g1672(786,199,901,897,304)@[24,45]
g1672(315,14,273,94,314)@[8,16]
g1672(356,787,167,509,98)@[13,34]
g1673(673)@[12,35]
g1672(479,524,529,709,620)@[17,39]
g1672(564,554,399,788,472)@[1,11]
g1672(432,405,2,735,684)@[6,33]
g1672(701,418,499,232,185)@[23,24]
g1672(903,99,242,708,648)@[22,40]
g1674(704)@[20,47]
g1673(532)@[12,15]
g1672(307,892,231,88,287)@[40,45]
g1674(183)@[3,41]
g1672(326,824,671,672,218)@[2,38]
g1672(15,319,403,782,368)@[12,14]
g1673(785)@[9,17]
g1672(870,118,242,23,47)@[37,40]
g1672(248,38,409,493,263)@[8,29]
g1672(220,175,686,583,138)@[19,43]
g1672(115,532,722,863,264)@[29,38]
g1673(860)@[1,21]
g1672(610,592,315,255,525)@[17,27]
g1672(636,591,159,61,284)@[14,32]
g1672(594,393,94,382,170)@[3,42]
g1672(903,844,894,312,483)@[15,36]
g1672(155,229,5,557,363)@[22,42]
g1672(752,389,414,316,501)@[0,5]
g1672(88,352,845,371,666)@[8,27]
g1672(84,652,140,891,60)@[0,18]
g1672(543,556,41,136,116)@[6,46]
g1672(153,627,94,167,599)@[0,9]
g1672(89,430,224,897,90)@[2,8]
g1672(306,762,489,316,795)@[42,46]
g1672(361,713,875,17,837)@[7,30]
g1672(914,479,363,144,139)@[5,6]
g1672(624,732,374,501,424)@[19,28]
g1673(37)@[18,32]
g1672(250,453,729,161,224)@[37,47]
g1672(862,640,868,149,525)@[21,29]
g1672(456,555,629,785,646)@[3,30]
g1672(819,604,124,305,103)@[3,14]
g1672(651,319,727,708,456)@[1,28]
g1673(742)@[7,48]
g1674(212)@[5,6]
g1674(285)@[4,49]
g1672(670,416,775,751,725)@[17,31]
g1672(462,636,910,199,418)@[27,35]
g1674(737)@[35,49]
g1672(875,156,312,279,483)@[2,10]
g1672(322,716,128,833,428)@[1,2]
g1672(849,79,433,200,389)@[45,49]
g1672(326,703,446,769,317)@[5,21]
g1672(538,213,641,508,885)@[2,13]
g1672(89,661,455,261,828)@[10,29]
g1673(210)@[28,49]
g1672(575,525,114,90,208)@[17,33]
g1672(404,559,745,690,151)@[6,14]
g1672(833,52,98,631,189)@[16,47]
g1672(472,379,94,472,289)@[12,42]
g1673(157)@[17,19]
g1672(671,790,115,740,780)@[19,33]
g1672(364,331,229,664,468)@[3,37]
g1672(129,857,571,160,616)@[5,24]
g1672(519,753,695,813,440)@[22,45]
g1672(840,551,767,305,354)@[10,19]
g1672(402,727,584,469,190)@[4,44]
g1672(257,739,390,13,813)@[14,21]
g1672(566,405,511,202,610)@[3,21]
g1672(28,235,593,404,891)@[16,23]
g1674(898)@[16,29]
g1672(417,45,361,845,199)@[7,29]
g1672(356,392,139,471,655)@[19,41]
g1673(242)@[40,49]
g1672(659,434,195,821,256)@[13,29]
g1673(898)@[15,48]
g1672(231,264,2,218,762)@[4,7]
g1672(760,300,778,144,477)@[3,4]
g1672(452,414,848,533,429)@[11,40]
g1672(527,258,466,614,524)@[0,40]
g1673(727)@[13,45]
g1674(480)@[1,38]
g1674(685)@[26,42]
g1672(530,139,51,39,661)@[10,22]
g1672(240,79,563,764,527)@[30,31]
g1672(399,188,512,285,500)@[8,30]
g1674(237)@[5,11]
g1672(503,72,901,77,243)@[30,44]
g1672(623,868,159,114,681)@[14,26]
g1672(743,376,167,523,354)@[7,27]
g1672(546,850,606,283,471)@[6,15]
g1672(13,50,268,164,690)@[0,3]
g1672(154,434,168,620,473)@[5,12]
g1672(46,786,498,650,581)@[21,24]
g1673(745)@[2,10]
g1673(349)@[24,29]
g1673(170)@[3,18]
g1673(776)@[7,17]
g1674(639)@[2,24]
g1672(655,792,513,432,389)@[36,39]
g1672(465,382,916,564,549)@[10,38]
g1672(113,381,632,645,257)@[25,31]
g1673(6)@[0,47]
g1672(497,192,598,879,174)@[7,45]
g1672(751,175,678,616,539)@[2,49]
g1672(453,628,149,472,83)@[9,47]
g1673(588)@[5,37]
g1672(331,184,358,233,880)@[28,31]
g1672(342,749,125,374,546)@[7,16]
g1672(855,795,325,871,597)@[3,49]
g1672(68,644,809,710,523)@[29,44]
g1672(538,819,73,282,441)@[8,11]
g1672(830,779,143,431,752)@[2,32]
g1672(205,879,819,259,604)@[13,37]
g1672(252,163,393,123,72)@[18,39]
g1672(848,338,71,81,556)@[13,41]
g1672(733,529,797,51,607)@[15,48]
g1673(520)@[1,37]
g1673(917)@[8,41]
g1672(710,410,422,199,589)@[2,38]
g1672(350,207,462,722,157)@[6,10]
g1673(851)@[4,30]
g1673(337)@[32,34]
g1672(189,452,696,335,740)@[2,4]
g1674(218)@[9,17]
g1672(684,169,536,671,664)@[4,19]
g1672(882,210,92,496,436)@[15,36]
g1672(804,836,500,367,420)@[4,9]
g1674(686)@[22,35]
g1672(571,848,639,816,13)@[27,31]
g1672(718,104,878,547,396)@[15,41]
g1674(276)@[8,18]
g1673(619)@[23,26]
g1673(417)@[14,36]
g1672(92,780,590,72,638)@[10,48]
g1674(138)@[2,47]
g1674(460)@[12,23]
g1672(486,99,384,172,23)@[34,43]
g1672(407,880,127,721,884)@[37,39]
g1672(115,380,909,573,586)@[2,32]
g1672(360,368,181,32,272)@[35,39]
g1672(224,590,89,350,658)@[6,47]
g1673(181)@[6,35]
g1672(170,309,577,573,332)@[19,20]
g1672(220,824,247,108,577)@[22,45]
g1672(454,226,697,339,399)@[10,36]
g1674(698)@[44,49]
g1673(551)@[19,30]
g1673(740)@[34,42]
g1672(478,195,709,42,197)@[0,23]
g1672(182,863,87,546,777)@[14,41]
g1672(234,671,101,199,380)@[12,39]
g1672(163,819,863,155,225)@[23,44]
g1672(799,178,839,311,46)@[24,47]
g1672(254,459,515,877,432)@[17,29]
g1672(668,560,516,669,443)@[2,7]
g1672(377,331,650,180,131)@[8,14]
g1672(257,464,872,224,479)@[24,26]
g1672(572,676,536,442,766)@[12,48]
g1672(633,402,70,485,416)@[15,44]
g1672(96,735,693,157,868)@[14,22]
g1673(130)@[0,7]
g1673(233)@[39,45]
g1672(125,644,367,451,298)@[25,33]
g1672(510,237,776,809,909)@[0,23]
g1674(420)@[8,26]
g1672(431,653,547,426,295)@[24,32]
g1673(553)@[15,49]
g1674(660)@[23,24]
g1672(407,40,602,655,229)@[0,25]
g1674(258)@[15,27]
g1672(203,556,376,640,271)@[16,29]
g1672(106,725,469,699,605)@[13,34]
g1672(99,42,577,298,691)@[6,25]
g1672(1,412,398,457,34)@[25,33]
g1672(395,511,275,368,118)@[25,44]
g1672(59,849,881,101,693)@[15,39]
g1674(307)@[0,48]
g1674(136)@[19,37]
g1672(432,431,273,336,578)@[8,48]
g1672(198,597,224,105,124)@[2,39]
g1672(425,589,684,657,678)@[31,33]
g1673(549)@[21,30]
g1672(576,270,435,364,461)@[19,36]
g1672(916,748,213,790,771)@[28,47]
g1674(27)@[13,32]
g1673(79)@[6,32]
g1672(816,616,650,234,681)@[11,12]
g1673(732)@[1,10]
g1673(722)@[43,47]
g1674(791)@[12,16]
g1673(416)@[22,43]
g1672(24,449,403,882,152)@[21,28]
g1672(820,42,765,698,380)@[38,47]
g1672(722,705,679,351,408)@[19,49]
g1672(314,248,44,568,189)@[7,44]
g1672(105,444,26,537,748)@[10,23]
g1672(41,860,226,659,695)@[14,47]
g1672(817,876,423,868,219)@[6,40]
g1672(359,739,639,884,528)@[8,14]
g1672(391,653,218,48,869)@[37,45]
g1673(34)@[18,34]
g1672(872,716,428,59,443)@[16,18]
g1674(726)@[10,19]
g1672(19,472,97,791,370)@[19,32]
g1672(653,485,297,76,276)@[17,29]
g1674(45)@[29,32]
g1672(501,288,33,407,899)@[34,49]
g1672(267,136,13,88,315)@[15,42]
g1672(322,274,859,803,351)@[26,32]
g1672(260,264,612,796,804)@[14,41]
g1672(914,491,705,532,98)@[1,23]
g1672(817,563,170,542,440)@[1,38]
g1673(510)@[3,29]
g1672(39,327,119,850,172)@[4,42]
g1672(113,805,868,851,321)@[21,41]
g1672(212,814,558,177,127)@[48,49]
g1672(891,480,313,726,443)@[24,40]
g1672(604,271,47,526,734)@[25,28]
g1673(39)@[9,48]
g1672(830,184,727,600,216)@[37,39]
g1674(384)@[7,45]
g1673(256)@[6,46]
g1672(457,225,464,81,683)@[6,12]
g1673(116)@[29,39]
g1672(73,0,575,814,587)@[17,30]
g1673(603)@[39,43]
g1672(877,732,225,70,525)@[8,46]
g1672(669,575,520,849,151)@[2,44]
g1672(842,653,747,590,56)@[1,23]
g1672(68,467,149,775,245)@[5,48]
g1672(110,644,80,71,351)@[6,48]
g1672(517,707,607,601,788)@[17,27]
g1672(572,78,269,709,548)@[1,39]
g1672(172,130,813,393,763)@[6,32]
g1672(279,352,419,74,594)@[24,48]
g1672(771,825,628,80,121)@[22,33]
g1672(916,339,467,711,683)@[15,40]
g1672(597,12,804,759,766)@[0,26]
g1672(132,88,631,440,102)@[8,46]
g1672(377,633,832,706,674)@[7,9]
g1672(282,453,775,504,725)@[9,26]
g1672(776,716,917,555,331)@[23,48]
g1672(838,197,291,319,561)@[5,32]
g1672(440,880,405,760,64)@[24,38]
g1673(336)@[37,40]
g1672(336,863,761,300,286)@[6,7]
g1672(764,21,904,207,69)@[2,20]
g1672(852,918,648,585,709)@[31,49]
g1672(97,830,214,850,725)@[32,43]
g1674(683)@[38,42]
g1673(681)@[6,39]
g1672(663,792,374,883,605)@[14,29]
g1672(790,4,826,330,36)@[34,38]
g1674(691)@[31,44]
g1672(808,769,629,334,751)@[5,29]
g1672(847,105,836,602,786)@[1,6]
g1672(696,108,171,482,186)@[29,38]
g1672(549,832,172,132,604)@[17,19]
g1672(204,683,485,845,764)@[26,46]
g1672(914,783,523,707,502)@[28,44]
g1672(531,906,332,124,96)@[4,41]
g1672(565,130,257,294,443)@[3,24]
g1672(720,702,74,469,782)@[30,34]
g1672(651,551,56,659,718)@[15,22]
g1674(491)@[3,45]
g1672(45,847,80,425,674)@[10,20]
g1672(662,491,390,328,258)@[27,36]
g1672(820,299,123,786,838)@[3,41]
g1672(60,466,421,365,872)@[4,8]
g1674(279)@[39,47]
g1672(484,607,876,768,76)@[24,31]
g1672(450,682,82,241,147)@[20,44]
g1672(364,75,906,274,789)@[14,22]
g1672(315,215,792,48,458)@[38,47]
g1672(698,223,441,24,680)@[1,26]
g1672(858,586,911,336,152)@[19,24]
g1672(830,161,735,501,564)@[17,21]
g1672(853,743,44,305,873)@[36,37]
g1672(876,578,361,287,291)@[21,33]
g1672(237,609,707,458,186)@[13,44]
g1672(715,10,211,840,70)@[0,12]
g1674(408)@[25,28]
g1672(391,680,177,819,251)@[7,10]
g1672(491,471,830,470,846)@[31,36]
g1672(615,368,584,498,431)@[5,17]
g1674(761)@[39,41]
g1672(586,757,784,567,403)@[24,25]
g1672(408,651,556,156,635)@[34,42]
g1672(376,264,779,568,237)@[9,23]
g1674(846)@[21,47]
g1672(327,289,793,461,108)@[23,41]
g1672(24,919,674,391,470)@[41,46]
g1672(916,310,898,820,381)@[1,48]
g1672(697,134,182,528,507)@[27,43]
g1672(206,593,568,846,393)@[7,44]
g1672(500,177,566,544,700)@[9,46]
g1672(736,868,580,752,899)@[20,35]
g1674(408)@[16,32]
g1673(794)@[21,43]
g1673(727)@[16,32]
g1674(816)@[15,32]
g1672(288,243,111,860,811)@[2,24]
g1673(187)@[3,46]
g1672(592,466,712,603,371)@[0,11]
g1672(621,530,152,833,623)@[18,44]
g1672(905,188,662,169,679)@[10,11]
g1673(416)@[30,31]
g1672(664,186,498,669,613)@[15,36]
g1672(192,395,856,254,455)@[13,15]
g1672(255,241,898,464,624)@[29,31]
g1672(346,420,877,213,326)@[7,29]
g1673(901)@[30,36]
g1672(296,81,416,720,702)@[9,12]
g1672(355,754,842,633,545)@[1,21]
g1672(538,751,6,391,691)@[29,40]
g1672(672,517,19,384,251)@[5,33]
g1672(553,15,472,132,385)@[6,16]
g1672(310,241,559,500,361)@[14,22]
g1673(377)@[37,47]
g1672(523,851,883,842,438)@[5,31]
g1672(566,398,848,237,378)@[0,44]
g1672(832,543,295,59,747)@[3,19]
g1672(112,537,677,640,816)@[8,28]
g1672(388,51,547,596,21)@[5,19]
g1672(576,486,564,45,519)@[27,30]
g1673(181)@[20,40]
g1672(370,826,473,578,92)@[16,36]
g1673(644)@[12,30]
g1672(333,210,339,304,406)@[12,30]
g1672(63,201,314,140,17)@[10,49]
g1674(821)@[24,25]
g1672(64,596,737,888,443)@[9,43]
g1672(73,403,47,579,85)@[7,14]
g1674(321)@[7,9]
g1674(30)@[16,36]
g1672(540,22,676,13,380)@[11,41]
g1672(587,722,411,238,411)@[6,24]
g1674(479)@[21,32]
g1672(808,812,780,841,850)@[26,42]
g1672(790,633,360,721,165)@[3,46]
g1674(867)@[19,27]
g1673(704)@[5,46]
g1672(242,205,581,740,368)@[11,29]
g1672(415,220,144,707,684)@[25,28]
g1672(752,792,429,400,893)@[31,38]
g1674(163)@[13,14]
g1673(261)@[22,37]
g1674(909)@[15,26]
g1674(891)@[12,24]
g1672(545,454,39,671,408)@[21,28]
g1672(395,554,542,143,349)@[5,24]
g1674(862)@[24,38]
g1672(167,751,741,881,222)@[22,30]
g1672(147,806,277,38,595)@[10,30]
g1672(467,300,637,116,572)@[2,32]
g1672(893,411,447,103,268)@[7,35]
g1672(194,273,692,438,776)@[22,38]
g1672(26,178,458,206,685)@[11,39]
g1673(917)@[7,28]
g1672(680,681,277,848,259)@[0,33]
g1672(338,858,506,83,322)@[34,40]
g1672(315,299,844,813,744)@[29,38]
g1672(253,838,404,273,278)@[2,35]
g1672(439,18,134,612,589)@[20,36]
g1672(764,683,78,578,639)@[15,19]
g1672(560,906,857,285,2)@[7,29]
g1672(160,828,303,327,674)@[1,26]
g1672(234,54,690,183,861)@[25,30]
g1672(278,186,779,706,181)@[28,34]
g1672(647,615,533,725,475)@[13,28]
g1673(18)@[15,16]
g1672(665,15,546,519,856)@[16,45]
g1672(673,277,801,339,260)@[43,46]
g1672(802,498,588,378,799)@[21,22]
g1672(531,628,346,364,176)@[18,38]
g1672(161,316,654,272,141)@[22,43]
g1672(628,495,463,570,81)@[5,13]
g1672(607,314,177,551,325)@[22,34]
g1672(361,333,485,347,228)@[6,23]
g1672(218,94,168,690,872)@[5,8]
g1672(689,512,84,358,735)@[20,23]
g1672(106,52,4,766,65)@[15,41]
g1672(198,560,44,626,436)@[0,9]
g1672(579,195,195,451,149)@[22,42]
g1673(709)@[9,49]
g1673(297)@[28,44]
g1672(481,158,289,704,26)@[32,44]
g1673(798)@[11,37]
g1673(336)@[3,15]
g1672(788,86,260,38,400)@[9,38]
g1672(565,282,744,89,635)@[10,35]
g1673(899)@[29,30]
g1672(425,455,586,417,579)@[11,20]
g1672(118,41,604,402,646)@[34,38]
g1672(606,360,193,528,446)@[5,22]
g1674(331)@[18,21]
g1672(287,649,190,357,569)@[22,41]
g1672(151,175,63,361,898)@[6,44]
g1672(759,618,237,148,39)@[19,31]
g1672(299,405,28,92,48)@[32,46]
g1674(68)@[12,29]
g1674(202)@[19,29]
g1673(756)@[16,25]
g1673(893)@[39,46]
g1672(87,260,53,814,160)@[25,34]
g1672(445,285,643,822,746)@[17,27]
g1672(74,84,880,43,90)@[0,2]
g1673(572)@[18,35]
g1673(705)@[0,10]
g1673(558)@[9,36]
g1672(264,52,302,718,19)@[20,42]
g1672(735,145,404,446,564)@[30,35]
g1672(248,221,337,703,683)@[15,20]
g1672(831,315,719,742,43)@[21,32]
g1672(460,259,5,400,123)@[2,10]
g1674(299)@[22,33]
g1673(809)@[1,42]
g1673(699)@[0,17]
g1672(274,330,160,531,212)@[6,20]
g1672(789,824,421,308,365)@[28,45]
g1672(406,684,421,230,838)@[33,38]
g1672(122,802,381,119,153)@[11,40]
g1672(306,894,429,9,437)@[36,38]
g1674(607)@[19,21]
g1672(714,807,213,461,321)@[22,37]
g1672(296,787,671,216,285)@[15,44]
g1674(547)@[21,49]
g1672(104,540,614,717,540)@[9,31]
g1672(282,148,532,614,868)@[19,46]
g1672(676,131,19,92,268)@[27,48]
g1672(306,671,130,109,576)@[18,44]
g1672(514,806,7,782,532)@[14,43]
g1673(673)@[34,42]
g1672(830,615,151,305,769)@[5,35]
g1673(404)@[8,16]
g1673(349)@[29,42]
g1672(711,338,464,69,200)@[3,10]
g1672(430,641,749,294,351)@[3,28]
g1672(858,393,624,202,52)@[6,34]
g1674(626)@[13,33]
g1672(260,458,423,127,667)@[41,44]
g1673(794)@[8,23]
g1674(599)@[7,22]
g1673(905)@[1,48]
g1672(846,345,655,142,198)@[37,41]
g1673(190)@[44,48]
g1672(324,900,371,635,510)@[0,39]
g1672(772,618,593,561,122)@[2,5]
g1672(283,447,217,224,91)@[13,40]
g1672(806,397,632,436,406)@[27,36]
g1674(572)@[32,39]
g1674(464)@[6,13]
g1672(453,334,53,79,162)@[25,42]
g1672(378,48,911,314,575)@[13,41]
g1672(76,800,147,903,255)@[12,46]
g1672(96,212,417,240,856)@[24,38]
g1672(312,616,754,532,856)@[25,36]
g1672(890,154,769,68,503)@[16,43]
g1672(796,871,300,285,575)@[17,21]
g1672(428,756,296,585,436)@[9,48]
g1672(522,776,817,506,419)@[16,32]
g1672(736,467,460,130,275)@[3,12]
g1672(111,312,306,262,348)@[33,37]
g1672(47,774,51,708,75)@[31,41]
g1672(767,277,817,813,481)@[1,9]
g1672(749,675,698,798,29)@[33,41]
g1674(856)@[34,49]
g1672(792,346,809,326,918)@[10,26]
g1672(316,730,487,112,505)@[23,45]
g1673(596)@[31,33]
g1672(646,578,630,867,828)@[9,34]
g1674(232)@[9,13]
g1673(666)@[13,27]
g1672(482,906,875,650,487)@[15,33]
g1672(529,751,565,892,430)@[23,31]
g1673(396)@[12,46]
g1672(353,615,462,576,467)@[29,46]
g1672(724,329,454,459,763)@[22,42]
g1673(567)@[11,12]
g1672(717,254,488,447,250)@[34,44]
g1673(458)@[27,38]
g1674(111)@[20,25]
g1672(366,432,349,592,17)@[14,26]
g1672(252,254,667,82,858)@[30,31]
g1672(623,381,740,471,589)@[26,34]
g1672(652,561,568,127,856)@[10,36]
g1672(24,151,446,301,548)@[36,47]
g1672(725,328,20,148,470)@[5,13]
g1672(572,430,165,54,281)@[24,26]
g1672(774,787,731,640,852)@[27,42]
g1673(237)@[33,36]
g1673(142)@[38,46]
g1672(605,653,903,255,220)@[37,39]
g1672(827,478,301,747,297)@[12,24]
g1674(879)@[40,44]
g1672(578,28,787,142,913)@[25,44]
g1672(627,570,540,282,657)@[34,45]
g1672(606,38,109,388,503)@[2,4]
g1672(215,615,560,566,836)@[13,29]
g1672(183,577,255,87,799)@[36,40]
g1672(472,710,140,663,105)@[21,33]
g1673(776)@[7,49]
g1673(11)@[3,5]
g1672(277,612,915,548,7)@[33,45]
g1672(212,121,534,17,429)@[22,28]
g1672(277,858,641,231,640)@[34,44]
g1672(2,708,266,619,641)@[4,47]
g1672(326,387,858,56,293)@[42,43]
g1672(192,818,376,315,5)@[17,20]
g1672(312,841,450,78,536)@[44,47]
g1672(587,580,7,390,215)@[13,46]
g1672(114,915,855,170,83)@[11,37]
g1672(267,452,643,503,175)@[14,34]
g1672(543,783,722,776,754)@[26,35]
g1673(377)@[2,40]
g1672(663,159,584,670,439)@[10,34]
g1672(594,795,598,241,288)@[5,30]
g1672(195,444,164,523,44)@[14,18]
g1673(526)@[16,49]
g1672(85,825,391,605,733)@[16,21]
g1672(871,780,440,468,890)@[18,19]
g1672(225,21,592,701,84)@[5,23]
g1672(185,878,406,106,91)@[13,29]
g1672(524,599,341,872,196)@[4,28]
g1673(310)@[15,31]
g1672(136,266,220,170,843)@[12,31]
g1672(825,626,485,157,866)@[6,21]
g1673(269)@[13,28]
g1673(732)@[10,27]
g1673(301)@[0,25]
g1672(182,792,261,673,260)@[22,25]
g1672(384,100,492,528,263)@[8,48]
g1672(122,139,213,432,576)@[15,17]
g1674(573)@[24,45]
g1673(315)@[5,25]
g1672(88,347,861,603,851)@[3,39]
g1673(610)@[7,49]
g1672(297,637,701,659,244)@[21,37]
g1672(860,0,94,115,215)@[28,30]
g1673(862)@[14,19]
g1674(108)@[40,46]
g1672(674,512,122,897,182)@[5,39]
g1672(572,209,348,472,855)@[0,20]
g1673(346)@[24,32]
g1672(788,153,861,187,623)@[44,49]
g1672(470,528,530,300,269)@[3,47]
g1672(364,679,459,883,616)@[40,46]
g1672(28,453,264,398,812)@[0,42]
g1673(525)@[24,37]
g1673(529)@[21,41]
g1672(244,450,724,229,179)@[7,22]
g1672(765,318,827,894,184)@[42,48]
g1672(791,805,572,907,215)@[6,33]
g1674(543)@[7,36]
g1672(668,97,729,51,292)@[16,19]
g1672(173,819,522,207,761)@[3,21]
g1672(417,285,31,880,284)@[4,7]
g1674(656)@[27,35]
g1672(38,126,520,574,208)@[8,15]
g1672(614,517,255,548,610)@[30,42]
g1673(571)@[26,31]
g1672(836,541,300,771,771)@[14,21]
g1672(367,777,191,91,636)@[28,31]
g1672(796,879,278,269,56)@[9,33]
g1672(568,612,436,660,75)@[9,19]
g1672(514,74,624,584,657)@[25,45]
g1672(181,212,391,166,671)@[35,43]
g1673(167)@[18,36]
g1672(803,899,646,164,719)@[3,24]
g1673(257)@[15,37]
g1672(513,251,738,663,765)@[14,31]
g1672(188,334,552,397,8)@[22,40]
g1672(388,521,429,47,681)@[18,31]
g1672(773,898,141,714,695)@[31,46]
g1672(511,473,777,874,837)@[13,48]
g1672(656,644,604,818,68)@[10,49]
g1672(892,345,636,456,391)@[9,16]
g1672(219,624,338,180,388)@[39,45]
g1673(115)@[36,45]
g1672(431,696,431,640,345)@[15,31]
g1672(261,693,88,668,169)@[10,20]
g1672(672,698,600,33,379)@[31,37]
g1673(514)@[23,34]
g1672(485,635,112,704,648)@[29,48]
g1672(490,786,261,118,75)@[9,34]
g1673(71)@[0,20]
g1672(883,848,446,175,801)@[7,41]
g1672(307,212,808,387,817)@[6,26]
g1672(696,570,917,129,488)@[28,30]
g1672(484,15,38,124,690)@[38,46]
g1673(778)@[16,39]
g1672(190,504,71,278,454)@[25,31]
g1672(161,442,122,93,443)@[9,44]
g1672(23,338,289,428,799)@[7,23]
g1672(592,603,321,220,444)@[11,28]
g1672(410,808,111,912,854)@[8,12]
g1672(354,565,173,265,771)@[3,29]
g1672(122,4,663,593,864)@[7,31]
g1674(279)@[34,47]
g1672(833,710,537,751,118)@[13,23]
g1673(891)@[4,33]
g1673(636)@[21,34]
g1672(672,553,686,78,286)@[11,12]
g1674(636)@[1,11]
g1672(570,33,708,602,754)@[31,34]
g1672(861,715,382,67,854)@[15,19]
g1672(185,640,666,846,76)@[12,43]
g1672(241,183,49,401,826)@[31,37]
g1672(158,55,653,667,836)@[25,41]
g1674(358)@[0,47]
g1674(805)@[6,12]
g1672(900,337,599,19,845)@[30,42]
g1673(138)@[13,25]
g1672(452,431,449,583,450)@[3,32]
g1672(529,705,408,447,333)@[28,45]
g1674(747)@[18,35]
g1672(414,446,424,602,146)@[37,43]
g1672(357,24,691,383,103)@[30,46]
g1672(328,750,908,51,564)@[41,43]
g1674(2)@[31,33]
g1672(1,875,592,754,261)@[8,45]
g1674(647)@[0,41]
g1672(383,167,255,373,52)@[10,37]
g1672(258,121,777,450,261)@[18,45]
g1672(172,630,123,259,900)@[27,35]
g1673(417)@[22,34]
g1674(583)@[3,48]
g1672(296,168,614,380,582)@[6,27]
g1672(801,297,791,655,524)@[7,47]
g1672(169,907,443,919,726)@[27,39]
g1672(791,706,0,592,665)@[14,25]
g1672(565,671,568,305,408)@[0,41]
g1674(714)@[31,44]
g1672(654,191,413,19,657)@[3,24]
g1672(823,461,159,861,199)@[2,5]
g1672(620,510,413,611,755)@[14,18]
g1672(680,405,798,553,57)@[36,45]
g1673(434)@[19,48]
g1672(362,38,193,426,469)@[0,5]
g1672(715,250,695,879,448)@[4,12]
g1672(590,38,289,818,461)@[15,25]
g1673(789)@[27,29]
g1672(723,108,122,500,464)@[3,19]
g1672(200,894,138,466,552)@[25,48]
g1672(354,244,118,27,237)@[22,25]
g1672(548,194,705,653,131)@[5,7]
g1672(203,365,680,601,418)@[7,43]
g1672(163,855,523,353,552)@[11,31]
g1672(749,209,428,569,251)@[7,10]
g1672(608,658,617,453,60)@[0,46]
g1672(525,720,307,72,279)@[36,43]
g1672(878,705,217,791,654)@[39,43]
g1672(815,77,653,681,27)@[32,45]
g1672(338,855,103,890,599)@[14,37]
g1672(597,917,434,342,804)@[12,25]
g1672(910,223,177,805,512)@[0,34]
g1674(623)@[26,37]
g1672(560,513,204,454,340)@[16,29]
g1672(597,417,101,717,603)@[42,47]
g1672(343,818,667,133,689)@[13,36]
g1673(737)@[22,30]
g1672(765,814,276,310,681)@[28,39]
g1672(187,93,855,903,722)@[1,5]
g1672(324,668,608,185,610)@[4,47]
g1672(564,371,284,52,848)@[30,35]
g1672(355,360,553,390,354)@[23,43]
g1672(2,225,504,632,143)@[21,25]
g1672(835,455,140,33,705)@[0,34]
g1672(330,141,34,707,30)@[4,27]
g1672(638,838,12,70,577)@[6,25]
g1674(218)@[18,33]
g1672(230,72,111,457,434)@[14,36]
g1674(692)@[12,28]
g1672(65,901,919,640,582)@[27,31]
g1672(905,620,434,480,124)@[12,40]
g1672(230,47,730,790,496)@[6,8]
g1672(737,629,527,565,694)@[34,47]
g1672(133,248,540,726,81)@[9,45]
g1672(156,674,473,75,382)@[3,26]
g1672(567,120,707,834,183)@[14,21]
g1674(561)@[28,39]
g1672(710,347,780,310,494)@[12,48]
g1672(171,722,519,105,448)@[1,2]
g1672(237,415,9,849,294)@[29,37]
g1672(613,399,599,645,727)@[29,39]
g1672(318,762,425,817,509)@[33,38]
g1672(449,447,125,683,577)@[2,24]
g1672(409,147,179,278,758)@[16,22]
g1672(360,78,437,365,233)@[14,26]
g1672(780,244,157,828,604)@[21,43]
g1672(895,23,286,599,760)@[31,49]
g1673(43)@[18,28]
g1673(167)@[16,43]
g1672(882,314,102,762,249)@[2,18]
g1673(744)@[14,28]
g1673(552)@[36,38]
g1672(179,62,514,13,14)@[37,46]
g1672(602,500,535,537,660)@[23,24]
g1674(230)@[26,40]
g1672(301,416,491,1,228)@[37,49]
g1672(764,202,661,203,918)@[4,31]
g1673(573)@[15,23]
g1672(746,398,132,371,881)@[13,49]
g1672(110,583,501,469,377)@[15,35]
g1673(845)@[7,11]
g1673(46)@[9,21]
g1672(433,59,352,306,182)@[2,21]
g1673(6)@[46,49]
g1674(187)@[41,43]
g1672(372,593,402,232,798)@[2,5]
g1672(502,868,720,312,710)@[20,36]
g1673(681)@[2,34]
g1672(349,814,217,446,553)@[19,28]
g1672(574,457,729,870,467)@[36,39]
g1672(441,188,701,470,55)@[3,11]
g1672(218,832,790,205,797)@[13,28]
g1672(277,681,456,81,530)@[25,41]
g1673(386)@[5,13]
g1672(523,299,599,660,689)@[9,37]
g1674(799)@[15,32]
g1672(449,381,643,848,217)@[11,14]
g1672(703,318,371,684,665)@[2,12]
g1672(847,698,465,228,767)@[20,22]
g1672(705,1,56,583,256)@[7,23]
g1672(705,805,600,461,297)@[6,49]
g1673(139)@[1,48]
g1672(840,385,350,529,139)@[21,43]
g1672(883,546,643,595,108)@[3,43]
g1674(303)@[42,45]
g1673(331)@[32,45]
g1672(911,297,51,703,568)@[15,30]
g1674(726)@[21,26]
g1672(648,701,639,407,732)@[0,23]
g1672(771,696,826,518,776)@[10,39]
g1672(714,919,666,700,145)@[38,42]
g1672(400,898,14,433,717)@[35,40]
g1672(416,371,387,818,205)@[1,4]
g1672(287,26,587,217,432)@[17,19]
g1672(697,159,86,182,135)@[8,20]
g1672(60,817,24,767,208)@[18,45]
g1674(67)@[7,8]
g1672(152,490,836,788,377)@[11,21]
g1672(842,554,866,262,220)@[2,47]
g1672(406,495,515,636,310)@[21,34]
g1672(460,224,628,159,329)@[0,30]
g1672(229,514,161,502,782)@[7,22]
g1672(458,132,240,318,728)@[3,19]
g1672(589,274,422,824,704)@[19,38]
g1672(125,478,635,838,421)@[39,42]
g1672(764,209,729,834,385)@[16,39]
g1672(193,162,508,413,46)@[4,14]
g1672(338,283,910,47,485)@[36,49]
g1672(334,143,1,332,846)@[32,45]
g1672(808,756,67,21,689)@[2,7]
g1672(861,210,859,197,258)@[26,40]
g1673(905)@[1,43]
g1673(780)@[4,40]
g1672(335,151,339,432,530)@[39,47]
g1672(548,715,405,622,580)@[10,39]
g1672(129,439,898,394,266)@[25,36]
g1673(793)@[18,48]
g1672(860,545,505,690,746)@[15,43]
g1673(195)@[21,32]
g1673(171)@[19,31]
g1672(899,389,266,846,695)@[15,32]
g1672(671,433,138,767,150)@[19,45]
g1673(848)@[39,48]
g1672(708,484,363,316,165)@[5,12]
g1672(291,900,778,601,645)@[37,47]
g1672(528,208,838,557,167)@[13,27]
g1672(782,895,197,557,290)@[8,46]
g1672(725,223,689,214,208)@[22,29]
g1672(402,295,482,832,338)@[13,25]
g1672(682,492,546,322,832)@[5,46]
g1672(165,453,462,86,234)@[4,40]
g1672(197,234,310,302,616)@[19,28]
g1672(412,503,714,336,549)@[25,48]
g1672(567,537,742,813,460)@[8,10]
g1673(551)@[12,21]
g1672(715,303,855,275,469)@[8,13]
g1672(426,183,237,281,728)@[6,23]
g1672(353,389,172,516,606)@[20,45]
g1674(83)@[2,7]
g1672(271,524,397,347,885)@[4,35]
g1672(389,640,684,70,28)@[39,47]
g1672(407,853,59,757,534)@[2,20]
g1672(137,210,731,339,684)@[7,18]
g1674(402)@[43,49]
g1672(878,526,619,294,475)@[4,31]
g1674(269)@[1,38]
g1672(52,862,265,144,650)@[12,31]
g1673(576)@[19,20]
g1672(135,345,5,437,559)@[21,27]
g1672(447,239,250,669,701)@[3,41]
g1672(790,797,486,61,20)@[31,33]
g1673(715)@[33,47]
g1672(231,285,355,801,580)@[11,47]
g1672(61,394,596,135,445)@[24,45]
g1672(528,537,320,156,683)@[6,47]
g1672(604,195,296,686,870)@[8,34]
g1672(123,676,212,128,553)@[4,29]
g1673(628)@[16,33]
g1672(156,425,162,261,703)@[24,43]
g1673(863)@[13,33]
g1672(764,408,806,128,54)@[17,28]
g1672(653,133,540,92,34)@[2,31]
g1674(208)@[22,38]
g1672(601,793,812,575,390)@[45,47]
g1672(308,84,490,604,743)@[17,49]
g1672(257,39,238,749,234)@[33,47]
g1672(631,86,522,634,365)@[16,17]
g1672(645,891,177,45,476)@[31,38]
g1672(551,51,150,459,121)@[0,39]
g1672(270,167,99,42,269)@[12,22]
g1672(687,704,148,872,825)@[30,37]
g1672(310,892,170,727,357)@[6,14]
g1672(830,164,660,609,855)@[22,38]
g1672(10,609,620,179,349)@[8,44]
g1674(330)@[18,39]
g1673(297)@[6,20]
g1672(792,557,453,756,158)@[3,12]
g1672(23,37,898,872,114)@[11,29]
g1672(174,343,549,463,492)@[14,41]
g1673(717)@[4,29]
g1672(640,737,86,566,600)@[14,47]
g1672(603,779,63,558,822)@[2,24]
g1672(386,107,511,302,461)@[3,23]
g1672(698,441,440,487,655)@[5,35]
g1673(654)@[17,33]
g1672(715,584,875,716,668)@[4,32]
g1672(603,557,250,87,843)@[7,41]
g1672(198,624,229,541,376)@[4,41]
g1674(658)@[1,6]
g1673(703)@[15,48]
g1672(386,792,478,135,807)@[13,28]
g1672(115,136,209,563,615)@[12,37]
g1672(507,78,125,101,637)@[10,33]
g1672(732,701,115,669,83)@[24,27]
g1672(282,194,166,339,840)@[27,37]
g1672(485,15,366,82,56)@[17,33]
g1673(193)@[19,23]
g1672(784,521,148,493,638)@[26,30]
g1672(16,278,28,557,707)@[14,16]
g1672(787,25,650,438,711)@[33,39]
g1672(499,191,133,744,765)@[20,29]
g1672(568,773,379,510,824)@[29,45]
g1673(531)@[6,7]
g1672(72,647,727,898,118)@[2,23]
g1673(626)@[23,40]
g1672(481,405,745,211,88)@[30,44]
g1673(362)@[8,24]
g1672(710,373,654,891,640)@[28,44]
g1674(108)@[29,31]
g1673(110)@[24,32]
g1672(602,884,699,898,252)@[7,12]
g1672(705,449,273,550,695)@[35,37]
g1672(820,592,616,908,812)@[42,46]
g1672(678,823,902,199,144)@[0,28]
g1672(166,855,542,717,578)@[0,34]
g1672(557,328,782,230,781)@[0,32]
g1672(291,472,850,483,650)@[15,29]
g1673(590)@[2,42]
g1672(687,355,210,507,164)@[8,43]
g1672(833,445,254,125,29)@[12,45]
g1672(255,889,67,112,373)@[14,34]
g1672(312,236,424,650,306)@[27,29]
g1672(92,423,854,415,797)@[0,30]
g1674(766)@[32,44]
g1672(580,841,52,232,187)@[26,34]
g1673(596)@[0,45]
g1672(460,894,312,649,704)@[0,35]
g1672(570,228,335,214,324)@[46,49]
g1672(267,900,869,359,212)@[23,34]
g1672(362,222,760,461,173)@[17,33]
g1674(271)@[1,9]
g1674(9)@[31,34]
g1674(379)@[3,20]
g1673(291)@[16,17]
g1672(783,154,260,778,553)@[35,36]
g1672(609,862,433,710,398)@[11,45]
g1672(231,439,117,417,875)@[19,34]
g1673(71)@[8,43]
g1672(364,37,363,677,392)@[42,46]
g1672(334,421,524,189,387)@[5,41]
g1672(192,682,808,82,734)@[14,22]
g1672(92,27,632,5,68)@[19,33]
g1673(228)@[7,42]
g1672(87,418,717,267,625)@[11,24]
g1674(418)@[3,35]
g1672(27,287,564,530,670)@[31,39]
g1672(804,534,692,749,454)@[11,49]
g1672(907,572,184,830,195)@[0,22]
g1674(17)@[1,48]
g1672(135,891,759,533,860)@[41,45]
g1672(663,305,745,719,412)@[11,33]
g1672(427,685,833,188,155)@[9,40]
g1672(299,495,730,341,140)@[12,33]
g1672(897,66,552,195,323)@[29,43]
g1673(148)@[8,16]
g1672(720,96,110,567,735)@[9,32]
g1672(374,663,501,793,156)@[34,41]
g1672(873,666,14,163,214)@[9,37]
g1674(323)@[1,40]
g1672(805,688,569,799,233)@[37,38]
g1672(623,380,605,754,77)@[10,14]
g1672(68,427,328,60,187)@[12,36]
g1672(326,408,227,224,252)@[21,44]
g1672(565,140,174,330,719)@[12,16]
g1672(881,618,795,723,841)@[3,12]
g1672(80,608,787,702,475)@[12,47]
g1672(274,900,759,17,610)@[4,24]
g1672(21,629,138,62,882)@[39,45]
g1674(545)@[38,47]
g1672(106,806,809,142,262)@[10,48]
g1672(161,263,473,741,20)@[13,25]
g1672(51,696,359,917,331)@[42,44]
g1672(225,149,352,274,115)@[1,32]
g1672(795,650,433,51,102)@[16,36]
g1672(163,592,267,555,208)@[6,12]
g1672(238,687,395,697,80)@[8,44]
g1673(16)@[28,32]
g1673(560)@[0,26]
g1672(649,108,334,631,332)@[26,44]
g1674(291)@[22,39]
g1673(466)@[8,48]
g1673(305)@[9,37]
g1673(72)@[28,44]
g1672(87,568,452,327,821)@[3,39]
g1674(105)@[46,47]
g1674(190)@[6,22]
g1672(57,765,13,13,270)@[5,22]
g1672(875,515,898,389,859)@[3,5]
g1672(450,811,268,126,676)@[8,37]
g1672(100,358,524,464,599)@[6,29]
g1672(481,61,398,529,3)@[12,43]
g1672(242,636,587,880,276)@[31,42]
g1672(136,870,450,195,739)@[16,23]
g1674(818)@[28,34]
g1672(680,463,491,182,204)@[21,27]
g1672(214,683,260,776,285)@[3,4]
g1674(495)@[15,46]
g1672(393,761,237,157,830)@[0,15]
g1672(891,883,248,499,73)@[16,38]
g1672(417,813,46,21,841)@[5,7]
g1672(721,527,391,299,691)@[5,27]
g1672(622,458,487,232,251)@[26,32]
g1672(202,862,423,358,92)@[31,37]
g1674(589)@[2,12]
g1672(145,97,419,830,357)@[13,27]
g1672(323,657,691,483,818)@[11,17]
g1672(42,649,822,505,128)@[27,29]
g1672(502,194,21,168,395)@[11,24]
g1673(683)@[9,44]
g1673(25)@[5,27]
g1672(464,601,464,450,644)@[45,49]
g1672(714,61,620,314,780)@[34,45]
