g1132(522,336,731)@[11,28]
g1132(733,472,460)@[3,31]
g1132(155,348,723)@[4,14]
g1132(736,726,568)@[6,10]
g1132(893,353,199)@[19,24]
g1131(63,835,851)@[29,35]
g1132(877,512,469)@[11,24]
g1131(462,485,416)@[24,30]
g1132(241,114,391)@[18,34]
g1132(436,181,189)@[0,18]
g1131(2,241,784)@[0,21]
g1131(384,214,671)@[2,44]
g1132(352,806,899)@[15,21]
g1131(637,121,604)@[9,47]
g1131(31,88,279)@[9,45]
g1131(583,465,626)@[27,44]
g1131(810,700,518)@[37,41]
g1131(47,392,361)@[19,39]
g1131(640,220,100)@[23,28]
g1132(460,637,469)@[24,32]
g1131(434,2,609)@[13,44]
g1132(780,58,389)@[31,34]
g1132(563,84,210)@[44,45]
g1131(648,436,429)@[21,26]
g1131(435,394,815)@[20,45]
g1132(605,245,306)@[29,31]
g1131(541,381,348)@[9,40]
g1131(509,657,289)@[10,46]
g1131(81,729,198)@[2,13]
g1131(917,303,343)@[46,49]
g1132(645,174,747)@[21,28]
g1131(891,623,395)@[24,42]
g1132(14,3,271)@[2,37]
g1132(603,536,142)@[13,29]
g1132(583,40,615)@[19,47]
g1132(586,597,655)@[5,48]
g1131(327,22,571)@[32,37]
g1132(899,870,864)@[9,33]
g1132(402,631,290)@[3,34]
g1131(282,18,754)@[17,38]
g1132(53,305,838)@[14,27]
g1131(556,583,767)@[40,45]
g1131(259,682,433)@[14,45]
g1131(793,218,91)@[17,34]
g1131(560,266,121)@[13,24]
g1131(737,741,464)@[12,21]
g1131(552,468,67)@[22,45]
g1131(299,816,721)@[2,16]
g1132(238,104,391)@[0,20]
g1132(881,367,663)@[3,38]
g1131(475,343,269)@[6,46]
g1131(369,553,149)@[13,20]
g1131(455,56,56)@[6,7]
g1132(496,887,726)@[2,46]
g1131(219,264,750)@[1,32]
g1132(783,508,767)@[7,49]
g1131(770,381,485)@[27,32]
g1132(390,65,79)@[1,15]
g1132(697,620,207)@[27,40]
g1131(55,259,546)@[19,37]
g1131(767,74,529)@[10,19]
g1131(819,740,381)@[4,41]
g1132(352,704,31)@[39,48]
g1132(127,198,217)@[23,38]
g1132(286,785,466)@[11,37]
g1132(277,261,771)@[42,48]
g1132(654,284,435)@[35,37]
g1132(592,163,102)@[17,49]
g1131(218,292,125)@[15,34]
g1131(534,603,470)@[0,4]
g1131(788,271,847)@[5,24]
g1131(582,859,78)@[3,15]
g1132(546,353,543)@[29,45]
g1132(284,757,202)@[13,35]
g1132(695,634,706)@[20,44]
g1132(369,735,522)@[14,36]
g1131(518,655,652)@[8,16]
g1132(527,631,24)@[37,47]
g1131(875,509,264)@[14,21]
g1131(325,830,791)@[12,43]
g1132(589,850,300)@[13,28]
g1131(649,283,356)@[22,47]
g1131(351,632,535)@[16,33]
g1131(253,601,108)@[1,18]
g1132(702,776,554)@[22,38]
g1131(130,155,55)@[47,48]
g1132(853,500,554)@[4,24]
g1131(302,817,549)@[15,16]
g1132(251,287,272)@[2,44]
g1131(740,212,557)@[12,43]
g1132(793,319,171)@[17,45]
g1132(906,286,591)@[10,11]
g1132(107,10,267)@[25,38]
g1132(882,184,199)@[13,30]
g1131(120,597,160)@[11,34]
g1132(104,833,227)@[1,17]
g1132(502,500,311)@[30,32]
g1132(327,98,716)@[4,6]
g1132(287,769,45)@[23,29]
g1131(416,912,741)@[7,48]
g1132(220,683,353)@[16,17]
g1131(131,321,708)@[2,41]
g1132(38,55,809)@[5,12]
g1131(257,382,521)@[10,26]
g1131(259,262,364)@[7,20]
g1132(680,905,906)@[11,13]
g1132(531,265,558)@[0,30]
g1132(766,510,576)@[12,24]
g1131(228,666,730)@[2,46]
g1131(516,509,899)@[14,33]
g1131(863,647,189)@[6,8]
g1131(639,190,724)@[21,31]
g1131(902,82,531)@[1,25]
g1132(51,436,887)@[30,45]
g1132(763,270,714)@[35,37]
g1132(573,635,71)@[19,42]
g1132(576,768,309)@[0,46]
g1132(228,544,86)@[15,28]
g1132(16,407,446)@[5,49]
g1132(596,565,10)@[0,8]
g1131(537,776,676)@[21,39]
g1131(318,26,281)@[16,23]
g1132(802,879,221)@[17,46]
g1132(406,398,698)@[35,48]
g1131(591,53,896)@[0,25]
g1131(868,307,863)@[10,11]
g1132(878,801,49)@[31,34]
g1131(888,78,167)@[18,45]
g1131(738,331,512)@[34,45]
g1132(282,545,747)@[29,45]
g1132(590,622,704)@[17,38]
g1131(631,797,733)@[4,43]
g1131(341,382,293)@[19,25]
g1132(321,481,830)@[5,40]
g1131(211,540,460)@[9,40]
g1131(855,809,706)@[27,38]
g1131(27,849,854)@[8,43]
g1131(229,622,11)@[2,6]
g1132(421,671,129)@[25,46]
g1132(899,42,424)@[7,34]
g1132(751,629,91)@[26,29]
g1131(560,561,646)@[6,33]
g1132(205,574,52)@[9,36]
g1131(822,210,407)@[1,34]
g1131(12,478,128)@[5,18]
g1132(298,837,619)@[0,26]
g1131(763,866,534)@[17,19]
g1131(295,434,270)@[9,36]
g1131(725,459,27)@[5,18]
g1131(470,12,59)@[6,34]
g1131(808,389,375)@[19,43]
g1132(316,222,540)@[17,27]
g1132(237,528,611)@[8,42]
g1132(551,262,767)@[15,37]
g1131(815,602,320)@[35,46]
g1132(5,184,781)@[29,47]
g1132(505,866,95)@[0,49]
g1131(268,96,362)@[15,33]
g1131(877,226,126)@[24,49]
g1131(544,152,872)@[17,21]
g1132(393,335,470)@[39,48]
g1131(476,842,65)@[6,19]
g1131(187,333,636)@[21,33]
g1131(817,692,916)@[34,40]
g1131(524,331,67)@[13,41]
g1131(615,96,646)@[8,30]
g1131(610,527,459)@[30,39]
g1131(261,844,419)@[11,42]
g1132(463,667,891)@[43,49]
g1131(222,298,292)@[40,49]
g1132(774,115,590)@[10,21]
g1132(475,703,362)@[16,30]
g1132(102,901,438)@[1,38]
g1131(904,712,556)@[7,18]
g1131(789,485,697)@[9,26]
g1132(146,574,531)@[28,30]
g1131(254,73,32)@[7,24]
g1132(410,833,46)@[30,41]
g1132(184,751,835)@[31,45]
g1132(771,15,184)@[32,40]
g1132(254,513,278)@[20,31]
g1131(647,262,200)@[0,20]
g1132(777,283,755)@[34,48]
g1132(916,681,115)@[2,45]
g1132(544,825,822)@[38,48]
g1131(691,307,215)@[5,10]
g1131(798,479,30)@[29,32]
g1131(775,894,475)@[9,17]
g1132(638,301,485)@[19,38]
g1131(385,416,470)@[6,30]
g1132(430,473,527)@[37,41]
g1131(625,464,363)@[11,33]
g1132(98,471,436)@[0,21]
g1131(615,4,68)@[13,16]
g1131(469,134,445)@[33,43]
g1131(161,368,206)@[25,31]
g1131(295,780,54)@[3,31]
g1132(532,392,230)@[2,31]
g1132(240,80,294)@[26,45]
g1132(269,101,896)@[22,30]
g1131(913,517,274)@[22,48]
g1131(715,576,261)@[14,41]
g1131(71,677,646)@[26,37]
g1132(308,315,224)@[33,48]
g1132(507,157,652)@[34,43]
g1131(530,884,181)@[24,27]
g1131(540,598,192)@[42,45]
g1131(115,109,665)@[19,22]
g1132(193,35,261)@[11,13]
g1131(39,625,412)@[23,26]
g1131(850,670,768)@[15,30]
g1132(509,257,83)@[21,41]
g1131(115,829,97)@[42,43]
g1131(147,759,440)@[28,35]
g1132(309,643,881)@[6,36]
g1132(125,377,662)@[27,44]
g1131(737,52,885)@[24,29]
g1131(463,522,844)@[31,45]
g1132(386,626,214)@[20,40]
g1132(158,317,697)@[24,41]
g1132(295,384,21)@[17,29]
g1131(30,250,5)@[31,37]
g1131(423,654,232)@[36,41]
g1132(286,265,438)@[8,21]
g1131(704,264,644)@[20,44]
g1131(489,193,747)@[40,41]
g1132(520,5,866)@[36,42]
g1131(443,380,533)@[31,43]
g1131(710,431,755)@[19,48]
g1132(877,902,259)@[34,39]
g1132(763,337,446)@[5,44]
g1132(121,91,728)@[34,43]
g1131(142,104,418)@[34,48]
g1131(379,603,827)@[32,41]
g1132(214,907,588)@[6,14]
g1131(519,175,186)@[12,29]
g1131(779,808,555)@[42,49]
g1131(211,609,629)@[20,28]
g1132(55,420,707)@[34,47]
g1132(787,344,552)@[35,46]
g1132(28,797,726)@[6,15]
g1132(279,48,403)@[5,43]
g1131(31,690,227)@[0,16]
g1132(500,782,783)@[21,26]
g1132(417,115,202)@[29,49]
g1131(287,49,60)@[12,28]
g1132(579,329,545)@[6,13]
g1132(392,102,39)@[4,23]
g1131(78,757,502)@[28,36]
g1132(819,211,521)@[27,47]
g1131(379,822,74)@[12,28]
g1132(593,391,227)@[38,40]
g1131(867,95,305)@[21,41]
g1131(110,799,474)@[4,24]
g1132(827,506,99)@[0,42]
g1131(794,143,526)@[13,35]
g1131(690,542,708)@[32,49]
g1132(789,273,777)@[37,48]
g1131(463,207,188)@[0,30]
g1131(249,742,912)@[7,16]
g1132(556,830,367)@[25,31]
g1131(357,789,582)@[32,34]
g1131(666,709,633)@[33,35]
g1131(151,453,848)@[32,33]
g1132(289,497,606)@[16,23]
g1132(259,433,682)@[28,31]
g1132(356,822,880)@[6,20]
g1132(798,48,827)@[8,44]
g1132(894,405,762)@[1,8]
g1132(230,867,145)@[28,41]
g1131(73,388,845)@[9,49]
g1132(696,420,729)@[0,41]
g1131(76,645,511)@[4,44]
g1132(118,403,870)@[43,45]
g1131(720,34,397)@[42,48]
g1132(534,470,603)@[9,41]
g1132(74,116,526)@[32,45]
g1131(330,419,283)@[5,14]
g1131(789,344,10)@[0,3]
g1132(135,420,114)@[13,44]
g1131(390,580,269)@[1,22]
g1132(47,99,773)@[16,25]
g1132(690,412,252)@[11,25]
g1131(265,583,142)@[6,46]
g1132(411,755,133)@[15,40]
g1132(902,290,787)@[37,39]
g1131(899,864,870)@[0,1]
g1131(58,446,399)@[10,29]
g1132(587,146,295)@[21,35]
g1131(552,665,70)@[18,36]
g1132(666,777,485)@[29,47]
g1131(750,531,841)@[37,45]
g1132(381,653,241)@[3,16]
g1131(233,914,906)@[11,24]
g1132(825,821,905)@[29,33]
g1132(761,677,262)@[37,43]
g1131(380,826,605)@[0,26]
g1132(501,642,491)@[18,45]
g1131(79,766,775)@[0,32]
g1132(398,169,270)@[14,25]
g1132(419,485,545)@[15,18]
g1132(327,571,22)@[1,18]
g1131(362,755,810)@[10,30]
g1131(706,889,918)@[7,12]
g1131(320,854,62)@[9,25]
g1132(614,914,47)@[22,23]
g1131(406,698,398)@[7,37]
g1132(118,267,765)@[20,26]
g1131(469,154,435)@[1,12]
g1131(312,501,806)@[0,18]
g1131(649,799,288)@[3,27]
g1131(324,799,17)@[6,13]
g1131(362,510,346)@[29,35]
g1131(593,268,248)@[6,48]
g1131(554,363,654)@[1,44]
g1132(304,851,556)@[6,16]
g1131(264,345,681)@[41,42]
g1131(861,142,793)@[30,45]
g1131(345,565,562)@[23,31]
g1132(902,708,409)@[29,41]
g1132(665,756,576)@[8,19]
g1131(26,494,469)@[36,47]
g1131(804,387,156)@[19,37]
g1132(66,454,797)@[3,21]
g1131(90,122,622)@[19,38]
g1132(236,905,386)@[31,46]
g1131(122,905,881)@[5,10]
g1131(755,2,323)@[17,18]
g1131(818,535,889)@[39,42]
g1131(150,255,843)@[18,24]
g1132(852,72,124)@[27,32]
g1132(563,568,453)@[21,35]
g1132(632,402,32)@[27,48]
g1132(257,451,263)@[22,28]
g1131(246,20,466)@[35,43]
g1131(323,391,100)@[44,49]
g1132(564,817,283)@[19,22]
g1132(691,216,843)@[0,42]
g1131(6,918,414)@[10,21]
g1132(855,706,809)@[6,23]
g1131(680,602,3)@[21,41]
g1132(849,420,768)@[18,23]
g1132(195,576,240)@[37,39]
g1131(56,669,352)@[22,41]
g1131(652,590,768)@[6,16]
g1131(877,70,809)@[10,42]
g1132(697,427,229)@[18,35]
g1131(240,283,360)@[4,31]
g1131(111,308,900)@[10,15]
g1131(160,339,868)@[31,43]
g1131(151,438,277)@[36,48]
g1131(431,903,61)@[0,16]
g1132(504,634,172)@[14,30]
g1131(536,253,623)@[36,44]
g1131(180,15,270)@[4,15]
g1131(266,636,285)@[22,46]
g1131(471,573,34)@[7,42]
g1132(376,705,824)@[2,36]
g1131(655,119,37)@[1,23]
g1132(635,392,373)@[21,48]
g1131(138,382,304)@[12,39]
g1132(559,46,79)@[18,19]
g1131(62,901,434)@[33,38]
g1131(141,296,713)@[11,19]
g1132(482,282,170)@[9,29]
g1132(682,156,828)@[6,27]
g1131(398,321,826)@[36,49]
g1132(654,168,206)@[1,6]
g1132(741,83,169)@[3,31]
g1132(25,250,865)@[17,21]
g1132(188,192,473)@[15,40]
g1131(207,546,877)@[12,41]
g1132(255,806,35)@[2,22]
g1131(512,277,494)@[20,48]
g1132(595,682,44)@[1,23]
g1131(686,832,909)@[44,46]
g1132(298,318,54)@[9,36]
g1132(461,10,666)@[16,40]
g1132(64,919,89)@[9,13]
g1132(850,767,364)@[17,24]
g1132(848,201,495)@[3,33]
g1132(446,381,43)@[2,24]
g1132(711,608,412)@[5,12]
g1131(309,687,407)@[2,9]
g1131(265,742,449)@[23,28]
g1132(205,418,29)@[6,19]
g1132(728,355,64)@[4,8]
g1132(919,192,112)@[2,32]
g1132(189,588,220)@[10,31]
g1131(262,144,867)@[17,24]
g1131(796,495,484)@[22,30]
g1131(245,462,235)@[9,23]
g1131(87,703,150)@[11,13]
g1132(196,789,712)@[10,25]
g1132(679,565,378)@[7,16]
g1131(457,602,84)@[42,49]
g1132(813,335,407)@[35,38]
g1132(671,673,174)@[19,45]
g1132(402,680,340)@[3,15]
g1131(449,345,283)@[20,30]
g1132(853,292,370)@[24,41]
g1132(701,455,720)@[46,49]
g1132(743,17,26)@[9,44]
g1131(442,909,734)@[12,16]
g1132(484,525,610)@[3,8]
g1132(776,267,110)@[4,34]
g1132(579,296,61)@[7,11]
g1131(541,715,494)@[23,40]
g1131(706,861,861)@[42,43]
g1131(781,646,31)@[22,39]
g1131(404,168,587)@[33,45]
g1132(797,447,27)@[26,46]
g1131(697,836,177)@[45,46]
g1131(116,387,560)@[20,24]
g1132(642,270,462)@[10,33]
g1131(388,226,16)@[20,22]
g1131(235,917,92)@[24,46]
g1131(473,288,468)@[2,45]
g1131(422,323,35)@[5,18]
g1132(224,97,65)@[4,37]
g1132(71,628,671)@[16,23]
g1131(457,876,172)@[33,35]
g1131(317,745,361)@[12,43]
g1131(142,211,541)@[24,37]
g1131(498,911,859)@[14,41]
g1132(545,406,914)@[10,17]
g1132(166,701,423)@[9,19]
g1132(638,679,843)@[21,37]
g1131(81,460,653)@[10,30]
g1131(864,538,174)@[10,12]
g1132(616,543,117)@[24,25]
g1132(781,507,603)@[11,16]
g1131(258,551,5)@[0,35]
g1132(892,152,836)@[39,43]
g1131(628,748,416)@[16,49]
g1131(659,813,8)@[10,29]
g1131(353,802,192)@[17,18]
g1131(116,129,155)@[22,31]
g1132(49,696,872)@[1,10]
g1132(828,642,608)@[12,39]
g1132(586,687,547)@[12,37]
g1132(186,640,577)@[13,15]
g1131(359,455,657)@[11,26]
g1131(709,357,561)@[9,43]
g1132(155,447,641)@[3,48]
g1131(498,587,276)@[16,26]
g1131(49,704,624)@[2,10]
g1132(128,69,741)@[25,34]
g1132(902,531,82)@[4,48]
g1131(381,462,715)@[30,44]
g1131(441,729,696)@[3,14]
g1131(809,682,516)@[4,23]
g1131(117,179,300)@[7,43]
g1132(591,395,347)@[28,38]
g1132(743,567,342)@[17,24]
g1131(140,476,689)@[17,32]
g1132(204,881,185)@[24,37]
g1132(49,67,590)@[18,19]
g1131(296,709,677)@[15,28]
g1131(18,622,658)@[4,26]
g1131(146,531,574)@[16,42]
g1132(583,626,465)@[7,33]
g1132(173,134,856)@[5,49]
g1131(74,725,912)@[32,40]
g1131(608,42,693)@[7,29]
g1131(442,899,898)@[17,40]
g1132(502,345,488)@[16,28]
g1132(286,416,539)@[11,35]
g1132(730,58,527)@[6,37]
g1131(323,26,637)@[19,41]
g1132(292,159,879)@[3,5]
g1131(318,546,176)@[17,45]
g1132(574,480,121)@[18,22]
g1132(22,40,456)@[3,6]
g1132(225,669,139)@[3,25]
g1132(637,543,558)@[8,12]
g1132(838,284,594)@[9,36]
g1132(88,638,853)@[2,28]
g1132(312,678,509)@[37,42]
g1132(122,596,436)@[1,29]
g1131(411,77,830)@[28,39]
g1132(487,645,884)@[4,12]
g1131(124,378,657)@[5,40]
g1132(68,874,101)@[6,44]
g1131(484,359,623)@[3,26]
g1131(776,110,160)@[9,47]
g1131(474,163,165)@[1,9]
g1131(435,764,18)@[32,44]
g1131(129,112,292)@[5,35]
g1132(368,843,487)@[9,42]
g1132(447,220,501)@[21,43]
g1132(688,455,410)@[11,49]
g1131(182,447,553)@[36,39]
g1132(213,114,100)@[10,22]
g1131(632,794,569)@[1,48]
g1131(389,324,738)@[21,33]
g1131(122,295,693)@[31,44]
g1131(138,672,594)@[27,48]
g1132(713,26,794)@[15,46]
g1131(824,561,122)@[1,12]
g1132(693,374,758)@[2,31]
g1132(409,708,705)@[32,40]
g1131(262,11,664)@[12,42]
g1132(400,545,699)@[28,35]
g1131(592,754,23)@[34,37]
g1132(299,523,64)@[16,47]
g1131(468,598,547)@[7,16]
g1132(889,555,260)@[2,26]
g1132(83,849,55)@[8,15]
g1132(81,666,641)@[14,20]
g1131(429,693,278)@[16,46]
g1132(94,195,322)@[22,39]
g1132(681,469,521)@[31,45]
g1131(205,403,687)@[2,21]
g1132(443,533,380)@[22,41]
g1132(544,912,210)@[5,25]
g1131(467,535,275)@[7,12]
g1131(814,176,352)@[7,21]
g1131(539,323,148)@[32,45]
g1131(169,20,35)@[28,30]
g1132(723,345,738)@[30,36]
g1132(337,459,179)@[18,31]
g1132(792,533,271)@[9,37]
g1131(784,471,714)@[11,36]
g1131(435,24,399)@[5,22]
g1132(709,561,357)@[12,41]
g1131(844,772,800)@[10,38]
g1131(358,915,368)@[18,21]
g1131(540,304,556)@[3,18]
g1132(122,734,317)@[9,45]
g1131(334,723,223)@[11,48]
g1131(623,176,741)@[16,39]
g1132(188,685,607)@[27,43]
g1132(512,710,327)@[22,36]
g1131(463,891,667)@[24,39]
g1131(688,472,401)@[3,34]
g1131(890,388,77)@[12,36]
g1131(642,462,270)@[21,31]
g1131(237,196,869)@[25,40]
g1131(421,699,641)@[7,28]
g1132(897,270,402)@[37,46]
g1131(296,363,364)@[12,31]
g1131(689,413,620)@[43,49]
g1132(633,279,741)@[15,24]
g1132(27,777,333)@[2,48]
g1132(251,44,289)@[12,14]
g1131(824,845,240)@[6,24]
g1132(118,97,682)@[7,31]
g1131(364,867,173)@[22,36]
g1132(151,602,444)@[14,21]
g1132(542,559,403)@[18,34]
g1132(436,785,332)@[21,35]
g1131(853,804,669)@[37,49]
g1131(736,568,726)@[10,27]
g1132(479,674,808)@[22,44]
g1132(497,630,692)@[0,43]
g1132(339,467,328)@[19,21]
g1131(558,233,244)@[8,16]
g1132(133,699,759)@[34,35]
g1132(467,672,734)@[23,35]
g1131(544,822,825)@[26,41]
g1131(527,694,281)@[41,47]
g1132(710,867,874)@[29,47]
g1132(622,359,402)@[13,40]
g1131(501,518,490)@[26,39]
g1131(686,609,455)@[7,18]
g1132(241,710,201)@[10,47]
g1132(294,234,910)@[25,27]
g1132(616,301,216)@[37,47]
g1131(143,11,491)@[25,45]
g1131(888,347,632)@[23,34]
g1132(585,20,219)@[40,48]
g1131(456,586,742)@[15,33]
g1132(627,46,550)@[23,27]
g1131(602,33,914)@[32,33]
g1132(685,714,222)@[2,45]
g1132(715,131,16)@[7,40]
g1132(52,636,449)@[29,31]
g1132(494,35,585)@[15,25]
g1132(589,362,18)@[1,39]
g1132(382,339,20)@[10,23]
g1131(58,579,258)@[21,23]
g1132(553,887,696)@[12,47]
g1132(447,648,127)@[8,17]
g1132(248,447,422)@[31,43]
g1131(812,749,824)@[11,12]
g1132(919,164,596)@[11,45]
g1132(454,217,394)@[38,48]
g1132(89,561,508)@[20,46]
g1132(777,70,103)@[11,30]
g1131(372,140,798)@[12,34]
g1131(198,615,905)@[11,21]
g1131(561,906,246)@[0,40]
g1132(103,181,786)@[21,25]
g1131(157,731,502)@[12,28]
g1131(28,726,797)@[1,32]
g1131(710,474,44)@[2,25]
g1131(298,266,133)@[1,18]
g1131(242,246,821)@[25,44]
g1131(666,893,162)@[29,41]
g1131(38,717,528)@[20,22]
g1132(855,375,655)@[31,38]
g1131(356,739,626)@[10,35]
g1131(735,465,328)@[2,16]
g1132(2,709,105)@[5,46]
g1131(852,585,766)@[8,27]
g1131(352,31,704)@[5,30]
g1132(191,588,428)@[39,47]
g1132(209,375,218)@[42,47]
g1132(594,309,767)@[13,44]
g1131(638,843,679)@[26,49]
g1132(47,361,392)@[14,47]
g1132(866,835,492)@[33,37]
g1131(292,347,784)@[0,47]
g1132(234,902,512)@[33,38]
g1131(864,198,296)@[4,26]
g1132(256,238,500)@[25,43]
g1132(831,472,413)@[4,31]
g1131(193,261,35)@[14,32]
g1132(4,390,50)@[16,38]
g1131(136,487,160)@[33,41]
g1132(493,670,409)@[1,16]
g1132(474,837,158)@[9,16]
g1131(202,864,608)@[19,39]
g1131(674,145,425)@[1,18]
g1132(555,189,590)@[27,29]
g1132(455,318,285)@[7,42]
g1132(258,377,154)@[15,37]
g1132(31,916,69)@[47,48]
g1131(63,54,371)@[32,44]
g1132(729,610,567)@[11,30]
g1131(755,739,554)@[7,41]
g1131(333,569,561)@[36,38]
g1132(57,763,32)@[14,21]
g1132(112,405,150)@[21,46]
g1132(306,20,30)@[19,43]
g1132(717,789,528)@[14,15]
g1131(266,43,397)@[4,17]
g1131(616,58,352)@[15,36]
g1132(687,839,223)@[1,13]
g1132(650,358,238)@[28,37]
g1132(620,95,293)@[17,43]
g1131(377,460,338)@[46,48]
g1131(404,738,208)@[21,22]
g1132(719,352,683)@[38,44]
g1132(209,113,271)@[0,48]
g1131(267,200,56)@[36,48]
g1131(543,8,601)@[16,40]
g1131(380,230,207)@[20,29]
g1131(829,209,207)@[2,23]
g1132(34,577,503)@[3,42]
g1132(517,105,576)@[10,25]
g1131(758,29,772)@[40,44]
g1132(332,895,655)@[17,43]
g1131(84,306,228)@[3,25]
g1131(306,658,138)@[10,39]
g1131(228,63,372)@[4,31]
g1131(57,583,225)@[17,36]
g1132(675,919,893)@[5,30]
g1131(327,771,494)@[14,47]
g1131(43,678,734)@[6,19]
g1131(874,424,34)@[20,34]
g1131(855,220,55)@[27,39]
g1131(464,212,398)@[4,38]
g1132(711,795,101)@[20,29]
g1132(200,224,749)@[14,28]
g1131(586,559,769)@[40,46]
g1131(91,716,53)@[4,37]
g1132(631,657,858)@[27,37]
g1131(15,540,317)@[28,38]
g1132(663,901,519)@[17,33]
g1132(74,37,345)@[5,28]
g1132(80,563,913)@[3,30]
g1132(285,429,432)@[21,24]
g1132(547,823,125)@[6,27]
g1132(728,548,320)@[44,46]
g1131(368,330,64)@[24,40]
g1131(619,470,219)@[35,36]
g1132(686,194,239)@[20,47]
g1131(401,41,814)@[20,32]
g1132(830,609,110)@[26,38]
g1132(417,209,833)@[0,36]
g1132(649,414,396)@[23,48]
g1131(597,731,41)@[34,36]
g1131(249,431,321)@[9,28]
g1131(569,512,465)@[0,42]
g1131(255,35,806)@[21,23]
g1132(617,749,632)@[20,41]
g1131(615,854,345)@[7,41]
g1132(442,898,899)@[8,40]
g1131(801,61,109)@[4,29]
g1131(652,510,461)@[25,33]
g1131(767,650,340)@[8,34]
g1132(466,518,875)@[9,13]
g1132(617,206,662)@[15,32]
g1132(145,604,115)@[28,36]
g1132(643,672,400)@[5,17]
g1131(830,825,203)@[1,29]
g1131(243,61,329)@[4,38]
g1131(594,343,12)@[0,27]
g1131(333,51,38)@[2,15]
g1132(173,24,895)@[18,19]
g1131(619,603,648)@[22,38]
g1132(274,864,883)@[28,37]
g1131(225,881,807)@[15,24]
g1131(265,163,309)@[4,44]
g1131(324,242,842)@[26,43]
g1132(917,43,324)@[28,38]
g1131(132,665,535)@[22,27]
g1132(262,156,432)@[2,11]
g1132(671,717,326)@[17,29]
g1131(257,348,821)@[33,35]
g1131(543,536,594)@[0,28]
g1132(775,841,350)@[0,47]
g1131(56,869,819)@[15,40]
g1132(267,384,783)@[35,47]
g1131(510,708,915)@[16,30]
g1131(64,89,919)@[5,31]
g1132(405,449,25)@[3,48]
g1132(191,60,797)@[21,36]
g1131(479,808,674)@[10,47]
g1131(906,470,554)@[19,41]
g1131(609,566,394)@[6,16]
g1132(132,160,488)@[3,26]
g1132(261,419,844)@[42,43]
g1131(216,531,230)@[18,21]
g1131(829,396,179)@[9,10]
g1132(727,336,480)@[43,49]
g1131(693,758,374)@[27,46]
g1132(63,851,835)@[2,19]
g1131(27,229,390)@[14,19]
g1132(371,178,777)@[12,20]
g1132(554,654,363)@[38,40]
g1131(777,755,283)@[9,21]
g1132(282,754,18)@[18,38]
g1132(895,145,236)@[10,30]
g1131(39,707,165)@[2,19]
g1131(425,389,485)@[13,38]
g1131(620,720,383)@[8,27]
g1132(525,32,143)@[8,32]
g1131(49,206,796)@[9,48]
g1132(148,769,833)@[17,41]
g1131(462,148,741)@[22,25]
g1132(130,55,155)@[26,29]
g1131(229,710,590)@[8,26]
g1132(525,677,320)@[42,45]
g1131(491,358,480)@[1,5]
g1131(759,194,474)@[38,46]
g1132(263,179,823)@[25,38]
g1131(14,749,893)@[5,44]
g1131(790,573,415)@[27,32]
g1131(287,83,159)@[27,46]
g1132(186,73,459)@[8,35]
g1131(5,781,184)@[8,26]
g1131(126,509,750)@[33,46]
g1132(161,174,274)@[26,43]
g1132(138,640,673)@[1,11]
g1132(427,70,282)@[28,49]
g1131(93,154,720)@[15,34]
g1132(681,689,122)@[17,38]
g1132(652,641,885)@[0,28]
g1131(606,53,428)@[16,22]
g1131(246,503,296)@[15,32]
g1132(884,770,295)@[0,42]
g1132(590,655,914)@[31,37]
g1132(251,76,211)@[11,19]
g1132(618,439,75)@[16,28]
g1132(365,86,660)@[2,25]
g1132(389,496,275)@[2,30]
g1132(110,669,623)@[16,45]
g1132(855,55,220)@[40,45]
g1132(109,765,69)@[14,34]
g1131(617,632,749)@[8,36]
g1132(443,187,30)@[37,43]
g1132(303,316,464)@[5,37]
g1132(823,708,314)@[18,24]
g1131(731,67,251)@[32,49]
g1132(167,588,441)@[5,13]
g1132(397,665,591)@[11,42]
g1132(354,21,215)@[24,46]
g1131(419,128,486)@[36,48]
g1131(648,60,367)@[13,46]
g1132(295,270,434)@[31,40]
g1131(599,468,736)@[29,42]
g1131(874,40,826)@[8,48]
g1132(738,79,584)@[20,42]
g1132(246,828,100)@[45,47]
g1131(430,596,604)@[9,20]
g1132(318,746,875)@[4,44]
g1131(472,558,815)@[28,36]
g1132(45,520,119)@[24,36]
g1132(441,248,481)@[2,18]
g1132(259,364,262)@[2,36]
g1132(295,206,184)@[10,41]
g1132(262,76,449)@[26,29]
g1132(916,902,81)@[6,19]
g1132(779,83,249)@[10,15]
g1131(435,865,90)@[7,10]
g1131(14,271,3)@[3,15]
g1132(407,410,89)@[3,7]
g1131(428,12,810)@[37,47]
g1132(541,380,543)@[0,40]
g1131(559,79,46)@[21,43]
g1132(317,361,745)@[2,14]
g1132(242,821,246)@[7,22]
g1132(120,160,597)@[26,34]
g1131(430,527,473)@[1,36]
g1131(898,513,675)@[35,48]
g1132(560,908,822)@[1,37]
g1131(858,528,653)@[21,36]
g1132(440,692,796)@[13,45]
g1132(19,377,694)@[44,48]
g1131(233,735,803)@[1,39]
g1132(104,505,162)@[10,12]
g1131(891,317,80)@[38,44]
g1131(665,576,756)@[12,41]
g1132(653,440,403)@[23,37]
g1131(214,588,907)@[21,39]
g1131(405,592,248)@[45,48]
g1131(876,470,560)@[15,32]
g1131(454,344,3)@[10,37]
g1132(432,578,340)@[27,31]
g1132(405,93,29)@[10,27]
g1131(343,755,322)@[16,45]
g1131(329,213,507)@[26,38]
g1132(809,281,527)@[19,29]
g1132(683,622,534)@[14,32]
g1131(12,236,19)@[18,23]
g1132(75,331,519)@[22,34]
g1132(797,613,25)@[19,48]
g1132(876,397,879)@[4,32]
g1132(416,371,882)@[14,45]
g1132(718,96,491)@[28,34]
g1131(127,207,245)@[26,40]
g1131(58,57,887)@[20,28]
g1131(485,714,855)@[10,41]
g1132(233,17,98)@[8,49]
g1131(324,116,345)@[19,29]
g1131(109,628,630)@[8,47]
g1132(87,395,821)@[4,45]
g1132(874,600,743)@[16,28]
g1132(370,415,355)@[30,39]
g1132(58,887,57)@[9,16]
g1132(602,416,133)@[6,14]
g1131(94,553,485)@[5,9]
g1132(543,690,246)@[2,33]
g1131(31,449,61)@[7,13]
g1131(324,860,29)@[2,13]
g1131(21,753,503)@[26,47]
g1132(170,487,254)@[22,48]
g1131(213,15,263)@[18,30]
g1132(619,146,150)@[24,25]
g1131(419,792,443)@[5,32]
g1132(127,479,115)@[3,39]
g1131(341,0,13)@[6,32]
g1131(127,217,198)@[10,18]
g1132(320,223,408)@[3,46]
g1132(412,617,650)@[4,48]
g1132(105,460,196)@[32,35]
g1131(910,625,11)@[15,27]
g1132(234,727,85)@[39,42]
g1132(689,836,744)@[13,49]
g1132(645,170,107)@[23,41]
g1132(565,834,814)@[9,19]
g1132(318,281,26)@[32,38]
g1131(869,78,598)@[6,46]
g1131(843,790,49)@[18,32]
g1132(721,309,432)@[9,36]
g1131(416,538,542)@[2,7]
g1132(673,581,282)@[4,24]
g1132(330,501,61)@[0,8]
g1132(717,363,871)@[20,29]
g1131(320,594,532)@[23,39]
g1131(513,437,41)@[18,37]
g1132(275,160,636)@[2,35]
g1131(565,814,834)@[3,32]
g1132(467,339,798)@[8,36]
g1132(107,748,404)@[0,46]
g1132(162,613,356)@[16,29]
g1132(473,97,342)@[12,34]
g1131(762,319,578)@[20,43]
g1132(839,441,273)@[16,26]
g1132(289,691,735)@[19,46]
g1132(652,461,510)@[2,38]
g1132(776,891,424)@[4,10]
g1131(22,456,40)@[29,44]
g1131(402,917,830)@[31,46]
g1131(684,210,585)@[25,43]
g1132(243,329,61)@[4,13]
g1132(614,386,905)@[36,37]
g1131(234,85,727)@[10,47]
g1132(470,93,212)@[3,39]
g1132(747,608,811)@[1,43]
g1132(199,548,35)@[32,38]
g1132(325,327,352)@[30,41]
g1131(581,896,675)@[9,49]
g1131(478,904,24)@[21,34]
g1132(323,637,26)@[10,44]
g1131(671,174,673)@[23,25]
g1132(334,917,731)@[6,23]
g1131(557,324,549)@[14,49]
g1132(543,594,536)@[24,35]
g1132(423,571,821)@[1,17]
g1132(257,821,348)@[10,30]
g1132(695,56,97)@[22,25]
g1131(55,377,554)@[23,32]
g1131(123,159,739)@[33,45]
g1131(32,198,415)@[7,48]
g1131(739,695,560)@[1,8]
g1131(266,68,285)@[21,24]
g1131(711,412,608)@[30,34]
g1131(850,289,472)@[4,24]
g1131(292,348,901)@[1,40]
g1131(33,250,734)@[40,46]
g1132(27,891,887)@[1,32]
g1132(883,262,385)@[2,14]
g1132(364,437,675)@[43,48]
g1132(195,706,571)@[3,17]
g1132(124,657,378)@[1,16]
g1131(329,6,173)@[11,19]
g1131(141,457,352)@[23,43]
g1131(124,836,739)@[8,46]
g1131(664,526,539)@[5,7]
g1131(169,313,330)@[1,9]
g1131(34,348,372)@[0,13]
g1131(515,466,190)@[1,40]
g1131(405,300,876)@[0,23]
g1132(707,295,666)@[36,43]
g1132(2,571,821)@[20,28]
g1132(691,193,865)@[24,43]
g1131(624,859,806)@[4,18]
g1131(912,648,300)@[9,23]
g1132(463,236,773)@[21,30]
g1131(851,608,460)@[24,34]
g1132(179,76,813)@[1,42]
g1131(444,567,73)@[11,34]
g1132(52,658,83)@[27,42]
g1131(170,774,529)@[4,14]
g1131(783,342,612)@[16,44]
g1132(460,377,615)@[4,32]
g1131(779,749,402)@[7,21]
g1132(791,227,623)@[40,44]
g1132(898,338,724)@[3,11]
g1132(328,545,902)@[29,30]
g1132(865,163,799)@[3,11]
g1132(620,349,256)@[13,29]
g1132(657,813,391)@[16,42]
g1131(486,484,302)@[10,12]
g1132(710,44,474)@[12,35]
g1132(906,585,524)@[24,44]
g1132(494,182,550)@[7,15]
g1132(639,724,190)@[9,45]
g1131(593,85,359)@[2,27]
g1132(380,207,230)@[18,39]
g1131(160,775,294)@[17,45]
g1132(801,109,61)@[5,42]
g1131(312,509,678)@[15,17]
g1132(537,458,640)@[18,44]
g1132(783,612,342)@[0,34]
g1132(431,313,518)@[1,42]
g1132(352,135,365)@[12,37]
g1132(455,420,129)@[14,26]
g1131(743,394,18)@[2,5]
g1132(325,775,796)@[15,47]
g1132(469,636,452)@[9,35]
g1131(307,342,388)@[42,45]
g1132(875,436,870)@[21,32]
g1132(243,767,695)@[28,49]
g1131(389,139,511)@[26,37]
g1131(703,433,171)@[33,37]
g1131(392,418,816)@[4,25]
g1132(160,679,77)@[33,45]
g1131(397,680,42)@[20,35]
g1131(26,582,217)@[14,19]
g1131(884,735,111)@[17,27]
g1131(657,391,813)@[2,12]
g1131(568,418,352)@[21,34]
g1131(212,286,863)@[6,20]
g1131(164,86,426)@[9,46]
g1132(607,181,2)@[29,44]
g1132(21,503,753)@[29,34]
g1131(67,776,396)@[18,42]
g1131(761,184,81)@[30,40]
g1132(283,807,301)@[12,25]
g1131(619,858,98)@[1,12]
g1131(226,633,595)@[27,34]
g1131(71,514,645)@[3,31]
g1131(615,834,595)@[14,26]
g1132(875,529,580)@[20,30]
g1131(474,229,279)@[5,19]
g1131(580,790,565)@[5,25]
g1132(779,96,870)@[23,42]
g1132(850,207,562)@[2,41]
g1131(228,549,807)@[24,31]
g1131(511,800,162)@[1,39]
g1131(676,677,267)@[22,34]
g1131(310,208,603)@[7,23]
g1131(578,20,536)@[29,32]
g1132(199,208,674)@[44,47]
g1131(774,635,281)@[42,47]
