g1006(765,440,611,350)@[10,20]
g1006(600,510,802,391)@[8,20]
g1006(257,300,513,815)@[7,11]
g1004@[10,39]
g1005(146,222,806)@[7,31]
g1004@[23,33]
g1004@[13,23]
g1005(529,885,162)@[32,42]
g1004@[23,30]
g1005(535,386,682)@[8,25]
g1006(241,874,631,333)@[18,19]
g1005(3,100,184)@[4,12]
g1005(858,316,875)@[3,23]
g1005(550,814,741)@[21,33]
g1005(834,767,657)@[35,46]
g1005(909,74,431)@[16,42]
g1005(507,255,109)@[24,34]
g1005(775,843,857)@[10,43]
g1005(39,556,81)@[0,3]
g1005(373,561,484)@[0,20]
g1005(250,109,603)@[24,35]
g1005(681,56,720)@[10,33]
g1005(486,112,94)@[2,37]
g1006(646,94,486,112)@[7,39]
g1005(315,803,576)@[30,40]
g1005(286,414,918)@[32,45]
g1005(302,797,68)@[12,14]
g1004@[6,9]
g1005(879,548,510)@[43,46]
g1005(16,243,749)@[13,36]
g1005(160,908,601)@[13,35]
g1006(566,501,43,357)@[27,35]
g1004@[29,38]
g1005(153,753,283)@[5,34]
g1005(791,25,556)@[45,47]
g1005(227,98,618)@[14,25]
g1004@[4,14]
g1004@[26,34]
g1005(684,665,649)@[14,34]
g1004@[2,47]
g1004@[9,47]
g1005(230,292,571)@[17,25]
g1004@[1,18]
g1005(777,646,517)@[4,46]
g1005(639,617,142)@[6,28]
g1005(863,19,430)@[6,25]
g1005(270,606,859)@[2,19]
g1005(619,468,768)@[19,27]
g1005(409,588,389)@[43,49]
g1005(544,18,529)@[0,9]
g1004@[20,35]
g1004@[12,36]
g1005(361,686,653)@[28,44]
g1005(826,35,567)@[15,32]
g1005(909,167,910)@[7,8]
g1005(520,51,874)@[12,44]
g1004@[30,47]
g1005(896,719,826)@[21,46]
g1004@[32,40]
g1004@[32,47]
g1006(419,203,289,175)@[4,25]
g1005(494,164,785)@[17,21]
g1005(670,289,254)@[36,39]
g1005(685,6,485)@[3,36]
g1005(446,123,364)@[21,37]
g1004@[4,47]
g1004@[22,31]
g1004@[33,35]
g1005(704,753,833)@[15,43]
g1005(370,471,854)@[32,44]
g1005(490,881,223)@[3,19]
g1004@[14,24]
g1005(862,632,886)@[24,31]
g1004@[5,14]
g1004@[37,46]
g1005(622,581,540)@[7,9]
g1005(462,65,173)@[22,39]
g1006(845,125,402,392)@[8,10]
g1005(312,104,487)@[3,42]
g1005(235,97,201)@[24,27]
g1005(79,807,536)@[7,49]
g1004@[21,36]
g1005(607,47,842)@[10,30]
g1005(282,175,413)@[1,36]
g1004@[10,35]
g1004@[7,32]
g1005(105,356,517)@[9,17]
g1005(909,193,7)@[4,9]
g1004@[22,31]
g1004@[23,45]
g1004@[13,46]
g1004@[33,34]
g1005(818,429,680)@[6,21]
g1005(392,723,228)@[12,41]
g1005(38,429,204)@[4,32]
g1005(558,670,582)@[40,46]
g1005(235,137,816)@[4,44]
g1006(354,96,92,66)@[18,20]
g1004@[19,49]
g1005(235,522,593)@[10,11]
g1004@[3,31]
g1004@[11,15]
g1005(55,135,98)@[40,48]
g1004@[10,36]
g1004@[32,35]
g1005(865,533,296)@[22,45]
g1005(210,360,658)@[7,8]
g1005(671,14,325)@[3,27]
g1006(855,6,868,249)@[30,49]
g1005(901,501,792)@[33,48]
g1005(601,669,790)@[18,43]
g1005(614,299,198)@[5,29]
g1005(76,168,234)@[9,26]
g1004@[26,44]
g1005(549,674,275)@[9,13]
g1005(516,575,291)@[23,24]
g1005(481,408,562)@[4,38]
g1004@[28,43]
g1005(655,788,459)@[28,36]
g1005(847,226,628)@[3,16]
g1005(643,561,230)@[32,35]
g1004@[25,44]
g1005(875,409,128)@[0,20]
g1005(488,806,27)@[11,37]
g1005(115,314,209)@[10,41]
g1005(145,129,348)@[12,38]
g1006(150,449,155,623)@[26,41]
g1005(275,780,226)@[40,41]
g1006(547,237,784,116)@[17,33]
g1005(369,370,668)@[5,37]
g1005(761,330,693)@[34,45]
g1004@[27,43]
g1004@[24,36]
g1005(909,365,627)@[2,10]
g1004@[8,18]
g1004@[11,20]
g1006(26,821,394,421)@[9,32]
g1005(43,221,582)@[16,35]
g1004@[1,29]
g1005(110,837,882)@[5,48]
g1006(910,87,648,40)@[24,25]
g1004@[32,45]
g1006(412,754,845,85)@[5,39]
g1005(58,8,344)@[12,44]
g1005(774,879,839)@[35,47]
g1005(636,361,441)@[1,37]
g1004@[3,29]
g1004@[20,23]
g1005(354,761,301)@[3,4]
g1005(247,465,291)@[11,19]
g1005(751,644,841)@[6,10]
g1006(302,682,636,95)@[44,45]
g1005(359,772,852)@[33,43]
g1005(410,271,449)@[32,46]
g1005(328,256,229)@[8,43]
g1006(853,241,577,632)@[20,45]
g1005(679,833,562)@[11,25]
g1005(862,586,400)@[15,49]
g1005(256,509,701)@[20,30]
g1005(669,632,329)@[0,46]
g1004@[21,31]
g1005(332,3,799)@[24,38]
g1005(596,268,756)@[5,38]
g1006(34,73,739,308)@[29,39]
g1004@[18,30]
g1006(615,8,795,238)@[32,45]
g1005(220,384,220)@[38,43]
g1004@[4,39]
g1004@[15,44]
g1005(838,419,3)@[1,26]
g1005(236,878,188)@[18,34]
g1005(303,734,556)@[13,48]
g1005(211,21,652)@[30,36]
g1006(237,264,64,122)@[18,39]
g1006(763,155,511,16)@[9,47]
g1005(570,470,194)@[21,44]
g1006(172,629,500,392)@[3,26]
g1005(761,454,685)@[15,36]
g1004@[46,48]
g1005(214,379,650)@[2,38]
g1005(127,564,722)@[40,46]
g1004@[8,13]
g1005(307,379,308)@[8,35]
g1004@[26,34]
g1005(272,389,911)@[16,23]
g1005(354,145,750)@[5,30]
g1005(404,444,460)@[9,14]
g1006(609,629,178,266)@[20,33]
g1005(446,349,149)@[4,16]
g1004@[18,49]
g1005(234,7,24)@[5,39]
g1005(823,385,443)@[10,20]
g1005(14,109,134)@[26,31]
g1005(405,809,175)@[22,32]
g1004@[8,46]
g1005(217,114,463)@[10,30]
g1005(308,742,478)@[3,14]
g1006(759,27,562,131)@[29,44]
g1004@[7,41]
g1005(363,279,646)@[9,25]
g1005(140,695,5)@[20,23]
g1005(481,554,28)@[12,41]
g1006(645,274,152,808)@[17,18]
g1004@[24,29]
g1005(877,395,112)@[1,11]
g1005(919,534,470)@[9,40]
g1005(126,643,488)@[20,27]
g1005(254,864,111)@[19,37]
g1005(748,692,121)@[6,24]
g1004@[43,49]
g1005(339,70,208)@[15,35]
g1005(469,379,90)@[8,31]
g1004@[22,37]
g1004@[6,21]
g1004@[2,31]
g1005(531,293,34)@[14,23]
g1005(146,830,731)@[14,22]
g1004@[27,43]
g1005(760,170,113)@[17,39]
g1004@[13,19]
g1004@[0,38]
g1006(637,850,811,692)@[11,16]
g1006(413,246,541,699)@[11,14]
g1005(373,539,708)@[39,44]
g1006(651,413,765,871)@[12,49]
g1005(550,450,432)@[17,46]
g1004@[1,4]
g1005(915,669,518)@[6,38]
g1005(339,450,120)@[6,18]
g1005(565,302,212)@[39,44]
g1005(14,368,195)@[46,48]
g1005(428,477,96)@[10,45]
g1004@[19,20]
g1004@[14,27]
g1006(788,297,584,310)@[21,34]
g1005(587,325,776)@[22,31]
g1005(98,716,592)@[16,17]
g1005(163,447,56)@[25,31]
g1006(534,735,896,195)@[1,26]
g1005(2,36,883)@[7,42]
g1005(276,640,430)@[29,44]
g1005(463,47,445)@[1,29]
g1005(62,56,430)@[7,28]
g1005(639,398,287)@[7,27]
g1004@[8,37]
g1006(339,451,48,603)@[4,9]
g1004@[1,15]
g1005(126,740,366)@[10,48]
g1005(128,740,215)@[19,39]
g1005(692,683,488)@[4,30]
g1004@[4,45]
g1005(409,885,138)@[11,15]
g1005(726,732,643)@[12,35]
g1005(298,539,656)@[5,22]
g1005(809,580,787)@[40,41]
g1004@[23,42]
g1005(621,830,527)@[8,41]
g1005(397,869,281)@[19,20]
g1005(788,51,108)@[13,22]
g1005(488,183,100)@[1,15]
g1005(742,124,495)@[24,48]
g1005(541,458,690)@[17,33]
g1005(107,371,424)@[10,24]
g1005(513,815,300)@[12,29]
g1004@[2,35]
g1005(746,378,163)@[12,37]
g1005(845,255,868)@[45,47]
g1004@[18,32]
g1005(230,31,388)@[35,38]
g1005(445,39,113)@[30,41]
g1004@[9,45]
g1006(156,727,394,707)@[3,41]
g1005(600,33,290)@[19,20]
g1004@[3,38]
g1005(623,792,850)@[29,33]
g1005(151,521,168)@[19,35]
g1004@[11,27]
g1005(759,415,300)@[33,41]
g1004@[44,48]
g1005(879,882,893)@[19,28]
g1006(239,19,217,915)@[27,34]
g1005(392,183,573)@[2,49]
g1005(687,434,708)@[5,33]
g1005(11,668,522)@[18,33]
g1005(219,722,530)@[45,46]
g1005(571,898,169)@[16,23]
g1004@[17,49]
g1005(345,771,722)@[0,20]
g1005(78,296,723)@[8,45]
g1005(213,813,785)@[6,39]
g1005(159,245,394)@[43,44]
g1005(43,357,501)@[16,32]
g1005(356,498,144)@[39,49]
g1005(535,685,149)@[1,8]
g1004@[38,40]
g1005(753,396,629)@[5,38]
g1005(164,326,908)@[26,45]
g1004@[38,46]
g1005(883,369,673)@[6,46]
g1005(63,434,794)@[16,37]
g1005(621,647,242)@[12,43]
g1005(556,640,362)@[0,38]
g1005(340,209,770)@[19,36]
g1005(622,72,445)@[9,19]
g1006(385,796,744,36)@[5,23]
g1005(859,38,720)@[7,20]
g1005(437,689,323)@[2,22]
g1004@[32,39]
g1004@[3,4]
g1004@[0,21]
g1004@[1,10]
g1005(269,187,495)@[4,27]
g1005(570,333,325)@[1,27]
g1004@[2,47]
g1004@[2,4]
g1005(132,400,83)@[34,46]
g1004@[2,27]
g1005(177,250,637)@[24,37]
g1005(669,396,527)@[26,31]
g1005(139,835,667)@[10,12]
g1005(865,504,296)@[2,38]
g1006(662,299,543,731)@[9,12]
g1005(453,515,51)@[33,44]
g1006(2,242,399,315)@[10,22]
g1004@[12,36]
g1005(695,358,37)@[14,49]
g1005(378,85,278)@[8,17]
g1006(181,694,12,860)@[9,29]
g1005(248,754,45)@[0,47]
g1005(727,145,495)@[10,16]
g1005(187,401,873)@[3,39]
g1005(740,771,810)@[6,42]
g1005(682,864,509)@[19,38]
g1005(783,776,645)@[30,32]
g1005(769,354,747)@[11,38]
g1005(254,426,272)@[6,33]
g1005(76,430,845)@[17,43]
g1005(220,140,589)@[17,28]
g1006(144,333,105,412)@[4,41]
g1006(772,209,8,417)@[10,32]
g1005(208,909,903)@[6,31]
g1005(300,638,300)@[45,46]
g1005(241,486,544)@[12,44]
g1005(506,524,231)@[4,36]
g1005(694,143,667)@[13,21]
g1005(341,607,237)@[3,27]
g1004@[9,10]
g1005(644,395,13)@[2,30]
g1004@[0,21]
g1004@[37,45]
g1005(524,399,210)@[7,45]
g1005(866,884,871)@[3,9]
g1004@[3,8]
g1005(350,530,549)@[2,38]
g1004@[28,30]
g1004@[35,48]
g1005(270,510,611)@[33,37]
g1004@[31,35]
g1005(725,270,217)@[9,37]
g1004@[13,32]
g1005(72,160,86)@[11,37]
g1004@[27,30]
g1005(771,588,137)@[30,47]
g1005(70,411,393)@[19,38]
g1004@[29,46]
g1005(639,342,699)@[11,42]
g1005(741,183,617)@[30,40]
g1005(388,162,743)@[16,20]
g1005(333,765,815)@[19,37]
g1005(152,226,428)@[16,44]
g1006(267,242,613,554)@[5,20]
g1005(465,767,66)@[2,21]
g1005(269,525,826)@[22,29]
g1005(90,916,233)@[7,31]
g1004@[1,49]
g1006(462,98,583,811)@[28,38]
g1004@[12,14]
g1004@[19,38]
g1006(739,451,407,694)@[3,18]
g1004@[12,29]
g1005(600,239,791)@[11,16]
g1005(93,889,214)@[36,43]
g1005(876,407,702)@[0,45]
g1005(872,629,90)@[3,39]
g1005(166,339,146)@[8,49]
g1006(833,256,296,891)@[3,12]
g1005(292,331,122)@[17,49]
g1005(674,36,278)@[6,45]
g1005(379,509,280)@[10,33]
g1005(263,374,528)@[24,26]
g1005(800,296,687)@[21,39]
g1005(561,37,768)@[17,21]
g1004@[5,37]
g1005(411,166,657)@[0,2]
g1004@[10,40]
g1004@[17,21]
g1005(906,394,176)@[10,47]
g1005(901,881,747)@[8,24]
g1005(374,162,230)@[44,47]
g1006(414,913,164,591)@[4,36]
g1005(427,491,100)@[1,47]
g1005(614,7,24)@[9,17]
g1005(136,662,43)@[32,39]
g1005(533,474,156)@[10,22]
g1005(832,761,651)@[16,26]
g1005(501,703,765)@[4,38]
g1006(835,347,417,611)@[2,7]
g1005(875,599,47)@[38,41]
g1005(674,459,58)@[26,30]
g1006(297,239,289,269)@[23,45]
g1006(476,542,905,171)@[6,31]
g1005(652,894,109)@[4,29]
g1005(553,620,55)@[20,47]
g1004@[2,14]
g1004@[37,39]
g1004@[7,20]
g1005(250,738,688)@[7,45]
g1005(551,431,840)@[31,39]
g1005(895,194,98)@[8,45]
g1005(232,354,558)@[2,22]
g1005(353,765,823)@[29,32]
g1005(571,486,340)@[8,12]
g1004@[5,45]
g1004@[4,46]
g1006(633,674,264,301)@[39,43]
g1004@[25,31]
g1004@[3,44]
g1005(838,808,839)@[11,37]
g1005(625,868,263)@[39,40]
g1005(879,617,495)@[16,25]
g1004@[14,33]
g1006(480,53,130,98)@[12,24]
g1006(172,278,591,671)@[16,25]
g1005(160,311,470)@[3,33]
g1005(349,395,496)@[18,40]
g1005(345,688,50)@[7,33]
g1005(873,387,53)@[1,44]
g1004@[30,32]
g1006(185,273,842,366)@[9,25]
g1005(209,727,433)@[8,48]
g1006(858,748,531,704)@[3,27]
g1005(633,561,616)@[4,34]
g1005(399,298,808)@[9,24]
g1005(412,0,208)@[3,43]
g1005(855,517,459)@[0,36]
g1005(405,169,637)@[26,39]
g1004@[17,35]
g1004@[18,37]
g1006(202,60,742,639)@[4,16]
g1006(441,208,412,0)@[5,41]
g1005(741,721,529)@[8,15]
g1005(32,693,147)@[15,40]
g1004@[25,35]
g1005(908,638,26)@[16,39]
g1005(536,387,497)@[6,10]
g1006(469,538,716,316)@[3,32]
g1005(473,10,88)@[7,37]
g1004@[36,47]
g1005(508,686,582)@[24,32]
g1004@[23,32]
g1005(105,871,268)@[29,35]
g1005(627,775,645)@[40,47]
g1005(214,156,67)@[24,27]
g1004@[33,37]
g1005(673,461,335)@[41,45]
g1005(720,710,367)@[5,14]
g1005(435,413,412)@[9,46]
g1005(847,428,155)@[16,30]
g1005(166,35,771)@[2,21]
g1006(129,809,13,407)@[6,26]
g1005(515,81,2)@[3,39]
g1006(410,555,42,456)@[13,23]
g1005(490,493,81)@[19,46]
g1006(838,799,520,276)@[31,34]
g1004@[24,30]
g1004@[3,25]
g1005(909,686,608)@[26,30]
g1005(254,0,512)@[30,41]
g1004@[24,47]
g1005(236,183,491)@[11,26]
g1005(621,235,143)@[14,45]
g1005(723,776,660)@[9,17]
g1004@[14,26]
g1005(818,468,375)@[37,40]
g1004@[21,49]
g1005(500,387,33)@[13,41]
g1005(343,560,481)@[25,32]
g1006(622,73,777,231)@[29,36]
g1005(665,361,875)@[12,36]
g1006(49,510,879,548)@[4,37]
g1006(436,103,623,703)@[16,40]
g1006(299,899,113,623)@[9,27]
g1004@[10,13]
g1005(394,571,540)@[22,34]
g1005(207,42,616)@[6,21]
g1004@[29,37]
g1005(56,214,878)@[24,28]
g1005(762,386,527)@[1,5]
g1006(918,82,665,256)@[4,8]
g1006(638,845,52,860)@[24,33]
g1005(66,706,536)@[24,26]
g1005(295,740,509)@[19,42]
g1006(389,575,308,895)@[11,28]
g1006(422,237,895,482)@[2,46]
g1005(791,681,489)@[14,34]
g1005(103,364,354)@[16,29]
g1006(610,401,453,842)@[27,40]
g1006(576,502,498,145)@[13,43]
g1004@[26,42]
g1006(844,622,848,475)@[14,19]
g1005(205,240,917)@[13,26]
g1005(256,357,498)@[6,44]
g1005(393,266,887)@[1,2]
g1005(909,43,484)@[10,29]
g1005(612,363,299)@[3,22]
g1004@[3,7]
g1005(782,506,170)@[31,37]
g1005(650,728,319)@[12,15]
g1004@[23,49]
g1005(4,407,195)@[16,40]
g1005(536,333,100)@[35,45]
g1004@[7,49]
g1005(329,777,264)@[19,20]
g1005(681,672,728)@[1,14]
g1005(49,657,304)@[1,22]
g1004@[6,38]
g1005(168,777,52)@[13,43]
g1004@[1,19]
g1005(14,246,258)@[29,39]
g1005(712,817,574)@[14,27]
g1005(632,878,200)@[9,25]
g1005(583,55,184)@[10,15]
g1005(566,626,526)@[25,40]
g1004@[19,32]
g1005(212,687,899)@[0,19]
g1004@[4,16]
g1005(659,10,543)@[9,26]
g1005(873,265,673)@[2,32]
g1005(9,496,291)@[1,28]
g1005(163,822,173)@[1,43]
g1004@[15,26]
g1005(142,840,414)@[2,23]
g1005(57,647,780)@[26,48]
g1005(345,179,791)@[11,37]
g1005(491,575,185)@[2,31]
g1005(656,787,524)@[4,43]
g1005(459,265,650)@[0,2]
g1005(275,452,780)@[1,44]
g1005(319,917,615)@[6,28]
g1005(134,407,853)@[32,38]
g1005(603,9,473)@[1,13]
g1006(693,408,198,174)@[5,33]
g1006(918,218,311,544)@[11,30]
g1004@[4,32]
g1005(280,255,316)@[16,20]
g1004@[0,11]
g1006(90,94,735,7)@[15,27]
g1004@[0,22]
g1006(208,60,117,908)@[16,20]
g1004@[6,46]
g1005(324,527,850)@[17,29]
g1005(824,542,800)@[1,3]
g1005(202,830,190)@[24,42]
g1005(46,894,43)@[15,19]
g1005(742,639,60)@[4,45]
g1004@[34,40]
g1004@[6,18]
g1005(817,787,271)@[3,47]
g1005(881,59,483)@[2,34]
g1004@[44,49]
g1006(86,241,657,134)@[36,48]
g1004@[11,40]
g1006(317,233,90,916)@[22,45]
g1005(591,514,509)@[31,44]
g1005(331,782,325)@[15,40]
g1006(666,566,756,705)@[36,46]
g1005(79,612,231)@[38,39]
g1005(706,27,8)@[31,44]
g1005(659,541,397)@[29,44]
g1005(917,863,838)@[4,10]
g1004@[27,29]
g1005(70,344,388)@[18,25]
g1005(644,190,893)@[17,33]
g1004@[29,35]
g1004@[47,48]
g1005(138,909,412)@[6,18]
g1006(296,375,785,379)@[18,27]
g1005(770,551,888)@[11,37]
g1005(314,312,129)@[9,38]
g1004@[17,26]
g1005(465,274,900)@[7,17]
g1005(876,839,334)@[31,39]
g1005(816,373,916)@[24,48]
g1005(323,803,532)@[1,14]
g1004@[2,17]
g1005(615,774,690)@[17,32]
g1005(786,257,742)@[29,34]
g1006(423,171,56,508)@[4,9]
g1004@[12,20]
g1004@[33,39]
g1005(393,524,335)@[24,31]
g1005(61,153,129)@[24,34]
g1004@[29,45]
g1005(340,856,90)@[11,14]
g1006(194,88,792,730)@[20,41]
g1005(68,1,534)@[4,42]
g1005(634,242,137)@[2,4]
g1006(870,123,563,268)@[5,9]
g1005(150,895,847)@[6,49]
g1005(6,482,179)@[17,41]
g1005(501,749,242)@[1,31]
g1004@[2,25]
g1005(118,201,306)@[11,32]
g1005(834,857,96)@[1,25]
g1005(611,881,417)@[6,45]
g1005(400,341,125)@[19,25]
g1006(836,598,510,143)@[23,35]
g1005(659,769,86)@[4,27]
g1004@[11,41]
g1005(667,85,350)@[18,21]
g1005(655,170,369)@[2,34]
g1005(148,534,148)@[22,44]
g1006(817,546,821,637)@[9,21]
g1005(186,249,79)@[13,29]
g1005(102,1,467)@[12,14]
g1005(520,618,885)@[7,12]
g1004@[32,45]
g1005(11,216,408)@[31,45]
g1004@[12,17]
g1005(493,333,148)@[6,12]
g1004@[25,33]
g1005(878,660,9)@[3,28]
g1005(106,719,124)@[18,47]
g1005(94,466,248)@[30,31]
g1005(455,811,656)@[10,23]
g1004@[2,36]
g1004@[5,6]
g1004@[3,24]
g1006(331,337,6,697)@[17,41]
g1004@[9,48]
g1005(178,363,157)@[30,34]
g1005(216,518,247)@[1,6]
g1005(316,128,6)@[24,48]
g1005(360,174,368)@[3,47]
g1005(255,368,69)@[32,46]
g1006(352,919,420,261)@[16,33]
g1005(420,218,621)@[6,48]
g1005(740,730,75)@[25,27]
g1005(378,333,215)@[3,38]
g1006(710,210,377,871)@[16,46]
g1004@[13,37]
g1005(475,224,128)@[47,48]
g1004@[36,39]
g1005(77,898,317)@[45,46]
g1004@[8,10]
g1004@[40,44]
g1005(370,424,328)@[31,40]
g1004@[26,32]
g1005(742,79,308)@[8,38]
g1005(236,15,3)@[7,19]
g1004@[0,28]
g1004@[9,35]
g1005(536,277,19)@[28,30]
g1005(339,56,834)@[2,35]
g1006(342,582,508,686)@[10,11]
g1005(423,543,130)@[6,14]
g1005(90,815,180)@[30,31]
g1005(890,18,753)@[38,44]
g1004@[7,35]
g1005(152,64,85)@[7,40]
g1005(730,309,674)@[7,26]
g1005(392,872,5)@[19,45]
g1005(412,387,693)@[8,41]
g1005(491,436,715)@[24,29]
g1005(206,544,170)@[28,41]
g1005(559,47,9)@[15,37]
g1005(369,169,703)@[35,41]
g1005(50,692,669)@[25,48]
g1004@[11,35]
g1005(372,887,781)@[9,20]
g1005(185,579,415)@[31,33]
g1004@[7,22]
g1004@[17,47]
g1005(423,134,453)@[1,37]
g1005(549,516,97)@[15,26]
g1005(450,652,64)@[42,49]
g1005(147,153,277)@[7,45]
g1005(257,897,916)@[26,32]
g1005(859,724,810)@[7,17]
g1006(357,710,39,512)@[40,43]
g1005(122,915,505)@[30,47]
g1005(176,369,605)@[45,48]
g1005(802,232,88)@[0,3]
g1005(200,842,882)@[31,46]
g1005(111,444,203)@[20,44]
g1005(717,426,368)@[6,18]
g1004@[14,47]
g1004@[12,13]
g1004@[16,41]
g1005(853,507,765)@[27,38]
g1004@[24,27]
g1004@[24,30]
g1006(83,406,367,151)@[30,39]
g1005(610,189,700)@[14,39]
g1005(661,562,636)@[25,41]
g1005(697,201,322)@[5,40]
g1005(89,416,473)@[0,13]
g1005(714,804,232)@[25,43]
g1006(245,843,892,457)@[3,46]
g1004@[27,40]
g1006(519,195,511,743)@[11,18]
g1005(46,576,2)@[16,36]
g1005(13,379,578)@[29,34]
g1005(233,195,707)@[7,15]
g1005(840,755,148)@[4,38]
g1005(36,172,392)@[12,37]
g1005(214,263,640)@[29,46]
g1005(694,763,184)@[32,40]
g1005(611,350,440)@[2,15]
g1004@[15,48]
g1005(476,732,226)@[13,36]
g1004@[7,10]
g1005(512,615,822)@[3,47]
g1005(562,160,182)@[18,23]
g1004@[30,32]
g1005(62,911,301)@[25,30]
g1004@[6,30]
g1004@[9,37]
g1005(855,358,718)@[13,39]
g1006(554,880,144,490)@[16,27]
g1005(372,412,247)@[0,3]
g1005(459,240,451)@[20,33]
g1005(788,217,708)@[16,27]
g1005(158,843,895)@[11,41]
g1005(103,620,913)@[16,40]
g1005(467,302,219)@[30,43]
g1005(521,682,374)@[41,43]
g1004@[8,38]
g1006(9,640,214,263)@[19,35]
g1004@[25,26]
g1005(59,696,150)@[16,26]
g1005(175,910,565)@[40,49]
g1005(719,311,698)@[1,29]
g1005(225,660,771)@[16,34]
g1005(219,830,817)@[19,43]
g1005(905,23,572)@[4,8]
g1005(356,143,386)@[6,44]
g1006(842,33,500,387)@[10,32]
g1005(551,393,564)@[4,48]
g1004@[32,41]
g1005(900,906,164)@[5,15]
g1004@[10,41]
g1004@[12,41]
g1005(780,235,321)@[35,39]
g1005(482,185,79)@[10,43]
g1005(806,675,155)@[1,36]
g1005(686,185,19)@[34,45]
g1005(315,783,756)@[22,29]
g1004@[15,34]
g1005(753,833,192)@[19,22]
g1005(218,863,163)@[6,47]
g1005(584,310,297)@[10,42]
g1005(271,710,776)@[6,8]
g1004@[2,4]
g1005(148,910,546)@[12,18]
g1006(748,865,855,853)@[29,41]
g1005(733,148,732)@[18,21]
g1006(38,661,720,820)@[4,47]
g1005(390,341,820)@[2,24]
g1004@[8,31]
g1005(453,120,359)@[1,28]
g1005(281,644,785)@[24,47]
g1005(587,539,64)@[33,37]
g1004@[30,42]
g1004@[9,39]
g1005(92,677,384)@[12,32]
g1006(67,705,526,881)@[2,38]
g1004@[10,46]
g1005(39,631,789)@[1,36]
g1004@[22,25]
g1004@[8,45]
g1005(525,529,629)@[9,32]
g1005(415,156,813)@[4,24]
g1005(540,36,635)@[2,46]
g1005(318,31,276)@[3,43]
g1005(808,360,141)@[13,23]
g1006(798,525,27,355)@[0,47]
g1004@[13,28]
g1005(428,718,375)@[29,39]
g1005(118,63,691)@[15,49]
g1004@[45,47]
g1004@[10,26]
g1005(746,292,103)@[5,6]
g1005(202,541,469)@[17,40]
g1005(183,5,88)@[17,36]
g1005(499,223,250)@[4,43]
g1005(728,829,793)@[12,45]
g1005(836,289,252)@[25,40]
g1005(51,863,678)@[16,33]
g1005(86,335,667)@[15,42]
g1004@[22,35]
g1005(437,5,484)@[13,45]
g1004@[5,22]
g1005(346,847,809)@[19,20]
g1005(491,738,148)@[34,40]
g1006(842,566,821,788)@[27,40]
g1005(27,355,525)@[31,43]
g1004@[0,48]
g1005(474,78,134)@[23,24]
g1004@[25,46]
g1005(776,267,290)@[33,45]
g1004@[5,23]
g1004@[11,24]
g1004@[5,6]
g1005(309,391,35)@[16,29]
g1004@[20,37]
g1005(241,32,702)@[1,21]
g1005(59,878,150)@[32,42]
g1005(118,544,859)@[33,35]
g1005(432,473,121)@[15,39]
g1005(491,710,597)@[12,19]
g1005(428,371,119)@[2,7]
g1004@[3,24]
g1005(599,339,372)@[13,32]
g1005(870,255,711)@[18,32]
g1005(33,704,439)@[6,10]
g1005(807,606,586)@[2,24]
g1005(781,910,523)@[0,16]
g1004@[13,20]
g1006(437,906,272,340)@[2,44]
g1005(14,394,455)@[3,37]
g1005(45,330,495)@[6,35]
g1005(570,258,452)@[14,44]
g1004@[0,15]
g1005(719,154,472)@[26,37]
g1005(621,623,601)@[30,33]
g1005(121,378,153)@[18,34]
g1004@[22,49]
g1004@[16,25]
g1004@[32,43]
g1005(254,275,648)@[31,35]
g1005(77,813,623)@[13,32]
g1004@[9,13]
g1004@[39,46]
g1005(673,838,163)@[36,38]
g1005(475,510,306)@[47,48]
g1005(3,8,256)@[9,14]
g1004@[17,31]
g1005(408,439,369)@[14,33]
g1005(643,605,69)@[32,33]
g1005(174,793,736)@[0,22]
g1005(557,430,325)@[3,42]
g1005(692,864,370)@[12,16]
g1005(253,280,193)@[24,42]
g1006(877,297,587,367)@[22,39]
g1005(918,165,663)@[19,38]
g1005(16,878,350)@[37,45]
g1005(254,793,213)@[36,40]
g1004@[44,45]
g1004@[0,39]
g1005(402,392,125)@[15,22]
g1004@[12,34]
g1005(681,851,696)@[9,10]
g1005(741,869,746)@[9,47]
g1005(284,876,196)@[6,23]
g1005(852,242,219)@[0,31]
g1005(487,214,737)@[20,48]
g1004@[9,10]
g1005(18,821,356)@[10,47]
g1005(859,368,506)@[11,34]
g1005(478,902,44)@[23,32]
g1005(185,657,508)@[10,25]
g1004@[12,41]
g1004@[38,48]
g1005(264,395,110)@[0,15]
g1004@[17,23]
g1004@[35,45]
g1005(520,592,600)@[4,9]
g1005(245,109,498)@[17,35]
g1004@[22,33]
g1006(308,142,83,712)@[40,44]
g1005(566,223,778)@[43,49]
g1006(496,742,684,549)@[11,27]
g1005(547,699,659)@[3,14]
g1004@[25,45]
g1005(147,729,791)@[16,35]
g1004@[18,24]
g1005(451,144,601)@[8,38]
g1004@[13,15]
g1004@[43,45]
g1006(132,584,895,429)@[8,39]
g1005(332,838,433)@[0,36]
g1005(110,770,604)@[2,28]
g1005(398,324,457)@[4,29]
g1004@[19,23]
g1005(351,489,600)@[30,40]
g1005(661,391,454)@[1,10]
g1004@[13,33]
g1005(623,760,187)@[11,44]
g1005(643,74,492)@[27,30]
g1005(374,185,268)@[11,42]
g1005(561,369,467)@[21,28]
g1006(746,363,886,102)@[10,22]
g1005(378,857,782)@[2,30]
g1005(862,451,203)@[19,24]
g1005(661,225,723)@[9,20]
g1005(888,309,576)@[24,44]
g1005(714,274,767)@[10,12]
g1005(451,746,789)@[39,43]
g1005(867,570,907)@[0,5]
g1005(789,400,764)@[0,35]
g1005(877,521,415)@[0,49]
g1005(378,101,603)@[5,42]
g1004@[40,47]
g1004@[48,49]
g1005(651,601,237)@[17,18]
g1005(525,561,864)@[25,43]
g1005(765,31,703)@[14,23]
g1006(182,698,430,474)@[9,29]
g1005(126,913,366)@[2,12]
g1005(728,405,168)@[5,8]
g1005(166,87,569)@[13,17]
g1005(331,137,79)@[13,44]
g1005(902,560,91)@[5,39]
g1004@[0,8]
g1004@[24,40]
g1005(560,787,58)@[11,37]
g1005(868,641,314)@[27,48]
g1005(585,663,585)@[22,41]
g1006(9,70,600,729)@[10,23]
g1004@[13,16]
g1006(527,448,821,401)@[32,37]
g1005(128,215,757)@[6,16]
g1005(69,917,465)@[3,8]
g1004@[7,30]
g1005(759,408,584)@[9,28]
g1004@[3,48]
g1005(832,440,163)@[9,12]
g1004@[6,34]
g1005(365,233,15)@[20,44]
g1005(492,158,465)@[1,27]
g1005(156,299,483)@[23,39]
g1004@[16,23]
g1005(472,320,457)@[22,40]
g1004@[27,45]
g1004@[1,46]
g1004@[0,13]
g1004@[23,35]
g1005(333,774,543)@[30,42]
g1004@[29,49]
g1004@[19,29]
g1005(170,730,693)@[10,39]
g1004@[27,36]
g1005(600,729,70)@[9,24]
g1004@[19,36]
g1005(804,700,575)@[31,33]
g1004@[0,31]
g1005(420,261,919)@[35,37]
g1005(535,321,567)@[9,25]
g1005(269,105,826)@[14,38]
g1006(301,394,128,382)@[8,33]
g1004@[9,21]
g1004@[9,11]
g1005(788,609,62)@[0,21]
g1006(544,272,231,257)@[34,43]
g1005(846,913,901)@[22,26]
g1004@[5,32]
g1005(506,163,450)@[12,19]
g1005(262,778,517)@[37,49]
g1006(92,721,7,892)@[11,33]
g1006(347,527,390,434)@[9,16]
g1004@[34,45]
g1004@[1,30]
g1005(707,337,128)@[13,14]
g1005(180,212,169)@[11,38]
g1005(306,134,803)@[17,46]
g1005(853,67,307)@[12,25]
g1005(8,393,268)@[19,25]
g1004@[10,19]
g1005(686,698,567)@[16,21]
g1005(107,35,104)@[39,43]
g1005(669,267,107)@[3,11]
g1005(43,310,48)@[21,25]
g1005(271,271,790)@[13,49]
g1005(18,669,409)@[16,26]
g1005(438,356,709)@[26,34]
g1005(34,421,641)@[36,47]
g1005(363,493,643)@[7,41]
g1004@[3,33]
g1005(6,556,546)@[5,16]
g1006(803,720,772,764)@[2,27]
g1004@[12,26]
g1004@[17,48]
g1005(54,815,352)@[20,49]
g1005(597,290,556)@[7,18]
g1005(386,622,546)@[27,40]
g1006(818,535,300,447)@[3,14]
g1005(509,486,78)@[35,49]
g1005(601,748,76)@[45,46]
g1004@[11,21]
