g1005(750,358,574)@[13,45]
g1005(14,721,415)@[24,31]
g1005(820,446,28)@[28,46]
g1005(548,419,133)@[3,20]
g1005(421,333,128)@[24,44]
g1004@[2,7]
g1005(393,904,153)@[16,27]
g1005(311,702,757)@[23,35]
g1005(137,605,218)@[8,48]
g1005(872,445,9)@[6,11]
g1004@[7,41]
g1005(672,773,434)@[1,43]
g1005(277,697,157)@[0,25]
g1004@[0,28]
g1004@[4,9]
g1004@[22,47]
g1005(355,730,827)@[2,35]
g1006(903,491,887,421)@[15,33]
g1005(715,819,133)@[26,44]
g1005(697,851,830)@[1,49]
g1006(717,612,794,229)@[6,24]
g1004@[5,28]
g1005(821,55,871)@[37,49]
g1005(146,877,416)@[20,43]
g1005(720,322,797)@[35,39]
g1004@[1,46]
g1005(763,342,473)@[16,37]
g1005(849,205,905)@[27,33]
g1004@[3,25]
g1005(634,309,31)@[24,38]
g1005(404,211,81)@[1,21]
g1005(820,302,47)@[26,32]
g1006(238,262,554,338)@[5,13]
g1005(411,196,270)@[4,48]
g1005(736,81,642)@[1,49]
g1004@[2,20]
g1005(276,537,92)@[1,27]
g1005(483,34,679)@[31,45]
g1004@[31,32]
g1005(322,717,306)@[2,16]
g1005(39,854,22)@[17,33]
g1005(388,543,756)@[28,37]
g1006(485,15,355,25)@[4,38]
g1005(701,336,351)@[7,34]
g1006(593,28,198,290)@[3,44]
g1004@[32,48]
g1004@[0,25]
g1005(285,264,659)@[35,46]
g1005(688,20,732)@[20,44]
g1005(174,633,31)@[8,26]
g1004@[35,36]
g1005(375,277,133)@[15,33]
g1004@[24,49]
g1005(254,396,237)@[20,22]
g1006(248,605,493,734)@[10,32]
g1005(465,506,366)@[34,36]
g1005(714,458,868)@[30,45]
g1005(349,856,133)@[2,23]
g1006(25,643,272,21)@[1,4]
g1004@[8,29]
g1005(274,403,453)@[16,17]
g1004@[19,22]
g1005(512,864,445)@[9,35]
g1005(853,776,316)@[9,19]
g1004@[17,33]
g1005(111,355,86)@[38,48]
g1004@[2,20]
g1005(561,188,86)@[11,28]
g1004@[11,13]
g1005(122,278,590)@[11,27]
g1006(796,289,519,318)@[21,35]
g1005(750,706,300)@[5,47]
g1006(760,191,194,25)@[12,32]
g1004@[14,31]
g1005(830,888,547)@[7,30]
g1004@[26,46]
g1005(871,29,375)@[14,16]
g1005(567,878,436)@[1,42]
g1005(544,310,450)@[15,39]
g1005(756,440,236)@[46,47]
g1005(178,549,591)@[39,40]
g1005(714,329,25)@[15,45]
g1005(505,52,430)@[21,42]
g1005(448,723,113)@[33,48]
g1005(890,533,567)@[4,20]
g1005(254,419,823)@[32,38]
g1004@[22,44]
g1004@[21,47]
g1005(91,908,834)@[7,41]
g1005(318,133,634)@[3,44]
g1004@[4,36]
g1004@[27,40]
g1005(662,887,78)@[9,32]
g1005(344,804,417)@[22,34]
g1005(180,799,234)@[12,25]
g1005(863,508,422)@[10,14]
g1005(312,372,77)@[10,44]
g1006(671,293,804,372)@[9,21]
g1004@[37,45]
g1005(487,565,197)@[0,21]
g1005(656,473,337)@[20,38]
g1006(690,32,919,484)@[1,28]
g1005(461,625,350)@[7,13]
g1004@[20,49]
g1005(226,917,375)@[4,45]
g1004@[6,32]
g1005(223,481,248)@[30,31]
g1005(828,96,827)@[9,25]
g1005(480,318,907)@[39,42]
g1005(691,383,580)@[0,33]
g1005(672,199,96)@[19,45]
g1004@[29,44]
g1005(868,405,374)@[19,28]
g1005(819,232,750)@[0,44]
g1004@[26,49]
g1005(95,184,248)@[10,18]
g1004@[37,38]
g1005(633,488,664)@[2,13]
g1005(376,80,790)@[18,36]
g1004@[34,48]
g1005(604,431,538)@[25,47]
g1005(389,722,453)@[26,29]
g1004@[16,21]
g1005(807,339,482)@[39,42]
g1004@[17,31]
g1005(698,281,893)@[16,30]
g1005(268,144,15)@[13,23]
g1004@[1,47]
g1005(653,581,483)@[15,23]
g1004@[42,49]
g1005(602,531,28)@[10,36]
g1004@[23,31]
g1006(644,339,521,768)@[13,42]
g1005(293,725,877)@[44,46]
g1005(505,323,655)@[19,32]
g1005(699,596,614)@[6,25]
g1005(900,230,334)@[26,43]
g1006(243,560,669,228)@[0,39]
g1004@[29,34]
g1005(362,492,395)@[11,45]
g1004@[31,47]
g1004@[27,48]
g1005(467,568,565)@[7,25]
g1004@[14,26]
g1005(757,24,443)@[2,33]
g1004@[36,37]
g1004@[23,25]
g1005(823,761,335)@[11,12]
g1004@[18,27]
g1005(22,286,341)@[19,22]
g1005(863,121,542)@[2,8]
g1006(162,728,717,675)@[11,45]
g1005(37,434,33)@[29,34]
g1004@[1,25]
g1005(444,108,564)@[15,36]
g1005(177,880,598)@[20,37]
g1005(587,577,358)@[17,33]
g1006(654,247,835,837)@[27,41]
g1004@[15,44]
g1004@[25,43]
g1006(851,652,734,896)@[18,43]
g1005(247,875,538)@[28,29]
g1005(414,367,267)@[19,44]
g1004@[20,35]
g1004@[1,45]
g1005(233,185,787)@[29,49]
g1006(315,181,627,732)@[1,21]
g1006(104,494,343,262)@[8,44]
g1005(598,122,540)@[1,35]
g1005(675,248,243)@[19,34]
g1004@[3,25]
g1005(662,688,156)@[23,32]
g1005(876,708,659)@[7,8]
g1005(636,850,742)@[10,18]
g1005(291,704,540)@[5,36]
g1005(141,302,787)@[31,36]
g1006(137,622,189,285)@[13,23]
g1004@[30,35]
g1005(593,490,37)@[2,21]
g1005(379,773,221)@[18,42]
g1004@[16,33]
g1005(181,843,32)@[5,33]
g1004@[36,47]
g1004@[35,47]
g1005(151,480,512)@[5,27]
g1005(699,187,434)@[29,46]
g1005(855,821,384)@[32,35]
g1005(882,156,363)@[3,39]
g1004@[11,28]
g1004@[0,47]
g1005(228,359,730)@[8,32]
g1005(551,283,369)@[5,27]
g1005(335,484,165)@[17,31]
g1005(559,587,416)@[7,26]
g1006(225,374,25,372)@[33,41]
g1005(413,356,901)@[28,40]
g1004@[19,24]
g1004@[22,23]
g1005(626,276,619)@[19,36]
g1005(638,79,163)@[22,31]
g1005(774,857,650)@[32,33]
g1005(507,884,29)@[0,6]
g1005(195,778,774)@[16,18]
g1005(17,721,455)@[24,30]
g1005(807,365,245)@[17,25]
g1005(753,245,596)@[3,5]
g1005(652,337,200)@[4,31]
g1005(906,814,712)@[37,39]
g1004@[33,46]
g1004@[7,27]
g1004@[1,38]
g1005(597,359,600)@[3,8]
g1005(680,883,486)@[11,17]
g1006(65,3,399,843)@[12,45]
g1005(564,312,696)@[2,12]
g1006(400,613,103,702)@[3,20]
g1005(214,706,468)@[1,12]
g1005(676,883,782)@[5,10]
g1005(673,409,493)@[7,41]
g1004@[1,19]
g1006(847,756,269,514)@[21,37]
g1006(509,15,162,505)@[1,10]
g1005(836,434,359)@[19,43]
g1005(757,802,496)@[37,40]
g1005(447,525,761)@[42,45]
g1005(361,335,492)@[11,34]
g1005(845,731,508)@[36,37]
g1005(847,840,604)@[2,31]
g1004@[8,47]
g1004@[6,25]
g1005(734,846,176)@[39,42]
g1005(309,876,849)@[31,39]
g1004@[20,46]
g1004@[7,8]
g1005(218,759,344)@[5,39]
g1005(822,70,578)@[2,35]
g1005(183,714,276)@[2,33]
g1006(865,631,207,807)@[26,48]
g1005(456,76,11)@[13,37]
g1004@[6,16]
g1004@[2,24]
g1005(0,395,646)@[31,46]
g1005(228,43,43)@[24,31]
g1005(342,796,321)@[18,39]
g1004@[20,36]
g1005(352,902,59)@[11,32]
g1005(362,583,693)@[0,24]
g1006(182,472,65,6)@[6,11]
g1005(761,437,397)@[13,36]
g1005(231,190,484)@[17,29]
g1004@[31,43]
g1006(599,910,280,432)@[27,34]
g1004@[41,46]
g1005(574,530,388)@[3,14]
g1005(579,542,107)@[3,25]
g1005(161,843,6)@[17,31]
g1005(276,228,861)@[19,31]
g1005(372,172,117)@[6,34]
g1005(360,235,839)@[19,34]
g1005(746,668,293)@[27,38]
g1005(797,414,740)@[22,27]
g1004@[0,22]
g1005(283,296,757)@[46,48]
g1005(127,114,747)@[21,44]
g1005(148,914,307)@[20,24]
g1004@[10,24]
g1005(254,177,412)@[6,27]
g1004@[2,32]
g1005(14,627,391)@[7,20]
g1005(516,876,747)@[29,37]
g1004@[44,47]
g1005(125,722,445)@[10,12]
g1005(154,206,822)@[25,31]
g1005(219,279,517)@[19,35]
g1005(802,430,438)@[33,43]
g1005(534,116,852)@[0,13]
g1005(710,559,296)@[36,49]
g1004@[7,35]
g1006(80,391,646,409)@[28,42]
g1004@[40,47]
g1005(883,734,234)@[12,46]
g1004@[21,47]
g1006(594,795,351,429)@[3,9]
g1004@[3,15]
g1005(121,755,551)@[20,42]
g1005(188,228,669)@[16,20]
g1005(538,204,50)@[0,7]
g1005(262,484,367)@[7,24]
g1005(277,255,876)@[5,38]
g1006(410,42,356,364)@[10,44]
g1005(888,201,750)@[35,38]
g1006(213,157,820,631)@[11,13]
g1004@[4,30]
g1004@[19,40]
g1006(363,102,762,98)@[10,36]
g1004@[29,30]
g1006(112,839,99,636)@[12,38]
g1006(219,286,524,110)@[14,24]
g1005(257,251,785)@[10,34]
g1005(404,800,282)@[12,33]
g1005(164,349,540)@[13,36]
g1005(442,534,809)@[15,33]
g1005(21,256,299)@[8,48]
g1005(271,269,223)@[10,15]
g1005(480,43,171)@[14,39]
g1006(491,159,578,32)@[0,8]
g1004@[1,34]
g1004@[15,44]
g1004@[0,40]
g1005(323,301,364)@[12,23]
g1005(845,862,503)@[22,26]
g1005(863,42,446)@[35,37]
g1005(512,725,774)@[23,28]
g1005(198,203,529)@[1,20]
g1005(713,259,557)@[21,49]
g1004@[14,25]
g1005(342,650,301)@[18,23]
g1005(835,839,878)@[5,30]
g1004@[4,17]
g1004@[13,47]
g1004@[2,27]
g1004@[27,45]
g1004@[15,45]
g1004@[12,27]
g1006(0,515,707,589)@[16,34]
g1005(292,564,402)@[0,9]
g1006(549,824,893,260)@[11,43]
g1004@[6,21]
g1005(168,364,299)@[27,43]
g1005(456,203,535)@[12,25]
g1004@[9,13]
g1005(455,586,495)@[18,45]
g1004@[10,29]
g1006(303,66,177,874)@[26,48]
g1004@[4,26]
g1005(843,441,833)@[27,41]
g1005(1,529,610)@[7,23]
g1006(240,201,905,885)@[28,41]
g1004@[23,36]
g1004@[16,49]
g1005(86,256,246)@[24,32]
g1005(245,414,381)@[24,45]
g1004@[11,39]
g1005(795,100,575)@[30,38]
g1004@[11,45]
g1005(611,524,375)@[10,32]
g1005(901,688,863)@[27,45]
g1005(350,917,718)@[34,45]
g1005(633,453,544)@[10,39]
g1005(169,351,197)@[24,26]
g1005(325,515,269)@[27,49]
g1005(584,79,165)@[28,29]
g1004@[17,35]
g1004@[18,29]
g1005(182,537,809)@[1,7]
g1005(705,432,77)@[2,34]
g1004@[19,40]
g1005(172,328,62)@[3,31]
g1005(815,177,110)@[15,37]
g1005(20,736,263)@[9,33]
g1005(457,834,460)@[24,39]
g1004@[12,19]
g1004@[31,42]
g1005(331,452,144)@[4,12]
g1004@[3,28]
g1006(424,912,897,292)@[25,48]
g1005(520,262,139)@[20,29]
g1005(500,528,204)@[11,14]
g1004@[32,41]
g1005(532,726,858)@[15,20]
g1005(768,556,238)@[36,46]
g1005(422,648,325)@[10,20]
g1005(654,556,323)@[1,23]
g1005(919,802,567)@[33,34]
g1006(463,874,837,717)@[13,16]
g1005(643,797,178)@[22,43]
g1004@[9,31]
g1005(659,96,806)@[35,42]
g1004@[32,40]
g1004@[24,47]
g1005(618,889,8)@[6,14]
g1005(385,231,76)@[14,17]
g1006(342,397,675,902)@[41,48]
g1004@[21,46]
g1005(784,769,719)@[19,30]
g1004@[9,11]
g1005(736,726,645)@[4,49]
g1005(853,127,233)@[3,43]
g1005(100,277,708)@[24,30]
g1005(688,51,691)@[5,43]
g1005(332,700,129)@[2,38]
g1005(85,252,912)@[21,40]
g1005(591,510,609)@[38,47]
g1005(786,101,215)@[1,21]
g1005(848,391,859)@[20,49]
g1005(810,430,287)@[14,17]
g1004@[25,30]
g1006(729,341,868,301)@[25,40]
g1005(12,240,644)@[8,32]
g1004@[9,22]
g1005(496,276,862)@[4,10]
g1005(18,141,56)@[31,34]
g1005(170,85,148)@[34,39]
g1005(292,19,6)@[7,42]
g1004@[33,47]
g1005(173,44,308)@[12,28]
g1006(327,59,19,331)@[9,44]
g1005(497,22,547)@[10,44]
g1004@[2,41]
g1005(805,523,418)@[11,28]
g1006(439,865,753,500)@[33,45]
g1005(241,378,705)@[2,21]
g1005(252,699,229)@[7,16]
g1004@[0,4]
g1006(451,709,689,567)@[4,37]
g1005(428,355,906)@[10,20]
g1005(14,843,658)@[18,48]
g1005(179,704,435)@[17,46]
g1005(542,681,573)@[9,41]
g1005(836,121,558)@[20,33]
g1005(883,611,719)@[4,31]
g1004@[28,37]
g1005(48,105,846)@[15,26]
g1005(308,265,419)@[6,9]
g1005(301,678,88)@[19,20]
g1005(323,705,77)@[11,49]
g1004@[8,21]
g1005(796,573,656)@[5,43]
g1005(497,910,523)@[1,40]
g1006(287,902,584,579)@[2,24]
g1005(905,260,421)@[37,48]
g1005(678,514,387)@[4,18]
g1005(539,90,621)@[3,5]
g1005(894,636,822)@[8,22]
g1005(8,874,768)@[29,38]
g1005(860,82,447)@[8,27]
g1005(96,533,884)@[2,35]
g1005(351,474,362)@[1,32]
g1005(649,791,94)@[24,35]
g1004@[12,46]
g1005(576,395,515)@[3,35]
g1004@[6,13]
g1005(845,63,579)@[24,45]
g1005(35,62,161)@[0,32]
g1004@[7,15]
g1005(811,13,474)@[11,48]
g1005(735,584,233)@[7,21]
g1006(304,278,856,630)@[28,30]
g1005(496,432,310)@[1,27]
g1005(781,723,459)@[24,43]
g1005(546,111,382)@[16,38]
g1005(168,231,381)@[37,44]
g1005(252,861,511)@[5,18]
g1005(519,585,769)@[27,44]
g1004@[14,33]
g1005(212,542,350)@[19,29]
g1005(368,658,748)@[19,25]
g1006(644,50,168,352)@[7,36]
g1006(296,236,833,567)@[12,41]
g1005(822,196,164)@[13,34]
g1005(861,383,617)@[28,30]
g1004@[20,21]
g1005(119,564,365)@[6,10]
g1005(777,833,162)@[37,47]
g1005(881,392,179)@[18,46]
g1005(898,494,11)@[22,48]
g1005(236,649,471)@[17,27]
g1005(478,208,409)@[1,39]
g1004@[42,45]
g1005(29,170,590)@[20,44]
g1004@[16,43]
g1005(723,168,732)@[8,28]
g1004@[13,48]
g1005(9,11,770)@[0,9]
g1004@[15,31]
g1005(369,712,794)@[6,19]
g1005(546,744,764)@[37,41]
g1005(876,201,231)@[38,43]
g1004@[38,41]
g1004@[9,28]
g1004@[27,40]
g1005(865,744,348)@[28,35]
g1005(65,145,690)@[2,46]
g1006(1,369,676,477)@[24,30]
g1005(546,100,570)@[13,29]
g1005(192,797,329)@[28,47]
g1005(889,79,264)@[24,30]
g1005(297,5,155)@[18,37]
g1005(238,804,219)@[25,48]
g1004@[10,35]
g1005(270,433,717)@[17,45]
g1006(699,667,232,566)@[16,47]
g1005(901,822,869)@[5,23]
g1004@[37,39]
g1005(257,613,554)@[22,38]
g1004@[28,44]
g1005(352,619,427)@[3,7]
g1005(219,392,2)@[12,43]
g1005(594,502,547)@[18,32]
g1005(655,791,863)@[6,22]
g1006(218,668,810,829)@[3,18]
g1006(308,261,611,814)@[30,42]
g1005(18,495,291)@[38,39]
g1004@[16,19]
g1005(321,888,229)@[9,49]
g1005(729,754,759)@[8,11]
g1004@[35,44]
g1004@[20,29]
g1004@[27,42]
g1005(880,741,194)@[26,31]
g1005(420,756,579)@[3,34]
g1004@[24,41]
g1005(683,220,899)@[20,43]
g1005(480,515,14)@[2,26]
g1005(167,108,637)@[14,34]
g1004@[26,36]
g1005(186,870,576)@[0,49]
g1004@[14,17]
g1004@[4,31]
g1005(69,627,60)@[8,26]
g1006(437,363,882,156)@[13,21]
g1005(437,335,32)@[2,39]
g1004@[22,47]
g1005(885,14,657)@[15,24]
g1005(343,444,805)@[24,32]
g1005(482,865,15)@[22,23]
g1004@[15,25]
g1004@[1,36]
g1005(308,716,757)@[26,45]
g1005(550,851,392)@[19,36]
g1006(76,463,687,140)@[3,17]
g1005(876,346,271)@[22,28]
g1005(722,130,417)@[7,40]
g1004@[5,44]
g1005(793,463,199)@[24,40]
g1005(286,796,170)@[4,39]
g1005(416,816,454)@[27,37]
g1006(293,578,374,305)@[12,40]
g1005(235,469,629)@[16,31]
g1005(488,395,520)@[16,27]
g1005(176,105,322)@[30,32]
g1005(376,26,829)@[4,29]
g1005(227,430,754)@[26,37]
g1005(265,153,708)@[27,37]
g1004@[39,45]
g1004@[37,38]
g1005(365,86,172)@[2,36]
g1006(612,325,192,460)@[9,33]
g1004@[13,47]
g1006(771,275,808,22)@[24,38]
g1005(699,802,418)@[12,34]
g1005(52,320,788)@[11,13]
g1004@[1,22]
g1005(505,880,372)@[4,35]
g1005(902,533,805)@[18,22]
g1005(19,331,59)@[4,13]
g1004@[14,23]
g1005(263,223,656)@[7,24]
g1005(669,228,560)@[13,29]
g1005(62,551,695)@[46,47]
g1005(524,179,136)@[27,29]
g1004@[23,43]
g1005(714,570,244)@[18,30]
g1004@[12,14]
g1005(392,598,216)@[18,46]
g1005(241,516,142)@[31,41]
g1005(405,420,523)@[4,11]
g1005(772,555,276)@[10,30]
g1006(692,422,512,726)@[16,31]
g1006(55,267,452,319)@[9,14]
g1004@[10,26]
g1005(341,561,834)@[21,41]
g1005(891,500,160)@[22,27]
g1006(673,896,450,482)@[27,32]
g1004@[3,30]
g1005(727,380,905)@[27,33]
g1005(475,791,377)@[5,24]
g1005(108,42,680)@[15,18]
g1004@[25,45]
g1005(51,826,273)@[16,32]
g1005(768,6,564)@[11,48]
g1005(132,743,475)@[9,13]
g1005(879,238,797)@[13,43]
g1005(300,27,735)@[36,47]
g1005(395,341,779)@[2,10]
g1005(815,750,533)@[4,40]
g1005(295,196,452)@[17,47]
g1005(287,476,328)@[16,18]
g1005(449,608,72)@[17,28]
g1005(470,99,894)@[12,24]
g1005(168,904,363)@[12,33]
g1004@[14,28]
g1005(607,827,875)@[19,40]
g1006(846,336,433,622)@[2,48]
g1005(431,97,707)@[36,41]
g1005(312,691,604)@[13,22]
g1005(658,112,736)@[19,22]
g1004@[35,40]
g1005(739,448,214)@[0,39]
g1005(690,324,278)@[25,29]
g1005(623,841,777)@[19,41]
g1005(726,745,285)@[0,10]
g1005(274,197,118)@[3,36]
g1006(585,656,466,205)@[0,22]
g1004@[14,24]
g1006(486,352,753,162)@[7,45]
g1005(822,330,383)@[9,35]
g1005(682,381,840)@[15,22]
g1006(202,0,320,450)@[19,37]
g1005(539,548,617)@[6,31]
g1005(131,471,337)@[0,48]
g1006(186,873,405,482)@[17,19]
g1005(124,855,421)@[0,37]
g1005(666,221,123)@[5,48]
g1006(334,554,139,11)@[15,19]
g1005(643,894,368)@[4,20]
g1005(671,47,647)@[17,42]
g1004@[13,43]
g1004@[3,41]
g1005(886,514,173)@[4,44]
g1005(36,392,907)@[6,33]
g1005(168,252,823)@[10,36]
g1004@[32,44]
g1004@[22,23]
g1005(561,456,120)@[21,36]
g1004@[9,11]
g1005(778,452,676)@[7,40]
g1005(679,543,660)@[1,36]
g1004@[13,21]
g1004@[23,49]
g1006(403,818,365,446)@[42,44]
g1005(71,656,474)@[0,37]
g1005(211,906,888)@[25,45]
g1005(333,608,227)@[10,36]
g1005(667,361,141)@[14,33]
g1004@[26,37]
g1004@[1,42]
g1005(907,160,675)@[14,33]
g1004@[31,38]
g1005(412,878,617)@[23,37]
g1005(516,229,859)@[0,14]
g1005(180,268,121)@[4,33]
g1005(201,903,226)@[15,30]
g1005(275,581,694)@[24,43]
g1005(820,565,748)@[24,36]
g1005(233,265,620)@[47,48]
g1005(46,296,570)@[8,29]
g1005(315,686,161)@[29,44]
g1005(698,874,669)@[11,37]
g1005(155,793,652)@[11,14]
g1004@[7,13]
g1006(80,889,238,436)@[13,17]
g1005(156,447,252)@[0,4]
g1005(84,587,532)@[3,47]
g1004@[4,46]
g1005(412,641,56)@[4,38]
g1005(582,339,283)@[11,23]
g1004@[0,7]
g1005(633,134,269)@[29,33]
g1005(257,834,785)@[33,43]
g1005(396,700,768)@[24,42]
g1005(185,38,47)@[30,49]
g1005(51,190,841)@[26,39]
g1005(431,894,656)@[12,15]
g1005(608,141,203)@[22,31]
g1005(136,313,289)@[5,8]
g1005(2,140,737)@[3,42]
g1004@[24,47]
g1006(664,174,602,571)@[24,46]
g1005(660,180,523)@[0,25]
g1005(759,120,543)@[7,26]
g1004@[45,48]
g1006(264,909,734,486)@[14,44]
g1004@[43,46]
g1006(205,634,913,54)@[3,11]
g1004@[26,38]
g1005(688,513,272)@[5,16]
g1004@[14,47]
g1006(479,233,259,675)@[25,42]
g1005(210,550,664)@[11,29]
g1005(186,396,535)@[26,29]
g1005(102,849,92)@[33,39]
g1005(587,243,757)@[9,22]
g1005(8,381,516)@[16,48]
g1004@[14,20]
g1005(368,691,144)@[16,46]
g1005(352,703,468)@[4,48]
g1005(158,394,769)@[15,38]
g1005(445,772,571)@[0,19]
g1005(390,523,832)@[28,40]
g1005(256,885,735)@[32,45]
g1006(452,914,586,680)@[39,42]
g1006(112,715,855,147)@[5,46]
g1005(69,130,101)@[29,41]
g1004@[34,38]
g1005(827,582,320)@[32,33]
g1005(229,660,648)@[1,6]
g1005(800,95,310)@[1,17]
g1004@[23,46]
g1005(547,211,457)@[6,46]
g1005(580,432,718)@[3,42]
g1004@[32,43]
g1006(669,355,852,786)@[4,6]
g1005(84,593,12)@[8,43]
g1005(711,386,804)@[2,12]
g1004@[22,31]
g1006(77,524,260,847)@[6,33]
g1005(241,737,249)@[1,9]
g1005(919,430,111)@[27,37]
g1005(165,324,86)@[14,38]
g1005(612,504,756)@[2,15]
g1006(610,905,796,501)@[2,29]
g1005(648,526,854)@[29,36]
g1004@[15,25]
g1005(159,331,351)@[2,14]
g1005(593,829,268)@[42,49]
g1004@[5,8]
g1006(108,347,147,4)@[22,45]
g1005(808,430,456)@[10,37]
g1005(654,31,604)@[2,23]
g1006(866,891,573,583)@[39,40]
g1004@[18,35]
g1004@[1,46]
g1005(237,641,307)@[15,22]
g1005(6,750,78)@[4,33]
g1005(616,663,61)@[7,49]
g1005(324,182,732)@[27,38]
g1005(727,188,705)@[1,41]
g1005(198,445,395)@[16,26]
g1005(165,747,238)@[19,49]
g1004@[28,46]
g1004@[30,49]
g1005(186,309,859)@[25,35]
g1004@[9,41]
g1006(888,720,672,133)@[4,14]
g1006(21,713,748,914)@[18,45]
g1004@[5,45]
g1006(765,11,307,543)@[19,41]
g1006(667,166,758,154)@[1,11]
g1005(863,617,355)@[18,28]
g1005(364,896,659)@[29,39]
g1005(679,247,546)@[0,40]
g1005(195,574,377)@[33,49]
g1005(130,826,591)@[18,48]
g1005(674,215,328)@[9,26]
g1005(383,655,210)@[30,48]
g1004@[10,24]
g1004@[9,32]
g1005(259,268,217)@[11,36]
g1004@[24,38]
g1004@[3,19]
g1005(611,619,753)@[7,41]
g1005(119,269,746)@[9,28]
g1005(630,340,356)@[20,38]
g1006(327,824,297,694)@[27,35]
g1004@[9,11]
g1004@[16,45]
g1005(256,847,424)@[5,33]
g1005(389,904,39)@[24,41]
g1005(657,794,422)@[35,42]
g1005(417,196,524)@[26,27]
g1005(121,790,91)@[27,37]
g1005(729,460,101)@[0,40]
g1004@[4,38]
g1005(119,655,244)@[2,11]
g1005(87,400,652)@[9,36]
g1005(413,876,503)@[2,6]
g1005(319,107,236)@[26,38]
g1005(707,112,604)@[29,33]
g1005(648,708,316)@[17,35]
g1005(48,612,758)@[33,42]
g1006(465,609,511,405)@[3,14]
g1005(425,281,747)@[22,42]
g1006(47,233,684,672)@[24,48]
g1006(409,110,526,587)@[40,47]
g1005(901,904,359)@[1,5]
g1005(576,509,224)@[32,37]
g1005(728,656,674)@[3,29]
g1005(861,862,442)@[3,43]
g1004@[1,15]
g1006(343,551,106,294)@[4,22]
g1005(512,398,22)@[10,43]
g1004@[3,10]
g1004@[0,49]
g1005(646,748,116)@[4,39]
g1006(262,683,838,453)@[1,23]
g1005(326,916,34)@[7,35]
g1005(35,564,830)@[1,21]
g1004@[27,41]
g1005(28,785,479)@[24,30]
g1005(591,251,4)@[1,23]
g1005(485,761,198)@[5,22]
g1005(414,178,116)@[7,19]
g1005(78,214,129)@[6,47]
g1004@[10,46]
g1005(553,212,166)@[5,6]
g1005(450,455,199)@[21,48]
g1004@[26,49]
g1004@[29,32]
g1005(352,75,452)@[11,20]
g1005(802,902,814)@[17,42]
g1005(254,436,442)@[31,33]
g1005(222,235,10)@[20,37]
g1004@[1,18]
g1005(487,355,201)@[3,37]
g1005(33,392,63)@[19,44]
g1005(853,831,241)@[14,36]
g1005(738,15,546)@[8,30]
g1005(495,835,185)@[39,42]
g1005(899,193,109)@[9,32]
g1005(135,332,93)@[18,33]
g1005(495,734,554)@[3,12]
g1005(764,777,126)@[41,45]
g1004@[13,46]
g1006(401,562,137,736)@[11,34]
g1005(484,544,136)@[21,23]
g1005(354,872,157)@[16,34]
g1005(287,477,480)@[25,27]
g1004@[11,35]
g1005(659,409,307)@[19,39]
g1006(98,789,532,98)@[2,9]
g1005(350,849,130)@[10,42]
g1005(14,750,353)@[7,47]
g1004@[28,38]
g1004@[33,42]
g1004@[31,42]
g1005(769,88,688)@[2,4]
g1005(399,787,269)@[16,31]
g1005(47,111,681)@[1,27]
g1005(534,100,411)@[5,47]
g1004@[23,27]
g1004@[23,41]
g1005(615,415,323)@[9,34]
g1005(466,699,664)@[10,30]
g1006(68,429,222,293)@[17,46]
g1006(211,416,146,877)@[22,31]
g1005(905,832,212)@[3,37]
g1005(844,761,250)@[2,12]
g1005(462,659,639)@[9,38]
g1004@[11,14]
g1004@[36,49]
g1005(637,517,254)@[11,28]
g1005(508,340,881)@[11,32]
g1006(455,96,287,562)@[10,15]
g1005(447,529,82)@[0,39]
g1006(451,630,671,161)@[28,42]
g1005(835,686,916)@[11,27]
g1004@[29,37]
g1005(912,43,722)@[0,12]
g1004@[4,17]
g1004@[3,10]
g1004@[19,40]
g1005(225,829,663)@[16,38]
g1004@[29,40]
g1005(852,474,790)@[10,40]
g1006(318,710,603,346)@[14,39]
g1005(303,509,202)@[33,46]
g1005(768,576,595)@[7,20]
g1005(642,653,484)@[25,29]
g1005(74,167,348)@[10,22]
g1005(376,321,308)@[14,37]
g1006(119,427,352,619)@[6,38]
g1005(573,888,828)@[7,35]
g1005(635,798,98)@[29,44]
g1006(685,485,443,107)@[37,44]
g1005(804,662,165)@[15,18]
g1005(612,211,281)@[8,15]
g1005(441,166,484)@[12,44]
g1005(171,173,174)@[9,25]
g1006(7,501,613,575)@[30,46]
g1004@[16,31]
g1005(167,515,494)@[1,33]
g1005(50,772,309)@[35,45]
g1005(456,532,478)@[16,41]
g1006(553,861,326,546)@[17,38]
g1005(148,624,864)@[21,34]
g1005(861,22,444)@[3,38]
g1005(585,912,715)@[2,3]
g1004@[3,23]
g1005(182,919,352)@[23,26]
g1005(172,850,912)@[20,41]
g1005(163,819,469)@[37,40]
g1005(173,387,44)@[39,44]
g1004@[5,11]
g1006(875,132,747,725)@[14,35]
g1006(235,647,751,769)@[14,15]
g1005(858,181,700)@[14,33]
g1005(210,489,775)@[13,43]
g1004@[36,49]
g1004@[15,22]
g1004@[12,31]
g1005(140,765,162)@[19,36]
g1004@[7,40]
g1004@[26,35]
g1005(797,427,891)@[0,44]
g1005(765,470,315)@[5,22]
g1005(656,365,800)@[15,44]
g1005(451,65,397)@[6,16]
g1005(324,317,636)@[7,29]
g1004@[16,29]
g1005(344,530,809)@[18,45]
g1006(568,45,225,828)@[17,38]
g1005(336,388,255)@[6,44]
g1005(4,135,500)@[18,34]
g1005(418,34,50)@[4,26]
g1006(631,913,901,132)@[8,14]
g1004@[19,41]
g1006(530,252,156,447)@[16,30]
g1005(863,737,627)@[24,43]
g1005(238,15,357)@[10,33]
g1005(13,834,734)@[28,43]
g1005(11,616,558)@[13,40]
g1005(296,288,841)@[9,20]
g1006(592,458,247,769)@[7,10]
g1005(787,528,406)@[35,40]
g1005(565,146,230)@[44,46]
g1005(719,56,679)@[12,41]
g1005(829,390,540)@[31,47]
g1005(76,34,623)@[3,9]
g1004@[33,37]
g1004@[13,41]
g1005(10,373,863)@[1,43]
g1004@[18,19]
g1005(589,512,600)@[0,15]
g1005(562,820,364)@[14,48]
g1004@[6,9]
g1005(554,145,694)@[18,24]
g1005(346,12,456)@[30,41]
g1005(918,769,516)@[1,45]
g1005(88,808,314)@[8,40]
g1006(749,890,184,172)@[15,26]
g1005(628,568,534)@[1,5]
g1004@[12,46]
g1004@[4,43]
g1005(758,863,269)@[2,11]
g1005(903,769,851)@[16,33]
g1005(768,44,395)@[4,8]
g1005(859,306,476)@[12,36]
g1005(482,413,470)@[9,13]
g1004@[35,46]
g1005(290,356,590)@[18,41]
g1005(453,158,648)@[0,33]
g1004@[25,32]
g1004@[14,43]
g1004@[24,41]
g1005(728,803,137)@[20,41]
g1005(445,443,791)@[13,42]
g1006(388,347,730,381)@[16,47]
g1004@[24,30]
g1005(432,757,256)@[18,28]
g1005(385,226,730)@[20,37]
g1005(892,124,287)@[18,40]
g1005(733,261,459)@[11,23]
g1005(386,175,308)@[17,21]
g1005(837,290,301)@[23,34]
g1004@[23,47]
g1005(120,306,770)@[8,24]
g1005(424,202,598)@[28,29]
g1005(327,603,792)@[18,25]
g1005(567,150,212)@[14,21]
g1005(376,328,878)@[1,38]
g1005(613,888,312)@[8,33]
g1006(359,228,495,506)@[22,41]
g1005(662,833,805)@[20,48]
g1004@[27,44]
g1004@[0,18]
g1005(645,730,493)@[21,37]
g1004@[4,38]
g1005(70,192,697)@[24,35]
g1005(10,374,138)@[10,46]
g1005(227,753,500)@[5,10]
g1004@[0,24]
g1005(507,89,42)@[0,12]
g1004@[12,27]
g1006(27,754,695,637)@[31,45]
g1005(202,405,440)@[17,40]
g1006(41,317,41,257)@[17,28]
g1005(343,410,195)@[22,32]
g1005(893,157,136)@[23,40]
g1005(230,904,46)@[3,16]
g1006(621,903,746,476)@[0,49]
g1005(858,618,204)@[18,25]
g1005(286,123,742)@[35,44]
g1005(846,511,874)@[20,40]
g1004@[7,34]
g1005(692,622,99)@[45,48]
g1005(323,895,23)@[26,42]
g1004@[21,29]
g1004@[11,18]
g1005(323,3,678)@[5,34]
g1004@[8,22]
g1004@[10,31]
g1005(487,169,67)@[15,41]
g1005(770,271,324)@[8,10]
g1004@[10,12]
g1005(290,115,841)@[17,28]
g1004@[16,45]
g1005(78,397,713)@[17,29]
g1005(245,348,327)@[41,43]
g1005(749,270,328)@[22,46]
g1005(850,269,468)@[8,23]
g1005(501,219,37)@[22,27]
g1005(157,466,410)@[28,32]
g1005(290,135,139)@[7,48]
g1005(771,187,293)@[44,48]
g1005(12,454,337)@[32,45]
g1005(696,753,373)@[5,33]
g1005(551,898,518)@[27,33]
g1005(376,763,200)@[40,43]
g1005(787,760,353)@[1,7]
g1005(119,505,359)@[6,49]
g1004@[3,35]
g1005(183,16,321)@[17,36]
g1005(408,329,267)@[4,10]
g1004@[25,44]
g1005(273,657,831)@[4,23]
g1006(85,71,169,555)@[9,25]
g1005(305,346,361)@[16,47]
g1005(373,477,824)@[39,40]
g1005(174,805,624)@[28,38]
g1006(814,257,434,466)@[16,47]
g1004@[17,23]
g1005(344,734,297)@[16,23]
g1006(455,156,202,548)@[9,20]
g1006(614,45,608,437)@[31,36]
g1006(823,552,677,95)@[20,45]
g1005(159,912,404)@[19,31]
g1004@[6,9]
g1006(755,696,149,583)@[8,31]
g1005(104,244,844)@[10,13]
g1004@[15,21]
g1006(796,815,724,321)@[26,35]
g1005(330,854,682)@[7,13]
g1004@[12,15]
g1005(570,327,897)@[7,23]
g1005(28,564,197)@[10,29]
g1005(586,429,502)@[30,48]
g1005(555,9,220)@[23,27]
g1004@[3,43]
g1004@[5,27]
g1005(233,750,329)@[25,27]
g1005(112,678,667)@[41,42]
g1005(894,249,462)@[35,39]
g1006(64,537,662,497)@[13,29]
g1005(637,332,315)@[32,35]
g1005(13,732,579)@[18,44]
g1005(722,744,855)@[13,16]
g1005(583,504,289)@[40,46]
g1005(903,396,662)@[19,32]
g1005(892,159,190)@[34,45]
g1005(454,762,95)@[41,46]
g1005(722,259,338)@[24,31]
g1005(770,683,767)@[30,38]
g1006(549,731,758,669)@[4,13]
g1005(245,778,731)@[1,16]
g1005(701,461,688)@[22,29]
g1005(815,185,700)@[7,14]
g1005(512,464,22)@[31,34]
g1005(351,716,258)@[0,11]
g1005(328,653,72)@[22,37]
g1005(405,482,196)@[12,43]
g1004@[2,41]
g1005(201,839,104)@[7,38]
g1005(825,545,363)@[7,16]
g1005(778,244,380)@[7,24]
g1005(574,27,567)@[14,45]
g1005(145,200,589)@[10,41]
g1005(781,432,376)@[22,35]
g1006(338,801,52,298)@[21,41]
g1005(452,286,540)@[7,11]
g1005(402,697,910)@[29,32]
g1005(141,270,684)@[14,16]
g1004@[7,13]
g1004@[8,11]
g1004@[16,27]
g1006(868,196,913,459)@[2,35]
g1004@[1,31]
g1004@[0,43]
g1005(712,751,647)@[36,46]
g1005(470,307,169)@[1,37]
g1005(375,747,165)@[11,36]
g1005(627,133,602)@[2,20]
g1005(288,184,726)@[30,47]
g1004@[0,24]
g1004@[23,33]
g1005(246,485,641)@[0,1]
g1006(686,326,506,697)@[11,21]
g1005(576,566,440)@[0,5]
g1005(605,289,159)@[30,31]
g1005(563,469,205)@[41,47]
g1004@[5,6]
g1005(877,324,757)@[8,29]
g1004@[7,48]
g1005(530,878,797)@[28,40]
g1005(32,366,783)@[32,33]
g1006(830,754,584,108)@[18,20]
g1005(450,9,101)@[4,12]
g1005(283,686,742)@[22,47]
g1006(698,878,815,294)@[18,27]
g1006(789,99,854,734)@[3,44]
g1004@[1,13]
g1005(758,712,896)@[39,48]
g1005(864,142,77)@[26,48]
g1005(423,908,234)@[18,42]
g1006(735,338,786,870)@[3,42]
g1005(410,422,609)@[29,43]
g1005(0,271,404)@[19,41]
g1006(790,200,636,323)@[5,47]
g1005(400,530,888)@[7,45]
g1006(738,542,146,735)@[24,49]
g1005(388,456,657)@[35,39]
g1005(483,675,239)@[21,48]
g1004@[27,49]
g1005(184,162,379)@[20,28]
g1005(649,230,272)@[1,2]
g1005(687,596,337)@[9,46]
g1005(307,622,729)@[9,12]
g1006(172,172,734,369)@[35,37]
g1004@[16,47]
g1006(567,42,128,737)@[20,26]
g1005(175,8,677)@[37,45]
g1004@[22,39]
g1005(98,794,819)@[23,47]
g1004@[24,32]
g1005(319,406,17)@[20,39]
g1005(681,73,353)@[13,35]
g1004@[34,49]
g1005(435,905,695)@[25,32]
g1005(494,753,597)@[46,47]
g1005(508,666,675)@[8,38]
g1005(460,317,148)@[4,44]
g1004@[40,45]
g1004@[4,14]
g1006(277,773,672,78)@[11,23]
g1005(333,505,877)@[29,31]
g1004@[18,39]
g1006(238,239,329,390)@[6,21]
g1006(66,156,167,25)@[0,14]
g1006(426,736,420,706)@[7,38]
g1006(143,223,557,367)@[20,23]
g1004@[13,20]
g1005(656,660,22)@[42,46]
g1005(334,45,540)@[32,41]
g1004@[8,10]
g1005(55,457,40)@[19,40]
g1004@[8,46]
g1005(459,805,578)@[8,41]
g1006(533,853,615,733)@[27,41]
g1005(525,26,756)@[19,20]
g1005(618,727,392)@[10,42]
g1006(430,446,698,604)@[3,24]
g1004@[26,46]
g1006(151,168,127,636)@[0,30]
g1004@[5,38]
g1005(14,624,77)@[7,16]
g1006(3,547,583,373)@[0,21]
g1005(26,72,912)@[6,9]
g1005(347,817,653)@[3,48]
g1005(704,454,523)@[10,36]
g1005(126,848,224)@[18,25]
g1006(369,378,31,821)@[3,8]
g1004@[8,40]
g1005(486,484,686)@[18,37]
g1004@[19,20]
g1005(79,741,355)@[2,26]
g1004@[34,35]
g1005(553,519,414)@[2,35]
g1005(419,767,107)@[10,32]
g1005(241,889,570)@[22,38]
g1006(843,901,202,875)@[17,35]
g1005(318,520,833)@[29,38]
g1004@[25,38]
g1004@[2,16]
g1005(474,0,303)@[0,34]
g1005(568,223,127)@[16,48]
g1005(197,317,148)@[8,21]
g1006(157,703,334,568)@[16,47]
g1005(599,867,332)@[7,32]
g1005(729,58,299)@[19,30]
g1005(296,324,724)@[1,19]
g1005(519,850,652)@[17,41]
g1006(175,524,28,140)@[5,30]
g1005(573,381,461)@[33,45]
g1004@[15,18]
g1005(635,103,630)@[0,44]
g1005(900,757,650)@[5,48]
g1005(465,267,262)@[33,34]
g1005(322,235,671)@[6,47]
g1005(867,68,680)@[0,18]
g1005(327,389,117)@[8,14]
g1004@[11,13]
g1005(786,672,871)@[32,45]
g1005(145,68,497)@[8,25]
g1005(329,829,480)@[3,14]
g1005(510,919,426)@[9,45]
g1004@[20,28]
g1005(635,812,845)@[4,46]
g1004@[3,5]
g1005(893,583,147)@[9,48]
g1005(332,203,158)@[1,12]
g1004@[6,36]
g1005(490,817,184)@[1,35]
g1005(229,645,737)@[40,49]
g1005(572,458,390)@[2,40]
g1005(710,548,617)@[11,43]
g1005(47,258,294)@[29,47]
g1005(343,437,724)@[10,27]
g1004@[8,32]
g1006(19,632,188,687)@[27,42]
g1004@[2,24]
g1005(793,273,567)@[26,41]
g1004@[36,49]
g1005(450,740,837)@[16,19]
g1005(841,665,271)@[0,19]
g1005(519,99,536)@[3,23]
g1005(568,449,724)@[16,31]
g1005(414,603,878)@[6,8]
g1005(581,547,4)@[3,37]
g1005(238,482,445)@[34,38]
g1005(860,236,773)@[12,23]
g1005(207,527,231)@[0,32]
g1005(222,1,296)@[4,38]
g1004@[32,44]
g1004@[28,34]
g1006(773,453,892,844)@[24,41]
g1004@[20,44]
g1005(500,593,598)@[8,21]
g1005(95,444,276)@[8,46]
g1004@[10,49]
g1005(591,469,744)@[32,40]
g1004@[28,31]
g1005(447,188,621)@[26,37]
g1004@[16,44]
g1005(410,285,600)@[7,43]
g1004@[15,36]
g1005(468,6,225)@[7,40]
g1004@[6,48]
g1005(860,537,803)@[14,23]
g1005(828,645,389)@[15,41]
g1004@[12,22]
g1004@[38,41]
g1004@[20,32]
g1006(659,832,373,416)@[15,41]
g1005(715,887,36)@[1,34]
g1005(543,884,410)@[22,25]
g1005(682,474,379)@[25,35]
g1005(8,882,651)@[0,31]
g1004@[5,29]
g1005(367,580,707)@[11,17]
g1005(340,128,554)@[5,23]
g1005(806,24,272)@[9,21]
g1005(282,624,602)@[16,29]
g1005(816,327,251)@[5,40]
g1005(510,192,363)@[43,45]
g1005(917,704,299)@[29,32]
g1005(236,29,851)@[32,42]
g1005(845,12,59)@[19,49]
g1005(132,884,248)@[9,39]
g1005(455,720,468)@[7,31]
g1005(37,54,829)@[0,4]
g1005(504,347,656)@[16,46]
g1005(788,608,829)@[8,20]
g1006(219,454,488,62)@[3,22]
g1005(40,78,583)@[27,37]
g1004@[8,23]
g1005(771,100,834)@[5,43]
g1005(54,625,627)@[22,26]
g1005(141,441,611)@[27,41]
g1004@[5,35]
g1006(734,631,286,9)@[37,43]
g1005(205,325,141)@[14,27]
g1004@[12,13]
g1005(611,413,656)@[2,16]
g1004@[1,4]
g1005(331,277,840)@[44,47]
g1005(593,735,98)@[9,29]
g1005(810,632,40)@[40,49]
g1004@[20,26]
g1004@[30,46]
g1005(883,765,699)@[4,23]
g1006(498,414,734,88)@[9,10]
g1004@[35,46]
g1005(790,716,307)@[0,18]
g1005(133,242,307)@[1,47]
g1005(210,441,497)@[5,40]
g1006(862,651,213,904)@[0,16]
g1004@[10,15]
g1004@[7,11]
g1005(715,313,218)@[21,23]
g1005(689,824,464)@[7,34]
g1005(241,679,165)@[8,10]
g1004@[36,47]
g1005(89,471,596)@[30,46]
g1005(337,695,567)@[28,32]
g1005(592,335,646)@[3,20]
g1005(332,879,63)@[17,35]
g1004@[13,40]
g1005(81,763,519)@[4,21]
g1005(1,787,609)@[31,47]
g1005(361,115,726)@[34,37]
g1005(398,579,139)@[41,49]
g1006(86,659,121,378)@[19,22]
g1005(464,730,469)@[14,23]
g1005(860,783,483)@[23,42]
g1005(571,410,230)@[9,38]
g1005(563,710,258)@[17,31]
g1005(682,373,337)@[13,15]
g1005(785,897,425)@[40,46]
g1005(466,557,17)@[30,35]
g1005(271,162,915)@[31,47]
g1006(679,137,412,747)@[3,16]
g1005(388,287,479)@[14,38]
g1005(736,685,89)@[8,48]
g1006(749,127,764,575)@[35,38]
g1005(583,911,199)@[25,48]
g1004@[12,25]
g1005(260,847,524)@[12,24]
g1005(455,821,424)@[2,4]
g1006(283,105,449,272)@[13,37]
g1004@[27,48]
g1006(668,166,540,522)@[2,28]
g1005(346,729,462)@[10,43]
g1004@[21,49]
g1005(499,659,619)@[11,47]
g1006(309,363,763,479)@[30,39]
g1005(838,303,913)@[7,35]
g1004@[10,20]
g1005(811,567,636)@[22,41]
g1005(845,798,888)@[6,18]
g1005(856,630,278)@[7,43]
g1005(245,722,803)@[27,49]
g1004@[5,43]
g1004@[12,38]
g1005(41,739,2)@[1,24]
g1005(64,395,253)@[10,32]
g1006(726,402,858,652)@[21,48]
g1005(859,723,619)@[14,30]
g1005(399,730,318)@[6,46]
g1005(622,692,644)@[24,42]
g1005(276,246,171)@[0,26]
g1004@[5,19]
g1005(528,399,812)@[7,20]
g1004@[30,33]
g1006(273,289,265,255)@[12,18]
g1004@[30,48]
g1004@[3,5]
g1005(263,324,470)@[36,39]
g1005(546,874,112)@[1,6]
g1004@[35,42]
g1004@[15,39]
g1005(872,567,541)@[24,37]
g1005(136,731,652)@[0,44]
g1004@[22,25]
g1005(37,348,879)@[2,10]
g1004@[30,35]
g1005(866,753,687)@[12,38]
g1005(329,815,171)@[0,22]
g1005(340,101,520)@[31,39]
g1005(778,771,185)@[0,32]
g1005(664,501,722)@[8,19]
g1005(623,853,376)@[47,48]
g1004@[8,24]
g1005(697,532,823)@[1,49]
g1006(562,219,414,237)@[19,39]
g1005(520,374,91)@[3,24]
g1004@[9,39]
g1006(398,813,119,427)@[12,19]
g1005(721,5,541)@[25,26]
g1005(223,873,420)@[30,37]
g1005(648,418,306)@[9,48]
g1004@[36,46]
g1005(862,314,135)@[18,44]
g1005(239,858,910)@[21,24]
g1005(763,614,427)@[5,45]
g1005(675,77,838)@[18,46]
g1005(665,674,339)@[38,46]
g1004@[22,32]
g1005(805,664,445)@[6,12]
g1004@[41,44]
g1004@[18,27]
g1006(9,754,879,618)@[14,45]
g1006(112,833,7,636)@[13,30]
g1006(802,538,439,537)@[19,49]
g1005(615,591,458)@[30,31]
g1005(818,779,916)@[29,48]
g1005(679,672,728)@[11,39]
g1006(344,259,66,669)@[3,19]
g1005(641,486,635)@[26,29]
g1005(444,743,852)@[21,40]
g1005(796,396,597)@[17,37]
g1005(455,155,778)@[0,4]
g1005(490,482,537)@[14,26]
g1006(752,691,689,678)@[10,24]
g1004@[0,19]
g1005(842,609,284)@[18,28]
g1004@[9,17]
g1005(241,178,165)@[20,35]
g1005(83,468,439)@[16,43]
g1004@[10,21]
g1005(92,738,62)@[17,49]
g1006(302,383,831,519)@[43,45]
g1004@[37,49]
g1005(750,421,103)@[9,23]
g1005(480,711,859)@[19,42]
g1005(71,639,57)@[4,41]
g1004@[25,38]
g1005(563,278,71)@[1,14]
g1005(904,422,800)@[40,47]
g1005(321,879,787)@[30,39]
g1005(6,500,831)@[27,49]
g1006(884,421,133,423)@[7,33]
g1005(215,787,848)@[10,36]
g1005(724,327,649)@[3,9]
g1005(709,807,599)@[6,15]
g1005(193,519,142)@[15,42]
g1006(381,870,828,868)@[23,33]
g1005(588,209,293)@[19,31]
g1006(836,351,473,525)@[5,34]
g1005(567,13,25)@[15,20]
g1005(634,84,31)@[31,37]
g1004@[38,45]
g1005(168,903,802)@[9,46]
g1005(628,696,573)@[21,32]
g1004@[26,41]
g1005(656,679,546)@[0,15]
g1005(695,619,525)@[36,38]
g1005(658,593,63)@[22,49]
g1005(809,510,477)@[13,43]
g1005(791,877,692)@[13,20]
g1005(87,615,121)@[0,33]
g1005(367,562,61)@[9,48]
g1005(83,457,14)@[7,30]
g1005(332,574,24)@[3,37]
g1005(189,188,850)@[10,15]
g1005(912,611,907)@[37,42]
g1005(34,874,279)@[26,41]
g1004@[23,45]
g1005(457,212,743)@[14,20]
g1004@[12,13]
g1005(72,505,348)@[13,47]
g1006(792,717,317,318)@[28,30]
g1004@[38,39]
g1005(433,502,587)@[10,31]
g1005(279,327,627)@[16,41]
g1005(875,839,878)@[21,46]
g1005(644,140,14)@[29,38]
g1005(62,881,526)@[31,34]
g1004@[17,33]
g1004@[25,47]
g1005(809,581,914)@[7,24]
g1005(683,126,878)@[10,49]
g1005(876,637,240)@[11,49]
g1005(861,914,360)@[20,37]
g1005(785,510,533)@[5,29]
g1006(310,160,742,904)@[16,23]
g1004@[16,49]
g1005(595,880,180)@[33,34]
g1004@[11,28]
g1006(176,287,140,523)@[0,41]
g1005(713,237,87)@[19,42]
g1005(419,41,336)@[37,40]
g1005(756,155,345)@[26,28]
g1004@[16,25]
g1004@[12,40]
g1005(425,392,21)@[30,45]
g1005(824,644,837)@[37,39]
g1006(787,634,627,70)@[25,29]
g1005(388,160,460)@[1,2]
g1005(436,19,286)@[17,31]
g1004@[39,43]
g1005(719,539,580)@[16,38]
g1005(650,210,121)@[15,43]
g1005(605,690,495)@[15,38]
g1005(778,751,414)@[9,17]
g1004@[30,42]
g1005(123,581,751)@[3,7]
g1005(270,21,669)@[1,17]
g1004@[20,24]
g1006(530,348,479,575)@[3,14]
g1004@[15,20]
g1005(240,27,533)@[29,36]
g1005(91,704,52)@[10,42]
g1005(838,419,121)@[4,25]
g1005(596,765,97)@[9,25]
g1004@[5,44]
g1004@[8,12]
g1004@[31,39]
g1004@[3,29]
g1005(84,620,264)@[16,17]
g1005(456,635,770)@[11,18]
g1004@[20,28]
g1006(147,441,416,124)@[10,13]
g1005(562,680,275)@[22,48]
g1004@[16,22]
g1005(805,239,329)@[12,21]
g1005(270,404,293)@[15,23]
g1005(53,570,835)@[31,44]
g1006(615,651,235,274)@[9,27]
g1005(63,64,562)@[3,12]
g1005(236,231,609)@[5,10]
g1005(563,125,81)@[8,21]
g1005(314,895,701)@[7,38]
g1004@[3,43]
g1005(286,687,146)@[9,29]
g1004@[4,21]
g1005(128,235,135)@[34,49]
g1005(539,221,617)@[19,46]
g1005(596,684,440)@[23,27]
g1005(803,367,447)@[2,13]
g1004@[12,15]
g1005(552,201,134)@[20,44]
g1004@[23,49]
g1004@[0,35]
g1005(676,765,161)@[7,19]
g1005(629,67,160)@[4,22]
g1005(854,697,726)@[5,18]
g1005(608,110,85)@[3,42]
g1006(433,827,509,256)@[41,42]
g1005(558,568,374)@[11,24]
g1005(286,617,532)@[9,16]
g1005(226,33,427)@[4,19]
g1005(6,812,646)@[4,30]
g1004@[13,37]
g1004@[20,45]
g1005(24,672,263)@[1,41]
g1005(847,222,310)@[2,14]
g1006(87,315,536,100)@[22,27]
g1004@[1,39]
g1005(364,60,17)@[28,44]
g1005(499,78,619)@[18,32]
g1005(871,871,672)@[0,42]
g1006(582,765,609,258)@[25,28]
g1005(533,634,816)@[3,24]
g1005(365,630,884)@[7,13]
g1005(309,237,514)@[17,28]
g1005(241,818,30)@[19,46]
g1005(858,266,679)@[19,38]
g1006(100,809,159,143)@[1,13]
g1006(42,873,749,689)@[7,47]
g1004@[11,30]
g1004@[0,10]
g1004@[29,41]
g1005(50,554,38)@[26,42]
g1005(374,367,159)@[24,38]
g1005(337,706,473)@[3,18]
g1005(479,876,631)@[10,14]
g1004@[9,21]
g1005(208,482,671)@[30,47]
g1006(232,270,525,444)@[15,23]
g1005(87,645,610)@[18,21]
g1006(723,677,598,700)@[8,47]
g1005(245,18,381)@[2,3]
g1004@[30,35]
g1005(399,868,636)@[11,43]
g1004@[15,36]
g1004@[26,44]
g1005(834,772,546)@[22,25]
g1005(476,219,431)@[14,44]
g1004@[5,10]
g1005(877,143,780)@[2,40]
g1004@[29,33]
g1005(690,807,153)@[18,44]
g1004@[17,30]
g1005(614,342,246)@[11,41]
g1005(275,586,338)@[32,43]
g1005(153,98,801)@[9,22]
g1005(478,81,348)@[1,8]
g1005(386,410,567)@[20,44]
g1004@[14,18]
g1005(248,336,31)@[2,13]
g1005(343,394,685)@[12,40]
g1005(644,877,619)@[12,41]
g1005(532,851,603)@[3,29]
g1005(750,615,323)@[23,35]
g1005(500,804,555)@[20,23]
g1005(179,257,367)@[27,49]
g1005(658,217,48)@[3,36]
g1005(832,689,295)@[19,35]
g1004@[2,32]
g1005(34,2,375)@[3,13]
g1006(181,726,544,786)@[29,31]
g1005(392,193,150)@[15,31]
g1005(875,366,38)@[38,44]
g1004@[2,38]
g1005(233,701,329)@[27,29]
g1004@[35,41]
g1004@[33,46]
g1006(806,490,820,252)@[1,28]
g1005(575,271,50)@[36,39]
g1006(175,403,408,20)@[28,33]
g1005(343,75,546)@[5,11]
g1005(577,302,73)@[35,37]
g1006(54,194,887,424)@[10,14]
g1005(504,427,360)@[44,46]
g1006(421,505,846,185)@[25,32]
g1005(640,398,258)@[29,44]
g1006(536,725,570,202)@[4,46]
g1005(840,526,503)@[33,38]
g1005(558,156,101)@[30,40]
g1006(238,357,425,855)@[3,8]
g1005(93,829,780)@[9,35]
g1005(486,801,686)@[9,11]
g1005(817,796,44)@[7,26]
g1005(361,657,872)@[5,31]
g1004@[12,39]
g1004@[16,44]
g1005(298,186,618)@[5,35]
g1004@[12,45]
g1004@[13,28]
g1005(897,276,569)@[24,25]
g1005(360,626,728)@[15,40]
g1005(440,331,906)@[17,48]
g1005(790,607,904)@[40,49]
g1005(888,317,415)@[4,32]
g1004@[14,19]
g1005(181,299,460)@[46,49]
g1004@[38,46]
g1004@[41,48]
g1004@[0,31]
g1005(113,42,733)@[14,28]
g1005(861,389,690)@[6,31]
g1005(200,418,836)@[0,3]
g1005(237,641,857)@[5,17]
g1004@[30,41]
g1004@[20,29]
g1006(889,870,715,329)@[39,43]
g1004@[8,14]
g1005(37,351,443)@[29,42]
g1005(253,387,658)@[11,25]
g1005(529,321,406)@[33,36]
g1005(450,268,346)@[5,9]
g1005(707,719,877)@[10,12]
g1005(351,721,800)@[25,40]
g1005(619,567,359)@[0,22]
g1004@[36,48]
g1005(845,891,545)@[26,48]
g1005(426,652,146)@[25,39]
g1006(906,17,849,906)@[32,39]
g1005(408,424,645)@[24,38]
g1004@[4,32]
g1005(207,328,572)@[24,29]
g1005(704,624,877)@[34,44]
g1004@[21,34]
g1006(173,183,263,687)@[15,16]
g1005(540,159,99)@[15,19]
g1005(646,407,729)@[9,18]
g1004@[2,25]
g1005(863,36,399)@[35,37]
g1004@[12,47]
g1005(44,826,612)@[19,21]
g1005(642,507,774)@[0,49]
g1005(206,194,563)@[36,38]
g1005(49,321,375)@[15,40]
g1004@[19,35]
g1006(6,618,420,603)@[20,31]
g1006(866,546,754,370)@[18,47]
g1005(747,14,770)@[1,48]
g1005(623,397,842)@[9,33]
g1004@[6,32]
g1005(464,644,220)@[7,36]
g1006(91,291,8,702)@[21,41]
g1005(396,392,884)@[14,35]
g1005(769,258,19)@[23,43]
g1006(224,812,74,857)@[21,31]
g1005(649,409,312)@[21,35]
g1004@[17,18]
g1005(33,790,419)@[17,30]
g1005(337,549,679)@[11,16]
g1005(673,829,889)@[20,34]
g1004@[15,49]
g1004@[11,44]
g1004@[3,14]
g1005(742,621,353)@[4,46]
g1004@[18,24]
g1005(103,702,613)@[28,32]
g1005(6,56,89)@[4,38]
g1005(656,504,589)@[22,49]
g1006(13,424,804,451)@[14,19]
g1005(168,385,517)@[1,25]
g1005(869,362,67)@[11,43]
g1005(763,897,566)@[34,38]
g1005(755,641,439)@[33,37]
g1005(804,60,881)@[29,39]
g1004@[31,34]
g1005(687,875,337)@[40,43]
g1005(664,477,754)@[27,35]
g1004@[32,48]
g1005(56,873,757)@[4,21]
g1004@[27,30]
g1005(793,465,252)@[7,39]
g1005(670,535,909)@[18,32]
g1005(18,524,198)@[3,10]
g1005(374,135,84)@[32,40]
g1004@[18,31]
g1004@[8,31]
g1005(649,856,713)@[19,29]
g1005(814,528,724)@[30,37]
g1006(604,648,449,89)@[17,21]
g1005(706,828,907)@[2,14]
g1006(566,129,618,798)@[42,43]
g1004@[13,41]
g1005(128,659,343)@[3,19]
g1005(338,56,396)@[1,36]
g1004@[4,42]
g1005(764,234,706)@[15,49]
g1004@[7,36]
g1005(830,913,586)@[18,39]
g1005(450,794,122)@[11,45]
g1005(401,489,741)@[20,39]
g1005(750,392,597)@[36,48]
g1005(478,877,679)@[0,31]
g1005(912,517,670)@[2,33]
g1005(270,816,121)@[15,42]
g1005(231,512,743)@[1,28]
g1006(798,317,127,123)@[0,33]
g1005(193,613,687)@[22,29]
g1006(652,676,902,421)@[18,39]
g1005(739,883,289)@[23,46]
g1005(177,21,60)@[17,33]
g1004@[1,29]
g1005(828,56,620)@[16,29]
g1005(646,409,624)@[26,36]
g1005(830,497,447)@[2,17]
g1005(628,218,759)@[24,36]
g1005(163,132,37)@[38,40]
g1006(685,539,75,251)@[28,43]
g1005(379,862,160)@[18,40]
g1004@[45,48]
g1004@[13,37]
g1004@[8,38]
g1006(492,712,197,852)@[9,49]
g1006(724,532,874,20)@[9,39]
g1005(80,201,821)@[5,30]
g1005(569,317,917)@[16,49]
g1006(626,787,188,61)@[3,15]
g1004@[5,17]
g1005(770,66,174)@[17,18]
g1004@[11,39]
g1006(461,891,561,602)@[35,39]
g1005(851,13,72)@[9,19]
g1005(16,430,793)@[22,26]
g1006(341,230,538,568)@[4,45]
g1004@[38,48]
g1006(141,835,266,399)@[16,22]
g1005(578,328,898)@[13,43]
g1005(380,20,375)@[33,43]
g1005(409,351,349)@[2,21]
g1005(716,200,500)@[26,46]
g1005(914,887,750)@[33,40]
g1005(842,278,439)@[0,16]
g1004@[6,44]
g1005(244,238,689)@[26,47]
g1005(711,2,732)@[1,25]
g1004@[28,41]
g1004@[15,16]
g1004@[5,13]
g1005(744,429,211)@[12,38]
g1004@[33,40]
g1005(68,626,252)@[24,49]
g1005(488,14,512)@[46,47]
g1005(560,656,613)@[2,40]
g1006(751,888,612,5)@[21,32]
g1005(85,211,825)@[25,35]
g1005(352,7,629)@[12,43]
g1005(78,67,176)@[32,41]
g1004@[23,31]
g1004@[35,38]
g1005(508,755,490)@[27,41]
g1004@[8,38]
g1004@[15,45]
g1005(767,859,690)@[11,41]
g1005(620,526,692)@[28,29]
g1005(872,552,546)@[6,12]
g1005(67,669,674)@[10,35]
g1005(101,909,436)@[3,4]
g1005(221,885,128)@[16,23]
g1005(732,724,223)@[22,29]
g1005(832,569,593)@[38,46]
g1004@[5,45]
g1005(102,655,743)@[41,42]
g1005(830,460,760)@[3,46]
g1005(84,355,525)@[4,32]
g1005(811,81,813)@[15,16]
g1004@[27,42]
g1004@[13,45]
g1005(647,527,730)@[22,28]
g1005(67,361,883)@[17,18]
g1005(110,283,33)@[15,17]
g1005(417,222,899)@[25,34]
g1005(269,832,382)@[20,37]
g1004@[10,38]
g1005(513,762,287)@[29,31]
g1004@[23,27]
g1005(490,761,273)@[2,30]
g1004@[10,49]
g1005(279,675,276)@[7,39]
g1005(760,33,597)@[12,27]
g1004@[5,38]
g1005(693,352,714)@[6,19]
g1005(404,761,553)@[0,7]
g1005(350,563,440)@[25,28]
g1004@[28,38]
g1005(566,129,559)@[12,42]
g1004@[4,11]
g1005(508,109,458)@[35,38]
g1005(356,756,692)@[9,36]
g1005(365,441,198)@[2,46]
g1005(410,219,749)@[23,49]
g1004@[5,40]
g1004@[0,36]
g1005(497,560,806)@[2,44]
g1005(616,283,597)@[5,27]
g1004@[20,23]
g1005(651,436,743)@[1,6]
g1005(787,610,40)@[24,30]
g1005(675,124,790)@[17,46]
g1006(337,437,667,833)@[8,35]
g1004@[10,37]
g1004@[47,49]
g1005(683,593,863)@[10,47]
g1004@[4,41]
g1005(7,806,360)@[3,29]
g1004@[17,26]
g1006(102,457,547,211)@[18,33]
g1005(737,188,333)@[4,35]
g1005(326,794,483)@[26,47]
g1005(182,655,297)@[1,47]
g1005(627,307,587)@[26,40]
g1005(896,176,783)@[10,41]
g1005(173,871,893)@[1,42]
g1006(334,571,297,44)@[1,18]
g1005(129,69,901)@[12,24]
g1005(580,46,390)@[47,48]
g1005(858,489,210)@[12,34]
g1005(618,347,300)@[11,26]
g1005(296,44,139)@[33,37]
g1005(681,51,495)@[37,40]
g1004@[21,48]
g1006(251,69,89,376)@[20,32]
g1005(253,876,433)@[8,31]
g1005(18,284,45)@[30,35]
g1005(806,280,236)@[3,20]
g1005(515,835,849)@[8,12]
g1005(94,181,165)@[12,39]
g1006(407,59,295,34)@[18,35]
g1005(594,141,743)@[23,46]
g1005(516,541,734)@[10,33]
g1005(27,642,406)@[21,44]
g1005(359,62,734)@[46,47]
g1005(618,303,64)@[24,40]
g1005(608,741,649)@[22,49]
g1005(388,483,859)@[24,35]
g1006(763,701,314,895)@[5,43]
g1005(825,363,671)@[18,39]
g1006(45,451,29,247)@[4,43]
g1005(388,469,400)@[13,43]
g1005(23,572,871)@[12,40]
g1004@[17,44]
g1005(752,353,444)@[2,25]
g1005(888,233,817)@[38,44]
g1005(643,268,75)@[10,46]
g1005(563,401,235)@[21,40]
g1005(909,68,679)@[0,5]
g1004@[7,49]
g1004@[10,49]
g1005(355,775,714)@[9,34]
g1004@[23,45]
g1005(465,6,636)@[12,14]
g1005(465,74,42)@[17,40]
g1005(244,608,850)@[21,34]
g1005(769,243,86)@[5,47]
g1005(761,894,47)@[2,24]
g1006(716,86,111,355)@[10,25]
g1004@[11,43]
g1005(813,18,484)@[14,48]
g1005(471,402,457)@[11,20]
g1005(254,119,536)@[32,42]
g1004@[13,36]
g1004@[13,18]
g1005(636,725,767)@[14,30]
g1005(180,682,171)@[0,47]
g1004@[24,33]
g1006(450,192,478,653)@[34,41]
g1005(136,556,876)@[24,33]
g1005(86,556,565)@[6,35]
g1004@[21,30]
g1005(701,916,272)@[7,29]
g1006(154,745,98,105)@[13,43]
g1006(79,165,386,59)@[32,34]
g1004@[0,47]
g1005(708,774,915)@[16,42]
g1004@[13,38]
g1006(364,560,835,853)@[0,27]
g1004@[4,19]
g1006(575,470,400,707)@[33,39]
g1005(443,752,910)@[19,20]
g1004@[15,18]
g1005(544,742,361)@[1,19]
g1004@[4,28]
g1005(19,855,541)@[46,48]
g1005(770,386,202)@[16,21]
g1005(442,325,895)@[22,44]
g1005(590,842,452)@[18,49]
g1004@[17,35]
g1004@[15,23]
g1004@[33,39]
g1005(595,669,191)@[0,29]
g1005(534,235,185)@[5,43]
g1005(886,741,599)@[1,33]
g1005(374,27,174)@[36,48]
g1005(255,6,72)@[27,41]
g1004@[11,23]
g1004@[14,26]
g1005(804,123,270)@[10,35]
g1005(444,458,234)@[0,34]
g1004@[2,17]
g1005(442,375,516)@[0,5]
g1005(456,590,828)@[29,41]
g1006(322,557,368,404)@[28,42]
g1005(719,579,598)@[1,20]
g1005(792,427,736)@[5,9]
g1004@[21,30]
g1004@[1,27]
g1005(705,487,109)@[28,36]
g1004@[29,35]
g1006(279,149,853,900)@[21,38]
g1004@[4,38]
g1005(668,774,492)@[40,42]
g1005(643,91,747)@[35,40]
g1005(594,711,868)@[3,22]
g1005(906,426,262)@[18,28]
g1005(853,707,326)@[1,46]
g1004@[27,42]
g1004@[22,44]
g1004@[16,28]
g1006(845,709,889,680)@[28,43]
g1004@[0,26]
g1005(803,141,615)@[2,21]
g1004@[20,49]
g1004@[34,42]
g1004@[13,29]
g1005(57,570,132)@[12,42]
g1005(210,867,457)@[23,39]
g1005(43,757,170)@[26,37]
g1004@[27,35]
g1004@[4,25]
g1005(857,422,456)@[12,39]
g1005(881,214,893)@[16,21]
g1006(13,601,394,19)@[5,14]
g1005(806,182,358)@[13,14]
g1005(574,811,876)@[7,45]
g1005(899,230,527)@[26,43]
g1005(218,785,374)@[13,41]
g1005(583,619,226)@[9,27]
g1006(808,487,212,899)@[23,27]
g1005(287,562,96)@[5,48]
g1005(26,646,754)@[39,41]
g1004@[18,47]
g1005(467,575,262)@[9,19]
g1005(603,494,275)@[22,30]
g1005(767,437,909)@[0,35]
g1004@[20,34]
g1004@[1,3]
g1005(145,810,903)@[14,46]
g1005(593,821,879)@[8,28]
g1005(535,666,470)@[11,18]
g1004@[25,30]
g1005(551,841,809)@[26,29]
g1005(635,681,229)@[16,18]
g1005(507,482,70)@[17,31]
g1005(64,695,168)@[10,41]
g1005(627,809,166)@[0,4]
g1004@[13,28]
g1005(396,87,460)@[29,37]
g1005(880,251,421)@[4,38]
g1006(268,355,839,53)@[15,46]
g1005(369,564,709)@[7,28]
g1004@[5,44]
g1006(487,350,541,698)@[13,29]
g1005(712,634,194)@[6,34]
g1005(192,347,529)@[3,16]
g1005(318,488,81)@[0,33]
g1004@[0,22]
g1005(519,152,500)@[3,35]
g1005(201,201,390)@[12,26]
g1004@[2,22]
g1004@[31,41]
g1006(155,525,607,495)@[3,23]
g1005(872,490,530)@[2,40]
g1005(54,405,633)@[13,22]
g1005(253,874,575)@[7,13]
g1006(432,599,835,603)@[14,41]
g1005(108,298,702)@[20,33]
g1006(402,825,842,361)@[43,45]
g1005(661,226,691)@[30,43]
g1005(389,498,474)@[13,47]
g1005(858,160,631)@[9,15]
g1005(542,472,394)@[37,40]
g1005(139,528,388)@[21,48]
g1005(340,318,741)@[28,31]
g1004@[14,38]
g1005(223,665,229)@[25,34]
g1006(23,355,562,828)@[25,30]
g1006(345,563,578,656)@[3,11]
g1005(88,190,242)@[13,37]
g1005(754,594,415)@[1,37]
g1006(889,875,27,572)@[19,25]
g1004@[25,37]
g1005(491,798,469)@[3,47]
g1004@[21,49]
g1005(14,452,881)@[4,14]
g1004@[37,46]
g1005(758,728,697)@[0,16]
g1004@[31,48]
g1005(773,907,52)@[33,35]
g1006(652,232,367,400)@[11,13]
g1005(164,376,93)@[8,17]
g1005(491,838,371)@[5,11]
g1005(885,276,33)@[14,24]
g1005(51,172,917)@[29,49]
g1005(150,537,626)@[9,14]
g1005(532,285,860)@[29,30]
g1004@[24,45]
g1004@[5,12]
g1005(322,654,531)@[26,38]
g1005(417,92,710)@[7,24]
g1005(916,693,651)@[11,24]
g1004@[24,47]
g1004@[16,18]
g1005(707,257,465)@[1,42]
g1005(302,646,10)@[20,44]
g1005(741,661,329)@[0,39]
g1004@[45,47]
g1004@[12,30]
g1005(603,103,704)@[27,34]
g1005(507,401,235)@[20,33]
g1005(94,113,324)@[3,16]
g1005(198,166,370)@[2,27]
g1005(10,415,576)@[7,46]
g1005(392,441,831)@[6,43]
g1005(741,60,860)@[30,46]
g1006(849,295,703,230)@[4,9]
g1005(779,727,746)@[20,22]
g1004@[1,44]
g1004@[0,35]
g1004@[6,19]
g1005(500,89,909)@[35,40]
g1005(647,210,597)@[21,22]
g1005(468,49,527)@[13,41]
g1005(218,414,124)@[42,46]
g1004@[16,17]
g1004@[24,43]
g1005(21,392,535)@[21,29]
g1005(102,595,599)@[6,34]
g1004@[36,43]
g1005(727,261,247)@[31,33]
g1005(19,301,150)@[28,33]
g1005(852,257,782)@[26,46]
g1005(328,881,56)@[15,20]
g1004@[18,26]
g1005(263,430,480)@[21,33]
g1005(136,802,347)@[43,47]
g1005(736,795,218)@[34,42]
g1005(165,0,886)@[5,42]
g1005(836,501,68)@[28,42]
g1005(389,16,336)@[3,11]
g1005(339,859,414)@[15,35]
g1004@[25,27]
g1005(724,439,694)@[23,45]
g1004@[12,40]
g1005(15,67,551)@[1,39]
g1005(103,137,277)@[11,47]
g1005(192,158,603)@[14,39]
g1005(163,679,326)@[3,40]
g1004@[32,46]
g1005(255,910,895)@[21,29]
g1006(114,784,859,736)@[21,24]
g1005(672,475,629)@[15,26]
g1005(546,491,889)@[22,32]
g1006(337,492,778,660)@[7,28]
g1004@[32,37]
g1004@[16,47]
g1004@[23,35]
g1005(572,532,199)@[8,48]
g1005(23,395,668)@[25,45]
g1005(217,616,88)@[31,39]
g1005(576,32,334)@[18,34]
g1004@[25,29]
g1006(187,786,210,825)@[3,36]
g1004@[20,21]
g1006(643,525,380,282)@[17,22]
g1005(458,544,730)@[14,37]
g1004@[20,22]
g1006(812,162,804,671)@[43,48]
g1004@[17,42]
g1004@[9,24]
g1005(378,573,134)@[8,36]
g1004@[21,24]
g1005(20,776,69)@[12,42]
g1005(255,480,316)@[22,34]
g1005(346,881,557)@[20,24]
g1005(619,292,378)@[3,30]
g1006(324,708,693,822)@[7,20]
g1005(626,640,602)@[42,47]
g1004@[27,30]
g1006(329,587,627,307)@[13,29]
g1006(887,31,251,383)@[7,34]
g1004@[10,15]
g1004@[1,2]
g1005(346,514,189)@[17,42]
g1004@[5,35]
g1006(292,891,797,427)@[25,43]
g1005(553,800,336)@[6,41]
g1005(321,910,543)@[32,33]
g1006(91,333,742,862)@[12,28]
g1005(60,742,627)@[0,14]
g1004@[2,5]
g1005(587,515,841)@[18,32]
g1004@[3,7]
g1005(314,700,681)@[29,47]
g1004@[6,44]
g1006(167,428,685,845)@[16,20]
g1005(368,637,204)@[22,28]
g1006(369,889,310,41)@[28,34]
g1005(10,135,191)@[26,47]
g1004@[38,39]
g1004@[30,49]
g1004@[6,48]
g1004@[30,39]
g1005(53,301,824)@[29,35]
g1005(217,874,698)@[2,48]
g1005(443,877,666)@[6,34]
g1005(851,551,72)@[16,44]
g1005(842,814,812)@[7,30]
g1004@[19,36]
g1004@[4,19]
g1005(234,302,545)@[28,29]
g1006(554,266,126,77)@[5,23]
g1005(341,855,246)@[13,14]
g1005(321,550,604)@[34,42]
g1005(120,339,102)@[22,23]
g1004@[0,45]
g1004@[13,48]
g1005(468,535,747)@[15,22]
g1004@[36,45]
g1004@[36,40]
g1005(116,710,328)@[4,40]
g1004@[6,24]
g1005(345,352,834)@[18,46]
g1005(69,71,89)@[34,38]
g1006(583,433,584,150)@[24,47]
g1005(770,384,610)@[9,20]
g1005(648,333,915)@[7,26]
g1005(130,530,809)@[23,40]
g1005(142,379,590)@[10,42]
g1005(870,898,359)@[4,24]
g1005(796,438,513)@[36,45]
g1005(97,73,828)@[8,24]
g1004@[9,28]
g1004@[28,33]
g1005(500,732,199)@[8,31]
g1004@[19,41]
g1005(267,40,207)@[10,14]
g1006(790,364,585,466)@[10,38]
g1005(570,250,587)@[11,34]
g1005(908,558,362)@[2,14]
g1004@[9,14]
g1005(344,161,332)@[16,19]
g1004@[12,21]
g1005(797,294,33)@[25,29]
g1005(885,80,63)@[35,41]
g1005(826,774,356)@[5,29]
g1004@[35,45]
g1005(111,605,312)@[6,43]
g1005(614,195,739)@[24,48]
g1005(220,429,569)@[21,45]
g1005(849,584,466)@[10,14]
g1005(103,756,680)@[14,43]
g1005(188,61,787)@[1,4]
g1005(32,444,830)@[8,18]
g1004@[33,46]
g1005(282,403,506)@[36,44]
g1005(503,624,831)@[0,14]
g1005(711,399,739)@[0,39]
g1005(836,714,294)@[24,40]
g1005(616,186,454)@[22,28]
g1004@[20,43]
g1005(539,64,642)@[9,20]
g1005(592,135,447)@[18,32]
g1005(87,826,178)@[13,21]
g1006(518,210,710,601)@[23,39]
g1004@[20,38]
g1005(456,391,899)@[13,26]
g1004@[1,43]
g1005(691,143,580)@[13,32]
g1005(511,276,39)@[20,45]
g1004@[21,48]
g1005(310,454,716)@[11,24]
g1004@[39,43]
g1005(149,281,870)@[15,48]
g1006(764,433,810,846)@[1,4]
g1004@[10,22]
g1005(600,578,426)@[0,29]
g1005(529,183,551)@[37,46]
g1006(467,19,859,755)@[10,34]
g1005(368,568,758)@[1,23]
g1005(411,152,48)@[24,40]
g1004@[4,23]
g1004@[9,13]
g1004@[35,36]
g1005(919,669,190)@[19,23]
g1005(18,867,713)@[15,35]
g1005(875,206,273)@[10,29]
g1004@[5,7]
g1004@[2,31]
g1005(764,48,45)@[13,49]
g1004@[3,20]
g1005(207,45,348)@[5,15]
g1005(641,227,311)@[5,35]
g1005(91,265,574)@[24,41]
g1005(749,172,210)@[28,33]
g1004@[16,18]
g1006(379,238,7,435)@[28,30]
g1006(449,246,483,184)@[11,25]
g1005(228,188,730)@[10,42]
g1005(312,79,822)@[32,49]
g1004@[5,49]
g1005(137,841,396)@[34,49]
g1005(835,131,266)@[33,43]
g1005(511,734,658)@[26,28]
g1004@[21,44]
g1006(292,22,63,63)@[22,31]
g1005(652,797,512)@[26,27]
g1005(60,51,742)@[8,33]
g1004@[5,35]
g1005(25,281,302)@[19,20]
g1004@[14,31]
g1005(796,177,31)@[23,34]
g1005(293,785,222)@[9,41]
g1006(860,51,561,374)@[11,40]
g1005(590,181,460)@[27,39]
g1005(296,352,102)@[38,45]
g1004@[9,39]
g1005(814,493,875)@[23,46]
g1005(469,436,511)@[0,47]
g1004@[4,18]
g1004@[7,20]
g1004@[24,25]
g1004@[39,47]
g1005(629,887,250)@[8,41]
g1005(388,260,246)@[14,44]
g1006(335,425,542,180)@[0,1]
g1005(844,741,178)@[33,34]
g1005(412,237,677)@[9,36]
g1005(832,432,160)@[15,36]
g1005(18,269,583)@[29,33]
g1006(534,14,644,140)@[40,45]
g1005(517,365,665)@[12,43]
g1005(890,870,512)@[8,12]
g1005(255,585,886)@[10,26]
g1005(556,484,63)@[19,48]
g1005(553,481,879)@[39,41]
g1004@[38,42]
g1005(490,824,124)@[28,31]
g1005(451,916,49)@[8,14]
g1005(734,725,885)@[12,44]
g1004@[10,32]
g1004@[20,30]
g1005(722,602,348)@[43,49]
g1005(284,586,708)@[12,27]
g1005(292,886,831)@[2,7]
g1005(519,366,827)@[16,27]
g1005(789,8,859)@[8,36]
g1005(856,833,362)@[19,43]
g1005(787,195,289)@[17,41]
g1005(127,228,106)@[17,29]
g1004@[38,45]
g1004@[31,49]
g1005(325,381,12)@[6,37]
g1005(569,260,173)@[25,40]
g1005(47,821,251)@[3,48]
g1005(196,751,240)@[2,15]
g1005(587,583,372)@[23,32]
g1005(115,101,699)@[35,38]
g1005(560,98,279)@[19,27]
g1005(43,291,288)@[21,24]
g1005(770,433,582)@[2,22]
g1004@[4,11]
g1004@[29,48]
g1005(465,756,579)@[43,47]
g1004@[11,26]
g1004@[20,26]
g1005(654,225,513)@[27,40]
g1004@[29,31]
g1005(470,694,454)@[19,34]
g1005(383,243,122)@[6,19]
g1005(748,241,892)@[22,45]
g1004@[29,38]
g1006(281,684,573,853)@[4,5]
g1005(632,861,170)@[29,30]
g1004@[11,27]
g1005(807,903,387)@[13,31]
g1005(167,372,312)@[0,24]
g1004@[33,38]
g1004@[18,27]
g1005(466,440,121)@[25,29]
g1005(406,870,609)@[10,40]
g1005(465,515,577)@[12,22]
g1005(439,537,538)@[6,29]
g1006(761,20,880,732)@[24,34]
g1004@[0,14]
g1006(258,302,786,351)@[1,24]
g1005(642,167,263)@[4,48]
g1005(304,559,755)@[6,27]
g1004@[22,25]
g1004@[5,29]
g1004@[26,33]
g1005(240,382,711)@[15,37]
g1005(580,59,517)@[29,41]
g1005(737,605,472)@[44,45]
g1005(606,277,679)@[3,47]
g1005(541,41,273)@[13,23]
g1004@[4,11]
g1005(143,148,133)@[40,41]
g1004@[24,38]
g1005(266,230,910)@[5,47]
g1005(491,412,582)@[15,32]
g1006(361,884,391,128)@[4,35]
g1005(181,913,545)@[4,20]
g1005(376,796,446)@[2,29]
g1006(122,799,75,149)@[7,16]
g1004@[11,14]
g1005(798,244,255)@[2,40]
g1004@[25,39]
g1004@[26,41]
g1005(303,794,226)@[41,44]
g1005(715,788,282)@[38,41]
g1005(644,367,242)@[25,39]
g1005(287,330,11)@[32,42]
g1004@[21,49]
g1005(301,461,233)@[7,43]
g1005(221,747,600)@[12,34]
g1005(591,426,514)@[2,30]
g1005(141,190,346)@[6,47]
g1005(159,352,285)@[14,34]
g1005(368,851,918)@[40,42]
g1005(134,109,297)@[0,46]
g1004@[4,16]
g1005(492,388,369)@[5,7]
g1005(750,830,254)@[25,41]
g1005(733,428,815)@[25,46]
g1005(162,195,82)@[8,19]
g1004@[30,48]
g1005(577,710,918)@[8,37]
g1005(865,812,255)@[8,26]
g1005(232,775,494)@[28,47]
g1004@[32,48]
g1005(349,143,534)@[23,48]
g1004@[19,47]
g1005(432,440,614)@[4,23]
g1004@[25,26]
g1005(207,194,48)@[14,38]
g1005(827,812,608)@[1,15]
g1004@[26,31]
g1004@[28,34]
g1004@[32,36]
g1005(734,486,909)@[6,36]
g1004@[15,38]
g1004@[23,34]
g1005(894,873,519)@[4,41]
g1004@[42,44]
g1004@[0,15]
g1005(140,425,86)@[3,7]
g1005(579,485,706)@[8,43]
g1004@[0,32]
g1004@[6,38]
g1005(281,725,190)@[2,19]
g1004@[37,38]
g1005(32,140,659)@[43,49]
g1005(395,164,58)@[5,19]
g1005(226,590,661)@[46,47]
g1006(180,26,896,878)@[39,49]
g1006(448,341,28,202)@[16,21]
g1005(238,864,530)@[36,37]
g1005(790,185,667)@[9,26]
g1006(150,723,195,463)@[18,44]
g1006(882,890,11,607)@[4,16]
g1004@[4,19]
g1004@[43,46]
g1004@[29,45]
g1004@[15,49]
g1005(405,887,139)@[6,19]
g1005(55,228,165)@[4,13]
g1005(464,674,475)@[18,23]
g1004@[14,29]
g1004@[7,21]
g1004@[22,36]
g1005(234,23,378)@[7,33]
g1005(373,329,266)@[19,38]
g1005(453,95,241)@[19,48]
g1005(689,105,896)@[14,39]
g1004@[10,44]
g1005(483,346,785)@[1,34]
g1004@[14,31]
g1005(725,750,263)@[7,26]
g1005(591,267,587)@[3,24]
g1005(180,26,648)@[2,42]
g1005(825,272,247)@[12,38]
g1005(464,886,696)@[25,27]
g1006(565,96,392,52)@[17,46]
g1005(16,780,791)@[30,36]
g1004@[42,43]
g1005(682,857,532)@[21,30]
g1005(866,912,383)@[35,38]
g1005(621,871,580)@[14,20]
g1005(858,61,908)@[19,43]
g1004@[28,34]
g1005(915,870,40)@[41,47]
g1005(842,452,229)@[6,45]
g1005(486,825,590)@[8,15]
g1004@[34,44]
g1004@[13,28]
g1005(562,262,588)@[27,31]
g1004@[3,47]
g1005(337,865,741)@[16,40]
g1005(536,900,913)@[13,43]
g1004@[2,13]
g1005(326,864,792)@[7,27]
g1005(540,10,459)@[11,18]
g1005(547,396,692)@[39,42]
g1005(470,594,536)@[31,38]
g1005(55,655,175)@[11,33]
g1006(768,251,760,416)@[8,18]
g1004@[30,33]
g1005(723,217,724)@[1,35]
g1004@[2,47]
g1006(474,770,164,203)@[13,41]
g1005(251,677,657)@[21,37]
g1005(681,229,621)@[27,48]
g1005(471,681,299)@[20,38]
g1004@[28,31]
g1005(199,466,67)@[10,46]
g1005(534,345,300)@[10,40]
g1005(488,600,328)@[6,45]
g1005(650,55,48)@[46,48]
g1004@[3,18]
g1005(377,565,236)@[22,47]
g1004@[12,44]
g1005(672,133,720)@[23,44]
g1004@[39,47]
g1004@[4,26]
g1005(373,801,232)@[10,14]
g1004@[8,25]
g1004@[0,22]
g1005(335,631,41)@[31,45]
g1005(17,574,637)@[0,44]
g1005(300,0,883)@[12,37]
g1004@[24,28]
g1004@[1,22]
g1005(894,731,692)@[29,43]
g1005(497,584,595)@[28,35]
g1005(234,429,741)@[4,7]
g1005(192,911,518)@[20,40]
g1004@[13,48]
g1005(179,641,550)@[18,36]
g1005(718,760,80)@[1,9]
g1005(593,382,401)@[1,17]
g1004@[21,30]
g1004@[26,32]
g1006(371,784,448,520)@[19,27]
g1005(537,704,648)@[38,42]
g1004@[21,28]
g1004@[5,28]
g1005(524,669,779)@[5,8]
g1005(595,860,138)@[8,20]
g1006(675,437,264,758)@[11,15]
g1005(398,456,139)@[3,8]
g1005(425,706,578)@[7,36]
g1005(471,573,529)@[17,38]
g1005(92,336,767)@[3,27]
g1005(555,338,718)@[30,46]
g1005(579,285,639)@[21,48]
g1005(182,890,426)@[6,35]
g1005(661,473,684)@[17,40]
g1004@[4,17]
g1005(591,250,401)@[22,36]
g1005(806,304,64)@[26,49]
g1006(620,517,580,421)@[19,43]
g1005(586,801,219)@[5,45]
g1004@[41,43]
g1004@[15,24]
g1005(888,28,383)@[8,45]
g1004@[25,34]
g1004@[35,49]
g1005(191,874,897)@[9,44]
g1005(323,631,191)@[37,44]
g1005(438,291,29)@[13,30]
g1004@[30,32]
g1004@[20,42]
g1005(655,729,396)@[13,36]
g1005(379,823,854)@[11,22]
g1004@[41,43]
g1005(871,351,837)@[0,31]
g1005(488,827,82)@[28,48]
g1005(867,586,13)@[22,42]
g1005(282,203,52)@[8,16]
g1005(812,598,416)@[2,46]
g1005(328,905,482)@[14,47]
g1005(623,478,90)@[1,44]
g1004@[21,23]
g1006(225,65,477,736)@[12,29]
g1006(152,850,463,0)@[4,46]
g1005(405,527,137)@[28,36]
g1006(434,67,246,787)@[28,37]
g1005(905,186,341)@[34,49]
g1005(473,189,478)@[2,49]
g1005(838,426,586)@[27,37]
g1005(890,534,567)@[6,11]
g1006(778,780,785,430)@[7,25]
g1004@[5,34]
g1005(317,741,194)@[18,40]
g1005(666,353,238)@[26,29]
g1005(340,556,478)@[5,7]
g1005(732,668,362)@[36,47]
g1005(505,395,113)@[8,16]
g1005(847,792,15)@[26,40]
g1005(643,447,202)@[32,44]
g1004@[7,37]
g1005(610,208,488)@[33,37]
g1006(851,87,66,216)@[1,39]
g1005(644,617,268)@[34,40]
g1004@[5,47]
g1005(127,127,442)@[27,45]
g1005(529,157,411)@[30,48]
g1005(47,503,125)@[29,35]
g1005(78,188,385)@[22,34]
g1005(497,881,547)@[2,31]
g1004@[35,37]
g1005(158,301,454)@[5,30]
g1006(100,623,468,787)@[18,21]
g1005(811,528,300)@[12,48]
g1005(488,334,503)@[9,28]
g1005(381,912,491)@[6,15]
g1005(877,272,670)@[10,31]
g1005(827,269,405)@[10,36]
g1005(483,227,600)@[17,20]
g1006(551,673,448,497)@[16,22]
g1005(702,191,504)@[40,42]
g1005(575,765,419)@[10,47]
g1006(513,466,685,146)@[33,49]
g1005(484,521,798)@[1,45]
g1005(586,908,47)@[17,38]
g1005(883,385,814)@[4,10]
g1005(143,869,765)@[0,6]
g1005(835,310,489)@[37,38]
g1005(736,268,66)@[1,25]
g1005(408,132,207)@[16,26]
g1004@[5,9]
g1005(308,621,606)@[19,38]
g1005(51,100,256)@[31,36]
g1005(661,533,301)@[37,44]
g1005(415,585,603)@[10,46]
g1004@[24,27]
g1005(422,679,433)@[20,46]
g1004@[31,43]
g1004@[9,32]
g1005(375,61,821)@[5,11]
g1005(173,287,233)@[2,30]
g1005(903,498,48)@[4,32]
g1005(57,649,434)@[5,47]
g1006(511,248,223,481)@[1,26]
g1005(373,205,20)@[12,47]
g1004@[8,42]
g1005(628,216,659)@[6,34]
g1005(109,776,752)@[11,42]
g1004@[12,27]
g1005(562,505,364)@[17,23]
g1004@[2,48]
g1005(183,71,120)@[39,46]
g1005(27,529,340)@[40,47]
g1005(871,232,181)@[18,46]
g1005(785,231,251)@[43,47]
g1005(810,645,872)@[36,42]
g1005(487,281,486)@[7,26]
g1006(708,42,29,715)@[20,23]
g1005(75,600,293)@[11,38]
g1006(36,240,271,76)@[10,31]
g1005(445,75,295)@[12,15]
g1005(364,365,744)@[4,20]
g1006(166,579,845,63)@[8,39]
g1005(20,456,691)@[19,32]
g1005(628,830,208)@[33,46]
g1005(39,728,418)@[16,40]
g1005(468,483,361)@[27,45]
g1005(666,288,59)@[1,20]
g1005(170,53,482)@[19,32]
g1006(224,237,95,660)@[20,36]
g1004@[29,30]
g1005(688,577,652)@[3,35]
g1005(14,73,77)@[16,24]
g1004@[0,10]
g1005(550,747,129)@[1,39]
g1004@[28,47]
g1005(280,680,435)@[7,35]
g1005(238,304,452)@[22,39]
g1004@[8,14]
g1005(555,864,822)@[11,32]
g1004@[19,39]
g1005(22,263,830)@[37,41]
g1004@[18,44]
g1005(18,506,852)@[17,19]
g1005(721,23,284)@[22,24]
g1004@[24,38]
g1005(501,797,349)@[6,8]
g1006(829,583,56,878)@[0,6]
g1005(46,29,701)@[0,28]
g1005(650,753,616)@[22,27]
g1004@[36,39]
g1005(77,597,353)@[9,41]
g1005(349,326,372)@[2,13]
g1005(16,258,875)@[3,11]
g1005(707,684,700)@[5,15]
g1005(239,882,333)@[5,13]
g1005(163,128,705)@[42,49]
g1004@[7,34]
g1004@[26,47]
g1006(561,493,311,488)@[42,49]
g1005(752,123,411)@[14,37]
g1005(286,887,500)@[20,23]
g1005(154,478,825)@[5,48]
g1005(154,837,825)@[10,40]
g1006(441,683,340,372)@[24,37]
g1005(167,627,138)@[12,48]
g1005(351,310,822)@[19,23]
g1005(836,794,585)@[31,32]
g1005(647,183,345)@[21,48]
g1006(475,0,737,14)@[11,48]
g1005(147,787,594)@[34,40]
g1004@[3,12]
g1005(302,137,702)@[0,30]
g1005(517,506,722)@[1,26]
g1004@[27,44]
g1004@[22,43]
g1005(610,221,156)@[27,34]
g1005(284,810,407)@[30,38]
g1005(737,825,178)@[38,39]
g1005(509,692,904)@[8,41]
g1005(146,816,537)@[4,49]
g1004@[44,49]
g1005(281,731,919)@[37,44]
g1005(206,733,568)@[23,34]
g1004@[14,33]
g1004@[7,35]
g1004@[1,32]
g1005(756,247,757)@[5,41]
g1005(545,486,855)@[22,49]
g1005(900,728,827)@[13,38]
g1005(112,530,32)@[3,26]
g1004@[39,41]
g1004@[8,16]
g1006(695,749,669,742)@[1,44]
g1006(311,607,236,294)@[3,19]
g1004@[10,30]
g1004@[15,38]
g1004@[3,7]
g1005(247,621,756)@[23,44]
g1004@[24,43]
g1005(743,623,819)@[5,23]
g1005(209,561,148)@[18,35]
g1005(655,514,821)@[20,23]
g1004@[37,44]
g1005(366,818,518)@[7,41]
g1004@[5,13]
g1005(854,559,803)@[13,48]
g1005(762,168,257)@[29,33]
g1004@[2,37]
g1004@[12,38]
g1005(862,412,381)@[26,37]
g1004@[18,26]
g1005(145,195,262)@[32,39]
g1006(408,694,323,715)@[6,27]
g1005(753,490,319)@[39,44]
g1005(417,573,201)@[13,17]
g1004@[17,43]
g1005(51,798,8)@[13,31]
g1004@[11,13]
g1004@[28,49]
g1004@[13,36]
g1005(369,610,156)@[37,40]
g1004@[8,45]
g1006(702,145,538,675)@[14,21]
g1004@[30,34]
g1005(321,843,384)@[24,30]
g1005(506,697,326)@[3,30]
g1005(182,651,758)@[13,25]
g1006(577,877,341,878)@[14,38]
g1005(882,224,169)@[1,24]
g1005(698,432,400)@[42,48]
g1004@[22,48]
g1005(609,768,19)@[39,42]
g1004@[1,21]
g1005(39,241,876)@[26,31]
g1005(619,598,676)@[26,44]
g1005(742,254,819)@[22,23]
g1005(6,29,0)@[5,32]
g1005(244,570,201)@[19,36]
g1005(582,239,835)@[11,45]
g1005(424,45,537)@[10,27]
g1005(233,555,401)@[10,40]
g1005(665,120,714)@[22,38]
g1004@[24,31]
g1005(709,478,482)@[19,48]
g1005(605,510,368)@[18,32]
g1004@[9,18]
g1005(392,229,228)@[7,15]
g1004@[33,36]
g1004@[32,39]
g1005(428,759,5)@[0,34]
g1005(7,510,623)@[20,24]
g1005(635,831,179)@[5,28]
g1005(191,896,372)@[8,46]
g1005(524,709,761)@[28,34]
g1005(86,209,13)@[26,32]
g1005(738,729,83)@[24,33]
g1005(315,131,251)@[20,24]
g1005(916,10,321)@[0,16]
g1005(706,643,662)@[28,41]
g1005(631,56,427)@[1,41]
g1004@[21,45]
g1006(260,376,781,432)@[19,20]
g1004@[0,42]
g1005(563,262,830)@[15,21]
g1005(734,134,36)@[1,46]
g1005(363,384,817)@[6,48]
g1005(29,386,31)@[27,36]
g1004@[37,49]
g1005(463,385,187)@[9,42]
g1005(565,657,13)@[24,31]
g1005(845,165,465)@[6,31]
g1006(142,510,139,193)@[15,45]
g1004@[12,22]
g1005(896,700,415)@[3,42]
g1005(869,449,855)@[20,26]
g1006(660,814,90,243)@[7,23]
g1005(87,480,363)@[29,43]
g1004@[32,45]
g1004@[25,27]
g1005(918,716,226)@[12,27]
g1005(149,254,520)@[8,40]
g1004@[46,48]
g1006(305,363,203,476)@[14,36]
g1006(728,307,633,99)@[0,25]
g1005(834,705,42)@[0,33]
g1006(808,888,851,47)@[34,36]
g1005(250,776,368)@[5,20]
g1004@[21,28]
g1005(233,288,557)@[0,11]
g1005(28,434,677)@[12,40]
g1006(424,81,132,866)@[18,47]
g1005(104,19,717)@[19,35]
g1006(775,528,725,670)@[18,30]
g1006(752,190,577,654)@[17,37]
g1004@[21,38]
g1005(874,508,159)@[2,24]
g1005(875,819,154)@[19,42]
g1005(273,360,768)@[20,45]
g1005(346,63,548)@[8,38]
g1006(514,792,282,64)@[0,27]
g1006(670,389,770,22)@[18,22]
g1004@[6,38]
g1005(828,492,22)@[11,29]
g1006(285,560,856,394)@[27,38]
g1005(77,703,97)@[0,9]
g1005(646,38,339)@[10,12]
g1004@[1,9]
g1005(544,803,662)@[17,21]
g1006(858,98,18,44)@[45,48]
g1004@[43,46]
g1004@[12,42]
g1004@[2,44]
g1005(41,599,571)@[2,34]
g1004@[24,39]
g1005(903,712,349)@[30,43]
g1005(277,914,707)@[3,11]
g1004@[11,19]
g1004@[36,43]
g1004@[0,8]
g1005(728,450,787)@[21,29]
g1004@[8,48]
g1006(616,297,467,98)@[1,25]
g1005(340,813,143)@[23,43]
g1004@[8,18]
g1005(626,476,86)@[3,21]
g1004@[2,32]
g1005(409,420,891)@[23,25]
g1005(825,560,109)@[0,27]
g1005(776,648,543)@[43,46]
g1005(175,844,341)@[31,49]
g1005(12,425,308)@[2,47]
g1005(571,124,7)@[0,20]
g1006(484,36,71,867)@[20,46]
g1004@[42,49]
g1005(31,716,20)@[10,32]
g1005(345,82,302)@[14,25]
g1004@[13,37]
g1004@[7,20]
g1005(442,203,365)@[11,34]
g1006(803,543,500,559)@[8,35]
g1004@[23,24]
g1005(332,728,650)@[20,29]
g1005(318,592,47)@[1,8]
g1005(624,837,46)@[25,32]
g1005(177,293,197)@[6,23]
g1006(241,633,191,75)@[11,46]
g1005(70,862,441)@[11,21]
g1004@[46,47]
g1005(71,469,524)@[2,28]
g1004@[28,29]
g1004@[3,23]
g1005(466,205,656)@[10,28]
g1006(387,127,894,336)@[28,36]
g1004@[14,25]
g1005(132,167,133)@[9,18]
g1005(460,316,11)@[38,41]
g1005(130,157,450)@[31,44]
g1005(622,905,742)@[19,26]
g1005(395,196,486)@[32,33]
g1004@[16,34]
g1004@[9,39]
g1005(827,626,771)@[29,41]
g1006(333,287,156,462)@[4,38]
g1005(913,54,634)@[24,32]
g1005(490,230,475)@[29,40]
g1005(623,730,446)@[27,48]
g1004@[28,49]
g1004@[19,30]
g1005(284,46,811)@[38,41]
g1004@[0,2]
g1005(112,331,658)@[32,37]
g1006(266,172,198,356)@[0,11]
g1004@[7,46]
g1004@[10,20]
g1005(462,307,300)@[8,32]
g1004@[10,29]
g1006(868,377,483,777)@[9,36]
g1004@[1,26]
g1005(366,526,911)@[12,16]
g1006(652,641,266,419)@[1,21]
g1005(44,152,683)@[37,47]
g1005(306,415,889)@[32,36]
g1005(165,211,294)@[21,35]
g1004@[9,48]
g1004@[4,38]
g1005(586,737,21)@[26,48]
g1006(629,175,183,15)@[39,49]
g1005(307,495,407)@[12,17]
g1005(110,54,879)@[14,22]
g1004@[5,45]
g1005(816,487,186)@[28,48]
g1004@[24,44]
g1004@[11,20]
g1006(240,338,895,862)@[20,29]
g1005(685,663,153)@[13,31]
g1005(460,663,292)@[18,49]
g1005(848,227,679)@[22,44]
g1005(909,486,510)@[17,44]
g1005(463,512,281)@[3,44]
g1005(668,878,815)@[10,19]
g1004@[29,45]
g1005(44,18,185)@[1,8]
g1005(524,484,50)@[31,44]
g1005(774,675,888)@[30,33]
g1005(753,234,726)@[41,46]
g1004@[19,49]
g1005(530,437,325)@[2,18]
g1005(792,271,320)@[28,48]
g1006(722,323,209,672)@[26,48]
g1005(829,78,879)@[19,24]
g1004@[8,29]
g1004@[20,34]
g1005(727,363,32)@[3,29]
g1004@[11,28]
g1005(480,469,712)@[7,23]
g1005(602,901,741)@[40,41]
g1004@[6,13]
g1004@[40,47]
g1005(354,589,812)@[13,16]
g1005(682,241,122)@[43,46]
g1004@[45,47]
g1005(360,409,594)@[30,39]
g1005(880,836,255)@[22,24]
g1005(65,757,354)@[1,33]
g1005(103,659,687)@[7,33]
g1005(798,527,598)@[8,13]
g1004@[25,45]
g1005(342,634,909)@[35,45]
g1005(509,256,827)@[11,23]
g1006(839,408,620,467)@[9,24]
g1005(490,730,205)@[1,26]
g1006(538,149,29,192)@[13,48]
g1004@[5,40]
g1005(187,140,508)@[11,23]
g1005(764,14,783)@[4,43]
g1004@[5,22]
g1006(262,218,644,516)@[16,30]
g1005(174,222,82)@[2,5]
g1005(195,315,473)@[17,28]
g1004@[16,47]
g1004@[9,16]
g1005(515,225,569)@[4,38]
g1005(829,348,64)@[12,35]
g1005(90,745,462)@[14,29]
g1005(895,710,908)@[11,19]
g1005(540,376,846)@[10,33]
g1005(719,357,625)@[41,48]
g1005(671,323,583)@[13,20]
g1005(81,25,484)@[14,26]
g1004@[31,38]
g1004@[8,16]
g1006(460,605,382,216)@[0,11]
g1005(463,771,594)@[12,18]
g1006(736,204,489,390)@[25,47]
g1005(281,761,624)@[30,44]
g1005(674,863,55)@[5,37]
g1005(819,421,511)@[12,23]
g1004@[25,29]
g1004@[15,28]
g1005(691,670,130)@[6,33]
g1005(305,169,561)@[0,25]
g1005(256,434,155)@[4,42]
g1005(562,568,29)@[6,37]
g1005(331,578,26)@[1,32]
g1005(710,804,251)@[2,11]
g1006(681,61,839,174)@[11,18]
g1004@[3,41]
g1005(305,832,606)@[40,49]
g1006(50,707,714,541)@[6,32]
g1004@[11,23]
g1004@[46,47]
g1005(904,87,400)@[23,35]
g1005(238,597,367)@[17,20]
g1005(915,138,323)@[13,32]
g1005(41,818,54)@[17,46]
g1004@[15,18]
g1005(225,650,806)@[24,33]
g1005(379,646,52)@[13,38]
g1005(433,726,91)@[19,21]
g1004@[2,7]
g1005(59,708,201)@[20,46]
g1004@[28,47]
g1005(247,539,81)@[29,40]
g1005(389,566,716)@[23,28]
g1005(653,203,508)@[1,47]
g1005(551,1,186)@[12,23]
g1005(535,769,880)@[3,49]
g1005(457,109,751)@[15,38]
g1006(34,149,542,560)@[2,26]
g1005(776,726,235)@[4,23]
g1004@[4,27]
g1005(651,13,737)@[12,32]
g1005(174,131,317)@[7,37]
g1004@[14,34]
g1004@[19,49]
g1004@[0,32]
g1005(51,584,326)@[26,39]
g1004@[15,42]
g1004@[6,38]
g1004@[19,49]
g1005(888,153,512)@[7,18]
g1005(810,136,219)@[11,33]
g1004@[5,15]
g1005(76,560,553)@[4,24]
g1005(275,13,534)@[6,41]
g1006(108,263,259,405)@[5,46]
g1005(318,403,159)@[14,41]
g1005(587,258,859)@[17,26]
g1004@[2,18]
g1005(30,677,862)@[18,25]
g1004@[30,33]
g1005(49,235,273)@[21,48]
g1005(401,248,786)@[9,27]
g1006(767,221,379,773)@[26,28]
g1004@[34,44]
g1005(458,800,47)@[8,47]
g1006(121,409,209,260)@[5,30]
g1005(44,655,31)@[31,38]
g1005(115,560,895)@[0,24]
g1005(16,447,534)@[11,19]
g1005(665,831,431)@[32,33]
g1005(440,111,207)@[16,45]
g1005(33,165,168)@[2,23]
g1005(479,477,121)@[21,40]
g1005(147,630,902)@[7,22]
g1005(20,680,398)@[43,47]
g1004@[15,46]
g1005(311,791,252)@[9,21]
g1005(735,10,261)@[42,43]
g1005(244,415,35)@[11,42]
g1005(671,582,354)@[24,35]
g1006(166,478,227,498)@[9,40]
g1005(174,74,609)@[1,20]
g1006(119,282,579,568)@[27,36]
g1005(576,616,34)@[28,40]
g1005(197,907,444)@[13,25]
g1005(87,85,674)@[6,7]
g1005(782,323,915)@[5,20]
g1006(287,66,758,142)@[3,30]
g1004@[30,45]
g1005(598,707,563)@[21,46]
g1005(862,448,865)@[3,48]
g1005(536,521,282)@[27,45]
g1005(147,4,347)@[4,13]
g1004@[15,47]
g1005(729,763,610)@[9,32]
g1005(687,134,737)@[9,24]
g1005(359,211,246)@[36,38]
g1006(816,420,255,393)@[3,39]
g1005(333,83,376)@[11,13]
g1005(68,830,265)@[4,12]
g1005(625,55,35)@[5,20]
g1005(133,903,188)@[17,40]
g1005(237,900,850)@[0,9]
g1005(867,818,893)@[12,17]
g1005(854,638,903)@[6,49]
g1005(840,9,45)@[32,43]
g1004@[32,44]
g1004@[3,47]
g1005(602,710,330)@[4,43]
g1006(182,454,47,807)@[24,31]
g1005(375,447,109)@[17,25]
g1004@[31,46]
g1005(108,814,559)@[27,47]
g1004@[11,43]
g1005(469,247,626)@[14,31]
g1005(835,464,916)@[4,48]
g1004@[32,45]
g1004@[26,31]
g1006(80,367,94,542)@[0,26]
g1005(520,805,812)@[32,43]
g1005(111,598,239)@[3,22]
g1004@[15,22]
g1006(56,843,40,526)@[20,21]
g1005(838,90,8)@[5,43]
g1004@[6,26]
g1005(917,694,53)@[18,33]
g1005(570,274,382)@[2,29]
g1005(262,305,504)@[12,21]
g1004@[22,40]
g1004@[36,49]
g1004@[1,10]
g1005(334,173,781)@[3,27]
g1005(788,465,514)@[7,17]
g1005(302,570,634)@[2,4]
g1004@[18,25]
g1005(211,687,468)@[13,34]
g1006(631,764,546,744)@[31,32]
g1004@[9,30]
g1005(87,353,25)@[32,40]
g1005(115,189,892)@[23,34]
g1004@[1,45]
g1005(334,753,551)@[12,23]
g1005(379,658,70)@[28,43]
g1004@[6,30]
g1005(526,145,895)@[3,24]
g1004@[6,17]
g1005(228,28,699)@[0,9]
g1005(905,772,777)@[12,22]
g1005(62,462,421)@[2,42]
g1004@[37,45]
g1006(160,51,570,179)@[14,36]
g1005(54,841,60)@[7,22]
g1005(173,518,9)@[5,14]
g1006(60,808,635,208)@[30,47]
g1004@[32,40]
g1005(552,175,71)@[18,41]
g1005(410,197,691)@[9,12]
g1004@[31,43]
g1005(281,227,919)@[9,47]
g1005(166,813,609)@[10,37]
g1005(373,329,906)@[8,48]
g1005(484,182,779)@[9,24]
g1004@[12,19]
g1005(592,162,463)@[13,42]
g1005(529,314,895)@[2,27]
g1005(299,518,645)@[1,5]
g1004@[45,49]
g1005(712,902,132)@[30,47]
g1004@[1,41]
g1005(617,323,903)@[14,48]
g1006(509,555,5,21)@[12,47]
g1005(106,334,48)@[14,44]
g1005(27,743,478)@[17,18]
g1006(709,699,797,781)@[11,46]
g1004@[35,42]
g1005(547,71,69)@[19,26]
g1005(570,496,334)@[11,37]
g1005(681,886,142)@[24,32]
g1005(282,677,665)@[5,31]
g1004@[16,29]
g1004@[12,45]
g1004@[19,23]
g1004@[39,40]
g1004@[5,19]
g1005(217,488,516)@[19,21]
g1005(547,785,732)@[11,36]
g1005(290,783,879)@[36,41]
g1005(267,884,301)@[9,41]
g1004@[24,26]
g1006(449,575,574,824)@[14,44]
g1005(491,159,19)@[19,41]
g1005(230,843,878)@[25,40]
g1005(362,644,164)@[27,42]
g1005(75,425,103)@[12,27]
g1004@[25,36]
g1004@[5,31]
g1005(872,484,835)@[14,45]
g1005(618,882,772)@[21,24]
g1004@[26,49]
g1006(596,822,462,5)@[11,12]
g1005(366,398,161)@[25,46]
g1005(350,660,6)@[25,36]
g1006(724,629,490,104)@[4,31]
g1005(717,409,82)@[8,16]
g1005(19,654,102)@[11,31]
g1005(562,329,345)@[17,30]
g1004@[23,48]
g1006(627,320,329,119)@[28,40]
g1005(25,801,693)@[5,41]
g1005(252,761,381)@[14,46]
g1004@[16,41]
g1004@[36,39]
g1005(688,452,528)@[9,12]
g1006(469,692,476,229)@[35,36]
g1005(175,445,142)@[14,26]
g1004@[5,8]
g1005(759,285,877)@[5,39]
g1005(116,311,25)@[24,36]
g1005(467,810,262)@[6,32]
g1004@[10,31]
g1006(405,617,308,783)@[29,37]
g1005(455,9,483)@[41,45]
g1005(712,862,813)@[28,37]
g1005(168,588,673)@[10,33]
g1005(515,94,742)@[18,38]
g1006(687,799,73,779)@[1,25]
g1005(320,331,453)@[3,26]
g1005(655,403,503)@[16,22]
g1005(777,834,681)@[4,47]
g1006(673,469,715,619)@[3,40]
g1006(24,356,546,77)@[27,40]
g1004@[20,38]
g1006(526,641,259,879)@[12,46]
g1005(887,793,169)@[5,21]
g1004@[7,43]
g1006(29,288,243,503)@[6,15]
g1005(550,209,633)@[23,31]
g1005(744,679,36)@[41,49]
g1006(205,225,189,658)@[13,20]
g1004@[5,10]
g1005(910,656,269)@[6,49]
g1005(51,544,170)@[30,49]
g1006(423,520,197,833)@[1,49]
g1005(423,371,776)@[28,44]
g1004@[26,42]
g1006(39,614,81,754)@[15,21]
g1005(65,278,83)@[1,48]
g1005(432,294,221)@[25,36]
g1004@[18,48]
g1006(416,2,311,422)@[3,15]
g1005(29,480,361)@[14,15]
g1005(324,357,728)@[5,22]
g1005(745,52,266)@[28,31]
g1004@[20,24]
g1005(683,861,77)@[22,33]
g1005(263,258,478)@[33,39]
g1005(306,73,484)@[35,42]
g1005(658,808,6)@[10,13]
g1005(816,879,311)@[20,30]
g1005(152,226,716)@[26,29]
g1006(555,742,824,360)@[17,29]
g1004@[17,29]
g1005(469,327,722)@[8,49]
g1004@[2,8]
g1005(362,748,613)@[22,34]
g1006(302,309,393,751)@[12,16]
g1006(315,883,94,512)@[18,41]
g1005(117,450,732)@[17,40]
g1005(831,776,122)@[14,21]
g1005(802,10,661)@[17,42]
g1005(164,21,363)@[5,36]
g1005(826,813,669)@[10,47]
g1005(835,411,83)@[6,46]
g1005(395,56,141)@[25,44]
g1005(142,892,783)@[8,26]
g1004@[34,43]
g1004@[16,46]
g1006(567,70,63,443)@[9,21]
g1005(178,739,662)@[4,29]
g1006(393,479,59,811)@[2,8]
g1004@[22,23]
g1005(39,813,188)@[44,49]
g1004@[10,31]
g1004@[28,49]
g1004@[6,8]
g1005(321,224,715)@[37,48]
g1005(751,760,814)@[23,27]
g1005(883,285,692)@[9,37]
g1005(385,139,81)@[24,35]
g1005(276,310,10)@[30,33]
g1005(538,195,31)@[13,24]
g1005(410,6,652)@[26,31]
g1005(487,788,252)@[11,13]
g1005(401,558,3)@[11,14]
g1005(383,891,622)@[7,12]
g1005(894,906,302)@[38,41]
g1005(537,137,5)@[29,40]
g1005(294,496,156)@[5,48]
g1005(435,521,225)@[26,28]
g1004@[11,42]
g1006(230,39,560,51)@[26,37]
g1005(833,631,622)@[9,42]
g1004@[13,23]
g1006(372,739,236,880)@[42,45]
g1006(795,866,307,8)@[24,30]
g1005(466,900,367)@[5,29]
g1004@[7,17]
g1005(637,447,160)@[25,37]
g1005(756,663,769)@[19,36]
g1005(802,287,738)@[22,32]
g1005(605,208,725)@[25,45]
g1005(641,517,635)@[5,6]
g1005(897,265,33)@[18,42]
g1004@[1,25]
g1005(100,836,109)@[10,24]
g1004@[15,30]
g1005(906,605,237)@[12,25]
g1004@[7,20]
g1004@[15,38]
g1005(212,176,449)@[1,29]
g1005(795,909,81)@[40,44]
g1005(556,863,742)@[15,22]
g1005(367,235,472)@[3,19]
g1005(746,163,165)@[1,30]
g1005(816,885,343)@[1,48]
g1005(150,510,868)@[14,38]
g1005(859,555,352)@[8,41]
g1005(125,788,838)@[1,22]
g1004@[31,48]
g1004@[25,35]
g1005(386,570,282)@[9,14]
g1005(319,598,795)@[6,24]
g1006(155,798,73,296)@[23,42]
g1005(789,690,285)@[7,28]
g1004@[16,35]
g1005(842,361,825)@[13,46]
g1005(280,624,499)@[34,35]
g1006(814,191,102,73)@[35,36]
g1005(702,99,652)@[4,35]
g1005(813,702,866)@[21,22]
g1005(121,639,45)@[12,41]
g1005(422,108,514)@[4,8]
g1005(544,111,80)@[4,31]
g1006(310,731,36,47)@[15,33]
g1005(872,754,7)@[13,26]
g1004@[23,41]
g1005(263,10,837)@[18,27]
g1005(503,548,749)@[5,32]
g1004@[26,48]
g1005(835,603,599)@[0,39]
g1005(145,740,598)@[24,37]
g1005(908,572,40)@[24,41]
g1005(807,433,198)@[0,28]
g1005(26,633,471)@[9,36]
g1005(212,450,707)@[6,39]
g1005(662,334,180)@[15,35]
g1004@[8,13]
g1004@[8,18]
g1004@[4,33]
g1004@[27,46]
g1006(606,801,700,387)@[5,6]
g1006(87,703,243,191)@[10,46]
g1005(419,525,352)@[17,26]
g1004@[8,24]
g1004@[24,41]
g1005(369,711,668)@[6,43]
g1005(640,586,259)@[38,42]
g1006(419,108,538,891)@[3,19]
g1006(120,239,370,689)@[26,36]
g1005(452,57,264)@[8,42]
g1004@[19,28]
g1005(162,906,429)@[15,35]
g1005(48,748,846)@[2,47]
g1005(157,865,233)@[8,13]
g1004@[32,40]
g1005(897,627,465)@[43,45]
g1004@[2,24]
g1005(470,645,150)@[12,32]
g1005(53,328,210)@[23,37]
g1004@[5,20]
g1005(72,111,481)@[23,31]
g1005(321,155,176)@[8,17]
g1005(30,179,23)@[10,30]
g1005(790,509,892)@[6,44]
g1005(891,322,397)@[6,19]
g1004@[8,49]
g1005(425,513,627)@[6,47]
g1004@[5,16]
g1006(474,517,601,587)@[39,46]
g1006(654,225,749,818)@[37,41]
g1005(850,138,4)@[16,37]
g1005(914,95,911)@[24,46]
g1006(759,247,825,272)@[42,43]
g1004@[32,37]
g1005(636,658,79)@[6,9]
g1005(880,332,905)@[11,43]
g1005(172,366,841)@[15,30]
g1005(712,374,465)@[20,37]
g1004@[15,47]
g1005(290,224,365)@[21,30]
g1005(75,810,622)@[8,45]
g1005(820,728,167)@[26,39]
g1005(531,898,243)@[5,43]
g1006(107,119,66,428)@[20,24]
g1004@[12,22]
g1005(494,772,456)@[37,45]
g1005(315,892,455)@[21,22]
g1005(278,645,646)@[0,7]
g1005(295,484,786)@[0,21]
g1006(645,499,429,904)@[32,48]
g1005(409,808,680)@[20,33]
g1005(434,644,73)@[17,29]
g1004@[7,26]
g1004@[14,30]
g1005(237,62,516)@[0,3]
g1005(380,710,908)@[27,41]
g1006(670,884,478,752)@[23,32]
g1005(554,748,257)@[27,29]
g1005(132,414,745)@[32,48]
g1004@[2,12]
g1006(607,147,224,572)@[36,41]
g1004@[26,40]
g1005(806,674,236)@[6,48]
g1005(596,447,739)@[14,28]
g1004@[12,24]
g1005(376,734,684)@[18,39]
g1004@[25,45]
g1005(190,894,533)@[8,40]
g1004@[20,27]
g1005(359,485,500)@[34,38]
g1005(371,273,770)@[22,45]
g1005(68,826,393)@[19,49]
g1004@[11,37]
g1004@[27,28]
g1005(689,744,270)@[19,33]
g1005(19,338,330)@[10,40]
g1005(255,612,685)@[0,48]
g1004@[9,22]
g1005(592,790,144)@[8,44]
g1004@[6,46]
g1005(512,270,652)@[30,40]
g1005(226,247,21)@[10,38]
g1005(552,442,424)@[23,32]
g1006(62,573,421,607)@[3,36]
g1004@[21,45]
g1004@[0,36]
g1005(33,259,802)@[21,24]
g1005(873,620,874)@[26,45]
g1005(112,190,450)@[30,36]
g1005(376,360,655)@[1,39]
g1004@[26,45]
g1005(242,307,81)@[25,37]
g1004@[19,22]
g1005(841,683,617)@[23,25]
g1004@[11,15]
g1004@[18,28]
g1005(248,788,31)@[25,27]
g1004@[2,20]
g1004@[2,35]
g1005(179,522,149)@[43,44]
g1005(64,335,668)@[34,46]
g1006(541,563,695,799)@[19,38]
g1005(178,541,682)@[43,47]
g1005(132,821,133)@[13,41]
g1005(110,402,33)@[38,46]
g1006(681,346,418,339)@[13,18]
g1005(786,452,85)@[7,10]
g1005(14,377,818)@[2,26]
g1005(707,654,137)@[8,10]
g1005(789,853,792)@[11,29]
g1005(627,15,354)@[5,27]
g1005(366,246,255)@[15,18]
g1005(285,358,854)@[27,30]
g1006(770,856,94,749)@[7,34]
g1004@[15,17]
g1005(3,25,638)@[2,9]
g1004@[3,30]
g1004@[11,47]
g1005(335,349,181)@[11,36]
g1005(216,224,861)@[4,9]
g1005(64,133,265)@[26,49]
g1005(235,33,89)@[4,9]
g1005(803,771,450)@[3,25]
g1006(325,379,716,302)@[23,33]
g1006(903,560,200,762)@[7,39]
g1005(835,720,567)@[10,16]
g1004@[4,29]
g1004@[20,38]
g1005(517,528,449)@[25,39]
g1005(148,841,249)@[24,44]
g1004@[16,44]
g1005(394,292,690)@[40,42]
g1004@[0,10]
g1006(343,320,840,402)@[28,29]
g1004@[15,29]
g1004@[11,47]
g1004@[43,48]
g1005(741,505,393)@[20,31]
g1004@[22,25]
g1005(175,883,412)@[16,29]
g1005(117,311,469)@[5,28]
g1006(901,841,775,721)@[23,38]
g1005(80,277,484)@[29,46]
g1005(557,621,309)@[7,15]
g1004@[9,26]
g1005(814,514,362)@[15,32]
g1005(842,722,510)@[21,30]
g1005(765,910,851)@[35,44]
g1005(659,136,41)@[36,38]
g1005(571,10,476)@[21,34]
g1004@[26,37]
g1004@[9,36]
g1005(188,231,834)@[22,46]
g1005(538,88,907)@[28,48]
g1004@[23,33]
g1005(85,375,95)@[24,36]
g1005(218,596,901)@[29,33]
g1005(634,344,170)@[7,31]
g1004@[1,5]
g1005(581,5,803)@[2,13]
g1005(268,655,235)@[25,34]
g1005(886,280,786)@[41,42]
g1005(537,302,151)@[9,13]
g1005(294,413,199)@[17,33]
g1004@[23,47]
g1005(558,635,42)@[2,30]
g1005(568,206,759)@[11,37]
g1005(31,213,19)@[28,37]
g1004@[24,26]
g1006(604,398,898,685)@[7,12]
g1004@[3,26]
g1005(51,294,563)@[3,8]
g1004@[18,47]
g1005(860,49,740)@[13,46]
g1005(654,645,719)@[11,17]
g1005(583,870,224)@[11,35]
g1004@[6,32]
g1005(813,479,274)@[17,30]
g1005(732,783,793)@[22,41]
g1005(600,740,894)@[12,30]
g1005(114,130,891)@[10,34]
g1005(163,433,546)@[38,45]
g1004@[1,42]
g1004@[12,31]
g1005(644,179,9)@[4,49]
g1004@[15,44]
g1006(266,300,891,363)@[4,49]
g1005(737,919,317)@[5,36]
g1005(215,272,423)@[35,41]
g1005(10,872,265)@[15,40]
g1005(277,876,792)@[4,36]
g1005(397,345,89)@[26,43]
g1005(247,743,705)@[16,47]
g1004@[19,27]
g1004@[4,29]
g1005(112,282,25)@[11,12]
g1006(823,854,292,241)@[39,43]
g1005(4,271,470)@[13,29]
g1005(200,881,331)@[1,4]
g1005(50,36,598)@[23,25]
g1005(18,716,489)@[19,26]
g1005(642,228,495)@[2,32]
g1005(633,102,795)@[28,43]
g1005(249,621,883)@[3,43]
g1005(638,705,603)@[19,24]
g1005(310,719,16)@[22,34]
g1005(772,690,598)@[23,25]
g1005(636,186,576)@[1,46]
g1005(93,524,913)@[2,19]
g1004@[1,11]
g1004@[21,29]
g1005(72,856,350)@[0,13]
g1005(38,295,816)@[4,20]
g1005(43,737,457)@[7,24]
g1005(803,436,437)@[1,29]
g1006(60,66,280,697)@[9,12]
g1005(349,316,133)@[38,41]
g1004@[38,41]
g1004@[36,49]
g1005(656,646,201)@[40,42]
g1005(386,471,196)@[31,37]
g1005(530,75,31)@[14,30]
g1005(83,861,183)@[31,49]
g1005(898,111,699)@[0,48]
g1005(158,722,434)@[36,44]
g1005(91,833,517)@[19,24]
g1005(391,577,861)@[9,46]
g1004@[32,44]
g1005(160,32,282)@[9,26]
g1005(914,172,658)@[3,33]
g1005(198,630,683)@[23,48]
g1005(788,658,479)@[33,42]
g1005(689,337,853)@[44,47]
g1005(533,473,553)@[30,37]
g1005(531,45,445)@[12,43]
g1004@[2,42]
g1004@[39,45]
g1005(695,30,137)@[1,35]
g1005(678,396,148)@[43,46]
g1005(757,82,716)@[31,41]
g1005(312,405,636)@[8,36]
g1004@[19,31]
g1004@[29,45]
g1004@[9,32]
g1005(38,476,42)@[31,46]
g1005(389,838,900)@[27,35]
g1006(347,120,538,413)@[17,37]
g1005(635,498,596)@[0,46]
g1004@[16,21]
g1005(412,542,302)@[24,35]
g1005(888,196,208)@[4,26]
g1004@[8,16]
g1004@[26,36]
g1005(917,171,34)@[12,28]
g1004@[3,35]
g1005(785,808,755)@[27,33]
g1005(361,158,692)@[10,49]
g1004@[24,47]
g1004@[25,33]
g1005(268,347,366)@[35,43]
g1005(773,409,8)@[3,38]
g1004@[12,29]
g1005(796,576,631)@[36,39]
g1006(582,575,801,466)@[38,47]
g1005(173,436,812)@[24,38]
g1005(646,265,126)@[23,41]
g1004@[18,34]
g1005(99,537,786)@[13,30]
g1004@[11,49]
g1005(588,505,93)@[10,16]
g1005(651,458,333)@[8,44]
g1005(581,521,157)@[21,47]
g1005(474,549,461)@[13,28]
g1005(227,459,624)@[13,37]
g1005(297,215,799)@[3,42]
g1004@[7,15]
g1006(255,111,54,809)@[30,33]
g1005(90,488,177)@[18,19]
g1005(490,691,882)@[15,42]
g1005(852,786,355)@[37,47]
g1005(347,838,200)@[32,39]
g1005(509,242,421)@[2,6]
g1005(70,122,698)@[14,28]
g1006(415,232,276,27)@[6,39]
g1006(373,136,772,371)@[2,37]
g1005(46,342,275)@[13,29]
g1004@[18,46]
g1004@[3,14]
g1006(910,461,595,782)@[7,31]
g1005(854,482,457)@[0,33]
g1005(511,9,366)@[11,20]
g1005(11,813,473)@[18,37]
g1005(293,889,613)@[4,8]
g1005(562,107,222)@[14,47]
g1004@[2,9]
g1004@[11,16]
g1005(721,857,305)@[4,14]
g1005(79,247,717)@[14,46]
g1005(307,260,149)@[0,20]
g1004@[26,46]
g1005(128,851,299)@[5,36]
g1005(768,786,734)@[27,32]
g1005(561,374,51)@[13,33]
g1005(556,838,333)@[20,42]
g1004@[29,49]
g1004@[4,8]
g1004@[8,17]
g1005(857,480,86)@[8,35]
g1005(870,453,694)@[33,45]
g1005(899,106,319)@[24,43]
g1004@[6,8]
g1005(146,624,104)@[23,24]
g1005(41,676,733)@[9,28]
g1005(633,216,234)@[6,25]
g1005(284,687,59)@[14,17]
g1004@[34,49]
g1006(845,233,439,222)@[16,33]
g1005(740,67,806)@[13,14]
g1004@[1,14]
g1005(803,283,542)@[15,47]
g1005(534,384,894)@[2,45]
g1004@[41,44]
g1004@[28,34]
g1006(916,96,125,674)@[4,14]
g1006(78,654,100,527)@[2,13]
g1005(350,66,689)@[36,41]
g1005(361,329,273)@[28,30]
g1005(631,352,750)@[1,14]
g1006(596,566,792,582)@[31,48]
g1004@[3,13]
g1006(411,194,712,634)@[16,21]
g1006(149,39,753,186)@[10,28]
g1004@[13,42]
g1006(246,842,402,574)@[12,14]
g1005(304,625,762)@[0,4]
g1006(873,7,646,892)@[7,43]
g1005(445,558,131)@[29,34]
g1005(567,917,426)@[18,30]
g1006(767,806,100,600)@[0,24]
g1005(87,385,215)@[13,44]
g1006(338,294,540,790)@[1,35]
g1005(200,877,573)@[19,21]
g1004@[4,12]
g1006(897,255,217,541)@[13,36]
g1004@[25,27]
g1004@[6,34]
g1005(708,881,749)@[10,18]
g1005(305,823,19)@[4,6]
g1005(465,421,399)@[12,16]
g1004@[4,30]
g1005(584,837,579)@[3,7]
g1005(660,264,557)@[23,35]
g1004@[4,10]
g1005(91,874,52)@[26,34]
g1006(630,342,340,124)@[35,47]
g1005(260,882,845)@[20,43]
g1004@[43,47]
g1004@[17,19]
g1005(816,412,38)@[27,46]
g1004@[1,14]
g1004@[13,23]
g1004@[2,11]
g1005(381,221,85)@[4,44]
g1005(424,378,116)@[25,48]
g1005(396,790,402)@[44,46]
g1006(746,909,500,89)@[32,38]
g1005(173,625,9)@[15,26]
g1005(681,156,816)@[5,41]
g1005(789,378,341)@[24,25]
g1004@[8,49]
g1006(254,445,372,119)@[1,46]
g1005(516,849,671)@[0,44]
g1005(78,120,373)@[39,42]
g1004@[18,37]
g1005(869,713,160)@[29,37]
g1004@[16,30]
g1004@[1,4]
g1004@[8,21]
g1006(849,352,753,428)@[2,32]
g1005(283,812,865)@[10,14]
g1005(69,467,758)@[35,40]
g1006(772,56,854,407)@[39,48]
g1005(399,234,780)@[36,43]
g1005(110,41,744)@[3,19]
g1004@[13,42]
g1004@[34,35]
g1005(517,134,225)@[3,33]
g1005(11,93,719)@[27,48]
g1004@[33,36]
g1004@[1,32]
g1004@[13,43]
g1005(715,453,828)@[5,48]
g1005(47,591,526)@[2,15]
g1005(415,420,511)@[4,30]
g1004@[29,42]
g1006(189,93,391,607)@[3,8]
g1005(85,75,815)@[18,44]
g1005(155,452,292)@[20,31]
g1005(628,422,46)@[19,47]
g1005(120,414,758)@[1,36]
g1005(428,712,276)@[0,23]
g1005(359,230,222)@[17,32]
g1004@[17,24]
g1004@[31,42]
g1005(886,367,313)@[11,42]
g1005(233,569,893)@[13,33]
g1006(29,110,66,537)@[24,37]
g1005(214,26,340)@[38,45]
g1004@[44,47]
g1006(708,484,238,54)@[18,25]
g1004@[1,32]
g1005(490,686,293)@[8,41]
g1004@[15,27]
g1005(426,905,242)@[1,36]
g1004@[1,49]
g1005(653,853,392)@[9,21]
g1006(903,216,317,227)@[0,39]
g1005(90,822,424)@[33,45]
g1005(892,528,150)@[17,26]
g1004@[0,44]
g1006(265,17,319,406)@[4,44]
g1005(455,300,800)@[18,29]
g1005(341,29,686)@[12,15]
g1005(900,779,193)@[6,28]
g1004@[31,41]
g1004@[19,22]
g1005(93,611,686)@[7,34]
g1005(379,137,243)@[5,46]
g1005(182,432,702)@[3,25]
g1005(216,731,18)@[36,49]
g1005(686,778,606)@[7,16]
g1005(259,11,283)@[7,28]
g1005(816,671,421)@[21,31]
g1005(719,677,170)@[5,22]
g1005(538,440,301)@[0,12]
g1005(601,584,303)@[26,44]
g1004@[2,4]
g1005(107,884,762)@[29,40]
g1005(836,310,469)@[6,32]
g1004@[31,35]
g1004@[3,47]
g1005(122,829,724)@[15,28]
g1005(600,704,242)@[8,24]
g1005(616,309,144)@[8,25]
g1005(464,11,473)@[17,26]
g1005(853,753,455)@[30,41]
g1006(239,51,23,532)@[29,44]
g1005(648,829,271)@[34,44]
g1005(473,525,351)@[9,28]
g1005(903,184,398)@[38,49]
g1004@[19,36]
g1004@[1,4]
g1004@[17,36]
g1005(242,42,509)@[16,39]
g1005(180,815,498)@[0,24]
g1005(586,611,741)@[4,16]
g1005(483,584,615)@[1,33]
g1005(877,696,911)@[16,28]
g1004@[25,49]
g1006(790,731,245,778)@[11,22]
g1005(41,571,46)@[37,39]
g1004@[17,47]
g1006(652,298,62,624)@[24,25]
g1004@[34,40]
g1005(283,640,219)@[11,24]
g1005(295,530,776)@[35,45]
g1004@[33,47]
g1004@[24,44]
g1006(646,398,330,37)@[24,32]
g1006(438,803,762,79)@[16,26]
g1005(55,783,75)@[23,44]
g1004@[14,31]
g1005(485,662,473)@[10,29]
g1005(609,414,101)@[22,39]
g1005(697,380,42)@[0,43]
g1005(184,249,521)@[14,49]
g1004@[23,28]
g1005(862,199,463)@[17,31]
g1005(373,6,491)@[18,39]
g1005(812,66,85)@[30,41]
g1006(95,492,427,400)@[5,23]
g1004@[3,27]
g1006(144,409,626,415)@[31,33]
g1005(597,607,820)@[2,45]
g1005(50,847,430)@[29,39]
g1006(324,614,328,342)@[4,35]
g1005(452,86,284)@[7,8]
g1005(237,724,606)@[23,47]
g1005(142,870,135)@[3,17]
g1005(612,824,605)@[2,4]
g1005(1,909,450)@[23,30]
g1005(153,590,139)@[30,33]
g1004@[13,35]
g1005(125,436,650)@[7,46]
g1005(264,676,770)@[42,44]
g1004@[12,14]
g1005(700,128,791)@[13,46]
g1004@[4,36]
g1005(871,810,473)@[11,39]
g1004@[11,13]
g1005(195,209,746)@[8,10]
g1005(242,396,653)@[29,38]
g1005(164,317,726)@[6,47]
g1004@[1,14]
g1005(284,698,773)@[10,13]
g1005(374,305,578)@[8,12]
g1005(93,467,439)@[29,39]
g1005(591,70,768)@[1,43]
g1004@[17,49]
g1005(344,132,78)@[30,43]
g1004@[28,47]
g1004@[10,18]
g1005(603,811,870)@[33,49]
g1004@[30,43]
g1005(315,123,481)@[18,31]
g1005(732,199,284)@[31,35]
g1004@[21,23]
g1005(105,250,274)@[18,37]
g1004@[2,33]
g1005(40,286,789)@[23,24]
g1005(510,841,581)@[35,40]
g1004@[11,34]
g1005(169,545,229)@[16,17]
g1005(317,575,459)@[28,42]
g1005(738,487,155)@[10,36]
g1005(479,685,196)@[17,46]
g1006(811,840,742,806)@[1,16]
g1004@[12,27]
g1004@[16,24]
g1005(353,195,339)@[4,25]
g1005(405,756,430)@[11,18]
g1005(206,796,486)@[21,39]
g1005(888,160,733)@[36,43]
g1005(335,803,576)@[9,25]
g1005(265,377,204)@[18,45]
g1006(281,899,447,833)@[26,34]
g1005(242,240,481)@[15,37]
g1004@[28,31]
g1005(888,322,745)@[15,43]
g1005(287,543,127)@[7,35]
g1004@[33,39]
g1005(529,320,562)@[10,37]
g1005(142,613,135)@[3,22]
g1005(580,213,1)@[40,45]
g1004@[26,41]
g1005(141,81,97)@[7,42]
g1004@[27,31]
g1005(106,692,443)@[5,47]
g1004@[8,49]
g1005(1,490,194)@[6,25]
g1005(70,760,218)@[5,28]
g1004@[20,44]
g1004@[0,20]
g1005(104,854,438)@[12,15]
g1005(612,618,93)@[11,16]
g1005(97,39,602)@[1,39]
g1005(713,550,264)@[46,48]
g1004@[20,48]
g1006(106,89,235,33)@[13,42]
g1005(486,40,130)@[29,30]
g1005(34,529,96)@[2,18]
g1006(469,512,605,551)@[19,21]
g1004@[10,40]
g1005(299,685,565)@[45,47]
g1005(846,856,179)@[6,28]
g1004@[28,47]
g1006(567,909,630,256)@[18,41]
g1004@[24,36]
g1005(828,558,71)@[11,46]
g1004@[18,27]
g1004@[20,49]
g1004@[22,33]
g1005(893,846,348)@[34,48]
g1005(562,896,627)@[5,14]
g1004@[0,28]
g1005(554,327,888)@[23,39]
g1005(657,22,117)@[36,46]
g1005(740,756,89)@[0,17]
g1004@[29,34]
g1004@[20,42]
g1005(608,831,425)@[12,15]
g1004@[20,28]
g1006(175,289,131,373)@[1,7]
g1005(640,213,203)@[16,35]
g1005(210,728,572)@[12,21]
g1005(399,695,309)@[19,41]
g1004@[38,40]
g1005(786,147,690)@[13,47]
g1005(616,103,51)@[3,27]
g1005(183,258,85)@[20,44]
g1005(730,202,594)@[20,42]
g1005(290,696,580)@[31,33]
g1004@[43,45]
g1005(529,603,189)@[3,24]
g1006(317,837,443,87)@[24,29]
g1005(154,415,50)@[17,19]
g1004@[47,49]
g1005(696,408,568)@[26,38]
g1006(91,747,132,628)@[14,21]
g1005(553,186,214)@[9,33]
g1005(546,184,889)@[23,46]
g1005(36,380,664)@[2,28]
g1005(836,453,170)@[7,36]
g1005(743,749,355)@[8,38]
g1004@[1,6]
g1006(815,248,435,634)@[46,48]
g1005(165,205,767)@[22,46]
g1005(769,439,663)@[31,47]
g1005(307,47,613)@[0,40]
g1004@[29,48]
g1005(129,338,505)@[30,45]
g1005(911,269,461)@[9,31]
g1006(146,561,863,86)@[25,34]
g1006(295,470,482,413)@[5,19]
g1006(870,726,772,199)@[37,38]
g1004@[31,40]
g1005(422,708,231)@[35,41]
g1005(476,286,489)@[10,23]
g1005(151,518,780)@[16,45]
g1004@[1,6]
g1005(168,207,792)@[10,34]
g1005(497,714,214)@[7,37]
g1005(765,142,625)@[6,23]
g1005(266,868,113)@[15,20]
g1005(416,783,743)@[9,41]
g1005(467,128,666)@[33,36]
g1004@[2,12]
g1005(654,823,893)@[13,14]
g1004@[31,32]
g1006(441,510,273,802)@[16,33]
g1004@[23,26]
g1005(95,660,237)@[19,42]
g1006(513,102,720,698)@[9,25]
g1004@[27,36]
g1006(625,91,83,280)@[37,42]
g1005(479,893,673)@[3,49]
g1004@[11,36]
g1005(216,695,142)@[26,40]
g1005(88,887,160)@[2,11]
g1005(200,671,263)@[4,43]
g1005(720,571,304)@[8,14]
g1005(231,688,335)@[26,40]
g1005(100,600,806)@[12,34]
g1006(396,838,729,146)@[10,23]
g1005(707,341,230)@[0,4]
g1004@[12,42]
g1005(837,438,450)@[10,16]
g1006(401,710,839,222)@[20,32]
g1005(596,405,764)@[12,13]
g1005(173,5,739)@[17,30]
g1005(780,765,584)@[28,35]
g1005(912,177,369)@[0,1]
g1004@[31,33]
g1004@[11,37]
g1005(765,181,406)@[9,47]
g1005(114,59,469)@[10,42]
g1005(543,478,20)@[8,13]
g1006(48,317,360,292)@[42,46]
g1004@[38,44]
g1005(881,769,90)@[14,38]
g1004@[21,46]
g1005(133,613,115)@[13,25]
g1006(42,519,32,900)@[8,37]
g1005(112,882,126)@[12,30]
g1004@[10,23]
g1005(27,916,16)@[5,16]
g1005(40,36,727)@[21,34]
g1004@[4,5]
g1004@[28,45]
g1005(19,741,361)@[0,45]
g1005(108,891,463)@[2,9]
g1004@[31,36]
g1004@[0,39]
g1005(471,658,650)@[7,24]
g1006(545,623,553,430)@[17,40]
g1004@[38,41]
g1005(452,770,202)@[1,9]
g1005(467,333,511)@[16,29]
g1004@[28,46]
g1005(693,189,707)@[13,22]
g1005(822,60,858)@[14,19]
g1005(81,107,822)@[6,39]
g1005(730,401,4)@[3,34]
g1005(760,270,743)@[32,44]
g1005(411,442,856)@[8,25]
g1005(347,553,279)@[4,39]
g1004@[18,25]
g1005(166,91,565)@[3,33]
g1005(736,319,147)@[15,26]
g1004@[26,28]
g1004@[22,45]
g1004@[42,45]
g1005(146,332,310)@[24,49]
g1004@[13,25]
g1005(485,379,776)@[14,47]
g1005(320,289,488)@[3,35]
g1005(227,611,754)@[9,27]
g1005(721,285,541)@[8,30]
g1004@[40,46]
g1005(792,362,233)@[0,17]
g1005(759,623,241)@[15,49]
g1005(860,430,674)@[1,46]
g1004@[2,34]
g1006(424,802,509,26)@[21,48]
g1004@[28,44]
g1005(140,47,800)@[1,38]
g1004@[18,23]
g1005(242,506,895)@[24,48]
g1004@[3,33]
g1005(676,281,261)@[3,10]
g1004@[42,47]
g1005(533,633,409)@[14,36]
g1005(206,911,745)@[2,42]
g1005(156,919,503)@[2,14]
g1006(792,125,521,386)@[0,12]
g1005(50,580,1)@[8,24]
g1006(569,228,335,893)@[2,49]
g1006(370,854,834,653)@[10,47]
g1006(483,154,521,712)@[5,24]
g1005(537,815,117)@[7,46]
g1005(878,83,646)@[7,14]
