g1672(383,74,265,249,742)@[2,31]
g1673(32)@[7,34]
g1672(632,3,341,847,236)@[1,49]
g1673(27)@[9,32]
g1672(127,163,454,113,382)@[31,47]
g1673(530)@[0,12]
g1673(111)@[14,49]
g1672(375,299,418,510,0)@[15,24]
g1673(196)@[5,11]
g1673(699)@[43,46]
g1672(141,76,742,105,157)@[30,49]
g1673(698)@[10,11]
g1674(865)@[21,47]
g1672(908,147,356,638,337)@[25,31]
g1672(237,805,667,669,825)@[12,43]
g1672(740,628,689,15,125)@[24,46]
g1672(893,339,780,353,881)@[5,36]
g1672(615,466,128,179,739)@[25,48]
g1672(355,635,580,834,458)@[22,34]
g1673(685)@[22,38]
g1673(873)@[31,34]
g1672(58,87,796,598,538)@[23,40]
g1672(698,120,695,662,309)@[6,16]
g1673(400)@[15,24]
g1674(913)@[0,38]
g1672(567,48,349,40,157)@[5,38]
g1673(907)@[30,49]
g1672(252,880,275,720,353)@[10,32]
g1672(362,606,514,597,832)@[43,46]
g1672(258,599,408,865,468)@[30,43]
g1672(744,105,252,576,340)@[0,43]
g1672(749,199,872,850,901)@[26,41]
g1672(434,712,651,666,225)@[6,27]
g1672(145,369,29,251,233)@[27,35]
g1674(237)@[36,40]
g1672(564,662,163,257,439)@[24,25]
g1672(117,189,10,87,884)@[8,20]
g1674(13)@[6,41]
g1673(729)@[1,24]
g1674(176)@[3,20]
g1672(56,182,298,63,353)@[2,21]
g1672(364,208,563,218,541)@[21,22]
g1673(32)@[28,29]
g1674(641)@[14,31]
g1672(677,346,124,510,907)@[18,41]
g1672(677,397,911,210,803)@[3,22]
g1672(239,260,842,4,20)@[2,8]
g1672(151,272,263,174,546)@[2,27]
g1673(235)@[36,41]
g1672(489,768,578,605,224)@[11,42]
g1674(131)@[13,49]
g1672(155,126,274,754,842)@[2,25]
g1673(302)@[29,37]
g1674(826)@[6,43]
g1672(160,312,619,328,688)@[2,20]
g1673(259)@[10,48]
g1672(250,616,505,96,655)@[14,25]
g1673(61)@[37,43]
g1672(734,719,366,765,493)@[18,46]
g1672(112,298,824,155,742)@[9,31]
g1672(260,669,721,261,789)@[25,48]
g1672(92,238,0,487,377)@[4,45]
g1672(432,279,451,261,510)@[19,28]
g1672(873,534,486,668,90)@[27,31]
g1672(402,822,649,592,227)@[33,48]
g1672(818,591,55,659,800)@[34,46]
g1672(200,335,567,19,197)@[32,36]
g1673(453)@[2,10]
g1672(118,659,873,480,917)@[2,24]
g1672(622,719,444,57,513)@[4,13]
g1674(368)@[27,41]
g1672(810,599,340,439,231)@[5,29]
g1672(651,132,587,232,596)@[11,36]
g1672(289,489,158,606,51)@[28,41]
g1672(51,87,535,897,711)@[0,25]
g1673(215)@[46,49]
g1672(659,864,255,877,352)@[23,27]
g1672(401,619,450,420,665)@[1,26]
g1672(522,883,619,85,284)@[8,38]
g1672(197,740,693,66,504)@[2,49]
g1673(17)@[3,49]
g1672(470,576,677,547,414)@[26,35]
g1674(834)@[15,39]
g1674(802)@[7,23]
g1672(458,824,499,699,302)@[12,16]
g1673(522)@[18,24]
g1672(275,259,349,240,264)@[16,20]
g1672(502,753,381,103,393)@[0,49]
g1672(753,41,10,615,514)@[38,45]
g1672(196,25,606,344,477)@[10,37]
g1672(314,41,62,216,268)@[4,25]
g1672(802,512,100,19,268)@[20,25]
g1674(511)@[16,42]
g1672(409,159,156,226,233)@[0,19]
g1672(395,532,171,80,754)@[38,49]
g1672(751,517,482,771,790)@[11,48]
g1672(665,717,762,868,903)@[0,22]
g1673(577)@[7,48]
g1673(264)@[6,20]
g1672(744,544,775,280,679)@[21,23]
g1674(761)@[8,16]
g1674(566)@[19,48]
g1674(8)@[15,30]
g1672(465,594,757,871,679)@[14,38]
g1672(853,688,704,606,802)@[42,45]
g1672(160,837,268,365,255)@[1,48]
g1672(298,854,308,20,731)@[1,16]
g1672(119,596,779,103,190)@[9,40]
g1672(902,537,144,821,888)@[20,21]
g1672(831,813,570,570,450)@[10,26]
g1672(674,76,180,584,462)@[25,36]
g1672(711,230,638,696,349)@[36,42]
g1672(95,537,513,667,271)@[13,15]
g1673(573)@[16,41]
g1672(837,1,579,246,369)@[2,13]
g1672(610,733,507,135,417)@[3,14]
g1672(742,32,475,11,791)@[5,24]
g1672(67,75,776,552,217)@[1,24]
g1672(681,784,855,149,205)@[11,13]
g1672(623,513,90,452,557)@[3,49]
g1672(897,764,13,917,247)@[26,42]
g1672(661,613,905,20,570)@[9,36]
g1672(368,63,651,832,904)@[10,40]
g1672(454,914,1,219,832)@[5,22]
g1672(204,883,687,364,808)@[41,45]
g1672(20,570,450,269,41)@[36,49]
g1674(460)@[20,33]
g1673(680)@[36,45]
g1672(147,914,613,530,904)@[5,43]
g1672(208,213,595,353,604)@[0,7]
g1672(228,129,910,344,603)@[7,35]
g1672(547,523,110,415,248)@[18,32]
g1672(332,89,263,683,781)@[13,22]
g1672(384,815,814,119,349)@[40,46]
g1672(224,277,506,50,430)@[15,48]
g1673(89)@[42,48]
g1672(101,866,52,247,188)@[12,38]
g1672(375,917,105,420,9)@[22,46]
g1672(160,791,666,628,593)@[30,39]
g1672(672,187,23,489,12)@[2,46]
g1673(405)@[29,40]
g1673(163)@[2,13]
g1672(534,128,310,856,771)@[10,30]
g1672(125,10,830,188,555)@[6,39]
g1672(593,245,383,233,741)@[44,48]
g1672(551,863,740,462,745)@[43,47]
g1673(92)@[0,35]
g1672(329,193,611,138,145)@[1,32]
g1672(676,687,543,774,702)@[14,31]
g1672(313,500,337,892,910)@[3,7]
g1672(770,749,292,563,553)@[17,48]
g1672(263,610,173,398,365)@[13,29]
g1673(760)@[22,36]
g1672(229,178,453,124,708)@[4,28]
g1672(919,696,330,509,114)@[18,34]
g1672(897,394,850,855,790)@[13,18]
g1672(364,399,559,502,157)@[9,41]
g1672(48,159,324,162,805)@[22,39]
g1672(355,795,683,224,585)@[45,46]
g1674(828)@[6,20]
g1672(100,137,53,13,290)@[1,3]
g1672(455,445,399,2,331)@[5,16]
g1673(812)@[22,35]
g1672(150,858,902,317,743)@[15,40]
g1672(326,769,30,263,689)@[13,34]
g1672(73,861,71,830,525)@[30,48]
g1672(86,834,146,88,293)@[41,42]
g1672(407,451,463,322,859)@[39,49]
g1672(284,563,902,457,687)@[30,48]
g1673(275)@[7,12]
g1672(634,904,182,281,68)@[26,31]
g1673(610)@[11,42]
g1672(462,159,456,119,182)@[9,22]
g1672(215,488,883,484,450)@[3,42]
g1672(170,194,44,117,837)@[1,16]
g1672(736,887,344,144,527)@[19,36]
g1672(751,260,321,710,383)@[11,29]
g1672(757,681,483,879,229)@[4,40]
g1672(328,717,635,163,651)@[5,21]
g1672(798,267,716,874,555)@[11,31]
g1672(776,915,171,751,643)@[11,27]
g1672(141,270,286,541,48)@[21,28]
g1672(436,486,486,674,259)@[13,17]
g1672(670,81,526,576,913)@[2,27]
g1672(282,735,164,711,517)@[3,8]
g1672(769,680,344,748,370)@[5,22]
g1672(179,161,184,871,436)@[28,34]
g1672(178,418,657,374,901)@[2,29]
g1673(388)@[3,6]
g1672(287,819,423,423,387)@[1,45]
g1673(380)@[13,36]
g1673(790)@[11,48]
g1672(164,49,320,605,472)@[41,44]
g1672(743,285,873,303,29)@[34,42]
g1672(55,695,80,805,857)@[5,35]
g1672(540,585,674,192,584)@[8,43]
g1672(477,297,93,535,886)@[35,36]
g1674(112)@[0,6]
g1672(140,159,411,31,619)@[7,19]
g1672(753,807,783,469,620)@[12,22]
g1673(475)@[32,48]
g1674(215)@[31,40]
g1674(41)@[25,38]
g1673(89)@[20,38]
g1672(919,835,191,95,813)@[28,31]
g1672(910,696,452,224,678)@[1,49]
g1673(892)@[32,43]
g1672(82,810,374,489,461)@[7,29]
g1672(631,806,835,765,98)@[26,43]
g1672(146,475,327,271,590)@[40,43]
g1672(618,168,452,728,137)@[6,27]
g1672(155,288,524,704,175)@[8,45]
g1672(78,786,899,101,643)@[30,46]
g1673(791)@[5,37]
g1672(595,89,819,663,812)@[23,38]
g1672(159,887,603,230,546)@[2,47]
g1673(205)@[37,43]
g1672(164,691,326,319,51)@[21,41]
g1673(527)@[39,42]
g1672(280,601,571,239,160)@[5,49]
g1672(118,804,896,621,304)@[24,43]
g1672(824,464,436,273,859)@[36,42]
g1672(718,754,570,100,699)@[28,29]
g1673(282)@[2,20]
g1672(414,811,185,454,33)@[29,40]
g1672(718,816,277,526,455)@[19,26]
g1673(595)@[23,40]
g1672(179,831,193,900,594)@[16,46]
g1673(842)@[19,47]
g1672(467,553,39,297,858)@[40,49]
g1672(345,600,244,14,29)@[1,27]
g1674(885)@[22,37]
g1672(557,391,273,415,506)@[14,39]
g1674(786)@[2,42]
g1672(684,278,591,141,882)@[9,11]
g1674(757)@[11,36]
g1673(530)@[11,33]
g1673(443)@[19,23]
g1672(803,260,147,85,534)@[20,37]
g1673(69)@[43,45]
g1674(446)@[16,36]
g1673(153)@[10,22]
g1672(693,916,562,613,78)@[13,45]
g1672(592,342,622,732,39)@[14,34]
g1672(528,851,425,834,245)@[1,12]
g1674(211)@[17,40]
g1672(787,438,201,289,293)@[26,30]
g1673(229)@[24,38]
g1672(666,514,544,674,178)@[17,19]
g1672(815,854,206,430,795)@[2,29]
g1672(729,26,772,109,77)@[1,6]
g1672(59,182,913,295,632)@[29,49]
g1674(434)@[26,41]
g1672(577,155,682,565,658)@[41,42]
g1674(213)@[16,42]
g1674(163)@[32,43]
g1672(148,173,581,129,860)@[30,36]
g1672(546,695,114,809,743)@[7,23]
g1672(672,649,426,432,489)@[22,23]
g1673(866)@[3,32]
g1672(127,295,759,847,537)@[21,45]
g1672(354,597,206,740,790)@[42,46]
g1673(880)@[22,28]
g1672(431,255,546,693,359)@[2,32]
g1674(845)@[13,39]
g1672(856,905,456,671,469)@[33,41]
g1672(91,100,702,507,325)@[30,32]
g1674(55)@[15,31]
g1672(251,557,616,462,745)@[17,35]
g1672(578,198,790,219,117)@[44,48]
g1672(915,527,741,257,48)@[21,26]
g1672(201,31,110,586,637)@[34,42]
g1672(45,594,533,537,659)@[31,32]
g1672(767,664,288,601,87)@[5,24]
g1672(520,20,354,854,824)@[28,35]
g1672(366,251,774,387,835)@[17,36]
g1672(705,305,561,450,386)@[16,45]
g1674(769)@[17,32]
g1673(128)@[7,29]
g1672(548,561,640,20,367)@[3,49]
g1672(353,790,318,238,271)@[29,49]
g1674(419)@[5,33]
g1672(638,515,71,113,409)@[30,41]
g1673(872)@[15,19]
g1672(81,662,663,535,307)@[34,46]
g1672(544,62,895,202,385)@[12,17]
g1672(463,844,909,722,88)@[24,31]
g1672(520,569,70,2,798)@[35,39]
g1672(399,109,818,560,901)@[9,43]
g1672(184,452,194,54,710)@[11,34]
g1672(478,450,331,705,5)@[29,34]
g1672(733,746,360,280,410)@[23,46]
g1672(13,599,811,139,589)@[9,25]
g1672(473,818,878,592,0)@[30,39]
g1674(674)@[27,37]
g1672(472,331,829,658,70)@[8,13]
g1672(756,510,890,888,325)@[14,49]
g1672(52,839,799,105,244)@[38,39]
g1672(391,234,185,153,298)@[4,21]
g1672(486,690,675,703,887)@[0,37]
g1674(67)@[0,40]
g1672(707,196,418,12,783)@[17,37]
g1672(354,66,779,624,914)@[34,41]
g1673(778)@[6,29]
g1672(361,334,140,569,394)@[10,20]
g1672(23,352,735,771,669)@[11,17]
g1672(356,625,678,180,362)@[28,36]
g1672(88,206,479,726,587)@[33,49]
g1672(915,540,394,521,737)@[31,45]
g1672(313,333,438,430,9)@[10,32]
g1674(304)@[25,47]
g1672(559,122,437,634,774)@[31,43]
g1674(666)@[28,34]
g1674(813)@[1,48]
g1672(410,167,324,532,198)@[3,38]
g1672(84,548,136,474,658)@[43,48]
g1672(462,203,862,67,659)@[22,37]
g1672(262,639,417,374,900)@[15,41]
g1672(108,495,369,482,384)@[27,30]
g1673(900)@[19,31]
g1672(309,77,504,7,672)@[6,26]
g1674(255)@[1,47]
g1673(806)@[14,33]
g1672(494,879,286,479,476)@[6,10]
g1672(138,7,421,761,234)@[6,43]
g1673(433)@[26,48]
g1672(665,237,787,862,75)@[27,40]
g1673(754)@[23,26]
g1672(24,673,242,890,211)@[15,46]
g1672(664,46,316,594,85)@[10,27]
g1674(284)@[18,49]
g1672(434,235,292,708,740)@[7,42]
g1672(689,76,858,814,670)@[6,41]
g1673(91)@[32,38]
g1674(319)@[41,46]
g1672(689,345,97,656,646)@[2,21]
g1672(89,673,614,242,148)@[0,24]
g1672(723,234,196,40,477)@[3,13]
g1672(160,152,803,597,508)@[33,47]
g1674(283)@[35,38]
g1672(698,707,301,702,864)@[7,47]
g1672(56,632,271,692,38)@[26,38]
g1672(791,574,22,739,324)@[38,44]
g1672(467,7,248,654,18)@[3,19]
g1672(909,215,689,302,230)@[8,32]
g1672(369,875,402,304,744)@[32,36]
g1673(203)@[34,43]
g1672(563,5,845,918,70)@[4,12]
g1672(416,329,698,755,852)@[4,33]
g1673(918)@[5,14]
g1672(50,759,403,591,740)@[1,32]
g1674(428)@[20,28]
g1672(665,212,561,444,588)@[2,19]
g1672(49,518,229,711,757)@[3,39]
g1672(822,78,547,777,691)@[27,49]
g1672(170,589,204,595,179)@[27,47]
g1672(611,591,706,781,577)@[5,37]
g1672(452,81,494,877,371)@[1,38]
g1674(501)@[2,13]
g1672(288,411,194,17,901)@[15,47]
g1672(315,877,444,98,874)@[45,46]
g1672(56,727,30,708,771)@[42,44]
g1673(2)@[18,45]
g1672(625,882,171,913,6)@[41,49]
g1672(478,31,378,594,449)@[19,36]
g1674(169)@[5,41]
g1672(312,621,111,764,279)@[11,49]
g1672(170,466,169,774,513)@[16,45]
g1674(847)@[6,25]
g1672(824,10,47,829,280)@[1,22]
g1672(199,454,371,910,722)@[17,21]
g1672(567,268,867,517,801)@[1,44]
g1672(278,445,344,632,268)@[27,35]
g1673(340)@[9,48]
g1672(528,561,391,287,834)@[23,47]
g1673(346)@[21,41]
g1673(459)@[20,35]
g1672(46,115,700,582,512)@[7,34]
g1672(862,221,63,448,39)@[20,24]
g1672(113,476,596,568,205)@[24,36]
g1672(773,505,248,366,339)@[9,49]
g1672(653,335,123,367,377)@[8,21]
g1672(27,728,556,352,276)@[3,32]
g1672(130,707,565,250,386)@[8,18]
g1672(375,400,876,802,687)@[6,33]
g1672(268,71,592,484,431)@[40,48]
g1672(271,858,401,776,797)@[8,14]
g1672(292,578,437,592,866)@[18,28]
g1672(752,202,541,81,89)@[18,36]
g1672(371,406,424,701,100)@[18,43]
g1672(429,4,648,335,99)@[19,38]
g1673(389)@[14,45]
g1672(306,458,269,599,35)@[32,33]
g1672(676,167,373,645,368)@[3,38]
g1672(782,505,654,437,135)@[1,30]
g1672(666,598,786,196,481)@[0,40]
g1672(32,57,787,654,714)@[8,34]
g1673(33)@[5,46]
g1673(657)@[24,42]
g1672(189,807,860,283,339)@[11,39]
g1672(734,178,914,676,425)@[6,26]
g1672(345,29,575,132,23)@[3,28]
g1672(885,604,122,803,567)@[5,33]
g1672(105,299,808,524,226)@[24,34]
g1672(394,579,6,766,545)@[2,48]
g1674(622)@[39,45]
g1673(600)@[6,42]
g1672(20,207,687,307,869)@[9,37]
g1672(700,17,219,229,145)@[25,46]
g1674(637)@[18,42]
g1672(817,719,484,83,297)@[17,30]
g1673(670)@[39,47]
g1673(118)@[35,41]
g1673(503)@[18,41]
g1672(524,299,610,68,561)@[9,40]
g1672(743,679,905,100,414)@[7,36]
g1672(100,115,335,799,563)@[15,28]
g1672(437,817,670,603,449)@[10,26]
g1672(215,830,781,399,34)@[18,46]
g1672(225,376,81,114,470)@[13,32]
g1672(287,483,534,478,463)@[4,21]
g1674(265)@[1,32]
g1673(827)@[24,40]
g1672(158,408,439,305,632)@[24,32]
g1672(289,161,110,69,330)@[8,19]
g1672(889,155,91,513,43)@[23,47]
g1672(194,411,368,719,23)@[37,42]
g1672(896,655,476,3,311)@[11,21]
g1672(357,364,209,894,838)@[13,31]
g1672(553,836,175,898,540)@[23,25]
g1672(502,392,559,462,440)@[3,11]
g1672(13,178,441,2,283)@[12,47]
g1672(782,623,35,314,24)@[15,17]
g1672(668,450,718,734,861)@[31,32]
g1672(747,694,461,706,916)@[7,42]
g1672(547,688,350,699,698)@[19,24]
g1672(392,300,247,193,895)@[0,21]
g1672(659,297,145,266,539)@[14,44]
g1672(502,709,583,585,390)@[24,29]
g1672(7,857,820,191,436)@[30,31]
g1673(109)@[11,44]
g1672(898,459,288,290,112)@[16,34]
g1672(588,768,668,127,758)@[4,12]
g1672(797,889,678,190,17)@[18,34]
g1672(799,827,259,620,289)@[26,33]
g1672(752,192,788,872,441)@[8,43]
g1672(650,229,40,643,393)@[29,38]
g1672(455,745,606,61,822)@[20,30]
g1674(870)@[36,47]
g1672(286,223,769,475,646)@[23,40]
g1672(585,716,684,279,888)@[5,44]
g1672(421,620,550,465,656)@[18,27]
g1672(582,785,671,613,473)@[24,34]
g1672(177,72,754,430,394)@[12,49]
g1673(400)@[6,28]
g1673(681)@[28,44]
g1674(474)@[10,12]
g1672(619,836,854,106,839)@[3,46]
g1674(155)@[5,35]
g1672(380,301,556,519,73)@[6,13]
g1673(359)@[7,48]
g1672(519,881,112,281,262)@[32,41]
g1672(908,537,838,580,791)@[19,23]
g1672(814,670,852,603,846)@[25,44]
g1672(790,875,701,316,118)@[11,34]
g1673(812)@[21,49]
g1672(63,467,716,641,194)@[12,48]
g1672(646,52,609,573,404)@[1,8]
g1672(572,295,302,651,553)@[28,31]
g1672(94,244,569,91,289)@[13,17]
g1674(669)@[11,23]
g1673(723)@[3,27]
g1673(492)@[15,21]
g1672(331,210,186,113,721)@[1,25]
g1674(758)@[2,6]
g1672(388,893,345,519,501)@[5,36]
g1672(206,637,234,441,242)@[12,22]
g1672(392,395,276,202,94)@[8,39]
g1672(860,663,840,231,429)@[35,47]
g1673(565)@[24,25]
g1672(234,610,159,713,620)@[4,27]
g1672(344,157,605,362,148)@[11,34]
g1672(236,793,673,131,473)@[5,15]
g1673(908)@[18,46]
g1672(749,708,670,333,352)@[2,13]
g1672(649,96,434,674,369)@[11,15]
g1672(481,544,20,705,872)@[2,4]
g1672(600,853,247,668,40)@[15,31]
g1672(574,591,245,215,902)@[12,25]
g1673(495)@[0,38]
g1672(781,849,492,164,833)@[24,25]
g1672(705,215,316,355,837)@[23,36]
g1672(900,333,739,676,58)@[17,27]
g1672(506,140,184,199,802)@[7,25]
g1673(95)@[20,35]
g1672(428,723,190,465,13)@[13,14]
g1672(368,383,495,837,753)@[0,5]
g1672(395,604,76,772,22)@[33,43]
g1672(396,877,461,512,131)@[45,49]
g1672(514,437,633,710,641)@[24,26]
g1672(242,663,296,210,869)@[2,46]
g1674(640)@[31,32]
g1672(488,272,578,818,544)@[25,27]
g1674(878)@[3,5]
g1672(13,910,611,570,419)@[8,44]
g1672(748,248,491,65,811)@[11,47]
g1674(810)@[21,39]
g1672(851,708,381,746,841)@[22,43]
g1672(173,181,249,640,153)@[8,14]
g1672(434,600,577,695,502)@[19,45]
g1674(502)@[17,27]
g1673(573)@[22,46]
g1674(730)@[22,37]
g1672(873,853,360,435,506)@[7,23]
g1672(552,621,114,436,449)@[15,40]
g1672(525,517,536,565,139)@[14,24]
g1672(744,274,539,293,133)@[8,46]
g1672(626,623,343,556,796)@[13,28]
g1672(457,274,865,65,103)@[8,38]
g1673(179)@[24,34]
g1672(535,817,303,897,908)@[8,41]
g1673(766)@[13,25]
g1672(417,752,558,670,410)@[18,31]
g1672(848,789,124,651,449)@[15,32]
g1672(365,621,73,566,58)@[16,44]
g1672(37,325,253,291,594)@[5,19]
g1672(303,751,13,698,685)@[8,41]
g1672(148,582,718,521,6)@[8,32]
g1672(91,79,436,462,618)@[13,37]
g1672(68,476,114,151,438)@[2,18]
g1673(530)@[13,49]
g1673(505)@[28,36]
g1672(60,660,781,320,754)@[17,31]
g1672(824,671,695,61,85)@[12,25]
g1673(221)@[32,36]
g1672(706,348,266,237,270)@[23,28]
g1672(551,200,829,38,329)@[21,32]
g1672(824,100,784,690,776)@[9,24]
g1672(509,788,43,716,106)@[17,30]
g1672(597,221,631,704,360)@[4,40]
g1673(629)@[5,10]
g1674(855)@[17,18]
g1672(376,708,149,636,271)@[4,49]
g1673(94)@[13,31]
g1672(114,376,2,830,614)@[15,36]
g1674(625)@[7,12]
g1672(277,595,606,359,734)@[2,26]
g1672(737,331,489,153,735)@[17,46]
g1672(714,112,878,109,816)@[6,21]
g1672(847,891,12,702,96)@[3,18]
g1673(662)@[15,48]
g1672(601,713,809,518,321)@[45,47]
g1672(139,529,26,354,712)@[6,38]
g1672(407,826,542,749,804)@[1,33]
g1672(148,771,299,856,406)@[1,49]
g1672(129,843,440,419,488)@[29,39]
g1672(310,497,160,264,373)@[30,31]
g1672(657,483,824,690,262)@[6,31]
g1672(671,445,520,161,92)@[34,40]
g1672(821,550,338,203,343)@[25,48]
g1672(77,529,817,150,146)@[8,28]
g1672(468,123,326,79,629)@[4,13]
g1672(411,332,236,909,190)@[12,25]
g1673(74)@[19,40]
g1673(228)@[35,44]
g1673(600)@[31,38]
g1672(315,48,886,768,516)@[28,47]
g1672(454,184,62,598,426)@[1,37]
g1672(556,308,672,195,174)@[28,42]
g1672(224,907,75,726,881)@[29,40]
g1674(585)@[12,47]
g1672(223,348,488,810,592)@[29,41]
g1673(739)@[0,45]
g1673(649)@[25,46]
g1672(454,177,663,833,699)@[22,36]
g1672(546,171,817,747,287)@[5,25]
g1672(638,383,878,160,556)@[38,45]
g1674(510)@[4,26]
g1672(498,570,630,728,802)@[31,43]
g1672(752,36,882,779,550)@[25,37]
g1672(398,653,801,855,237)@[6,21]
g1672(377,588,71,122,677)@[20,26]
g1672(371,485,150,75,658)@[19,43]
g1673(692)@[3,13]
g1672(754,228,53,339,400)@[14,26]
g1673(668)@[32,39]
g1672(407,247,707,130,177)@[28,46]
g1672(864,802,314,551,297)@[39,48]
g1672(169,483,834,581,792)@[10,12]
g1674(402)@[24,46]
g1672(244,715,706,577,140)@[27,40]
g1672(293,415,22,117,53)@[22,29]
g1672(495,518,197,254,97)@[24,46]
g1672(401,118,472,458,222)@[27,40]
g1672(633,148,570,858,821)@[29,44]
g1672(484,582,387,7,111)@[11,35]
g1672(660,773,232,879,503)@[25,31]
g1672(250,347,613,223,859)@[21,26]
g1673(137)@[11,18]
g1673(131)@[12,26]
g1673(309)@[41,47]
g1672(4,454,781,186,788)@[26,47]
g1672(517,795,444,905,236)@[4,28]
g1672(584,841,256,286,830)@[2,42]
g1674(909)@[25,48]
g1672(766,835,16,349,918)@[5,38]
g1673(674)@[37,48]
g1672(307,322,632,450,194)@[16,33]
g1674(438)@[19,26]
g1673(897)@[9,38]
g1674(621)@[7,43]
g1672(516,241,237,420,816)@[13,46]
g1674(330)@[10,43]
g1672(575,348,710,801,620)@[30,38]
g1672(569,764,506,907,316)@[27,30]
g1672(639,790,647,855,421)@[7,43]
g1673(449)@[17,45]
g1672(642,625,594,841,229)@[4,36]
g1672(42,605,402,488,233)@[38,41]
g1672(435,8,824,528,69)@[3,29]
g1672(849,481,333,780,85)@[4,46]
g1673(668)@[16,40]
g1672(875,239,725,0,688)@[8,40]
g1673(381)@[0,38]
g1672(784,36,821,570,237)@[7,40]
g1672(363,369,600,308,730)@[2,5]
g1673(230)@[10,42]
g1674(311)@[23,29]
g1672(715,516,901,469,541)@[12,47]
g1672(263,572,360,891,677)@[15,22]
g1672(832,593,637,462,871)@[35,44]
g1672(249,831,57,436,323)@[5,47]
g1672(678,8,761,345,9)@[25,34]
g1674(384)@[36,43]
g1672(873,406,527,93,893)@[1,21]
g1672(459,851,884,160,249)@[35,36]
g1672(422,678,208,250,870)@[32,46]
g1672(748,159,73,338,49)@[14,22]
g1672(525,325,669,365,371)@[27,47]
g1672(474,195,483,805,143)@[6,7]
g1672(881,11,252,451,461)@[0,34]
g1672(183,709,206,60,85)@[11,35]
g1672(772,14,342,569,593)@[0,49]
g1672(9,168,595,666,763)@[29,48]
g1672(641,627,628,425,257)@[5,14]
g1672(266,847,586,709,706)@[26,44]
g1672(533,146,485,563,878)@[28,39]
g1672(578,21,552,179,241)@[8,37]
g1672(712,28,297,263,386)@[16,44]
g1672(319,220,38,844,552)@[27,40]
g1672(209,897,266,66,918)@[2,7]
g1672(61,11,170,634,849)@[39,48]
g1672(819,290,328,317,592)@[8,21]
g1672(433,125,123,833,55)@[0,19]
g1674(553)@[9,32]
g1674(377)@[3,49]
g1673(886)@[3,5]
g1673(647)@[4,18]
g1673(472)@[3,38]
g1673(575)@[26,45]
g1672(662,600,238,604,807)@[0,47]
g1672(658,871,912,719,842)@[32,37]
g1673(758)@[3,14]
g1673(496)@[11,30]
g1672(286,56,313,869,42)@[2,8]
g1672(599,624,500,831,80)@[25,29]
g1673(420)@[6,28]
g1672(498,442,505,781,111)@[37,44]
g1673(145)@[1,35]
g1672(349,76,325,299,57)@[15,31]
g1672(482,189,24,289,382)@[6,21]
g1672(678,776,72,842,913)@[14,34]
g1673(624)@[12,30]
g1672(154,300,233,435,494)@[25,27]
g1673(648)@[23,45]
g1672(688,373,557,255,84)@[15,43]
g1672(838,518,235,481,332)@[15,21]
g1672(464,745,124,159,733)@[27,36]
g1673(14)@[11,12]
g1672(228,210,86,680,110)@[4,41]
g1672(274,432,319,846,620)@[28,34]
g1674(378)@[4,34]
g1672(307,181,460,332,427)@[36,43]
g1672(2,68,384,360,314)@[31,43]
g1674(338)@[39,49]
g1672(310,668,261,478,505)@[5,39]
g1672(704,742,266,557,47)@[28,29]
g1673(377)@[22,38]
g1672(825,919,561,356,669)@[17,44]
g1672(466,113,525,156,479)@[7,43]
g1672(587,8,394,542,21)@[9,47]
g1672(230,301,176,198,374)@[19,24]
g1673(799)@[29,48]
g1672(599,526,465,316,658)@[9,14]
g1674(749)@[2,6]
g1672(764,272,455,905,423)@[5,23]
g1672(890,650,163,234,487)@[2,8]
g1673(857)@[17,32]
g1672(823,724,55,465,205)@[0,21]
g1672(470,225,177,268,555)@[1,19]
g1673(918)@[24,40]
g1672(428,800,461,537,209)@[19,44]
g1673(588)@[22,49]
g1672(535,341,624,540,63)@[19,34]
g1672(667,81,622,451,311)@[19,47]
g1672(561,327,725,680,654)@[7,43]
g1672(886,380,652,576,833)@[12,23]
g1672(757,753,352,432,664)@[19,28]
g1672(460,505,670,529,400)@[29,33]
g1672(870,756,388,343,683)@[31,45]
g1673(409)@[7,48]
g1672(378,224,131,42,340)@[32,37]
g1672(195,62,30,806,748)@[31,46]
g1673(129)@[14,38]
g1672(630,459,533,421,113)@[26,32]
g1672(293,106,590,811,385)@[29,42]
g1672(321,491,518,797,71)@[1,34]
g1672(340,592,92,424,180)@[3,35]
g1672(392,307,589,494,283)@[3,25]
g1673(389)@[7,11]
g1672(26,828,420,663,769)@[44,49]
g1673(90)@[29,36]
g1672(839,346,259,546,879)@[15,22]
g1672(676,437,337,35,638)@[5,10]
g1674(175)@[13,28]
g1672(861,669,102,747,628)@[34,38]
g1674(530)@[15,41]
g1672(575,806,255,153,216)@[22,44]
g1673(869)@[23,46]
g1672(305,584,701,542,355)@[9,37]
g1672(359,38,101,350,599)@[22,25]
g1672(144,479,430,857,327)@[10,16]
g1672(53,455,715,378,348)@[14,28]
g1672(166,365,747,249,491)@[22,38]
g1672(781,533,292,179,280)@[20,26]
g1672(765,356,518,32,644)@[22,46]
g1672(131,623,687,847,584)@[26,46]
g1672(610,287,566,890,168)@[17,31]
g1672(448,529,748,56,473)@[1,10]
g1672(720,568,101,449,667)@[11,23]
g1672(91,761,90,175,619)@[37,39]
g1672(765,686,624,288,488)@[3,25]
g1672(871,400,174,504,263)@[1,6]
g1672(638,398,50,401,304)@[8,28]
g1672(431,569,326,581,183)@[6,33]
g1673(244)@[10,17]
g1672(900,735,391,913,509)@[16,30]
g1673(434)@[0,12]
g1672(847,841,616,120,507)@[31,42]
g1672(854,733,192,446,118)@[38,48]
g1672(65,853,99,231,101)@[7,24]
g1672(94,335,825,752,833)@[23,31]
g1672(593,116,88,267,665)@[26,27]
g1673(863)@[6,39]
g1672(509,882,803,233,469)@[4,15]
g1672(41,892,623,105,154)@[21,27]
g1673(611)@[16,36]
g1673(241)@[34,47]
g1672(496,21,10,166,183)@[39,40]
g1672(598,135,339,585,483)@[0,8]
g1672(127,401,626,372,579)@[7,12]
g1672(534,464,837,392,267)@[1,31]
g1673(537)@[12,16]
g1672(604,682,773,334,313)@[7,10]
g1672(602,33,301,761,694)@[22,45]
g1672(891,741,551,498,655)@[23,37]
g1672(284,785,777,191,755)@[28,30]
g1673(33)@[9,44]
g1672(425,476,310,635,308)@[7,13]
g1672(300,253,843,407,827)@[18,42]
g1672(268,119,525,914,865)@[7,33]
g1674(71)@[1,41]
g1674(60)@[6,26]
g1672(439,683,850,338,217)@[4,12]
g1673(168)@[30,37]
g1674(812)@[1,21]
g1672(233,695,422,378,910)@[1,36]
g1674(464)@[31,36]
g1672(717,682,224,197,782)@[14,49]
g1672(685,536,891,873,724)@[13,14]
g1674(272)@[4,46]
g1672(902,717,786,380,93)@[21,33]
g1672(737,252,677,260,852)@[5,24]
g1672(415,14,875,8,729)@[5,37]
g1672(387,340,826,171,532)@[46,48]
g1672(159,586,744,551,194)@[2,24]
g1672(303,293,55,232,440)@[14,19]
g1672(41,823,140,48,562)@[5,14]
g1672(595,3,546,771,327)@[28,45]
g1672(632,450,862,416,792)@[33,49]
g1672(482,230,605,444,398)@[13,20]
g1672(256,891,732,392,484)@[16,29]
g1672(826,653,74,578,222)@[19,34]
g1672(418,408,427,216,302)@[28,42]
g1672(113,560,275,289,466)@[12,16]
g1672(184,561,519,760,889)@[0,16]
g1672(24,325,862,92,716)@[24,39]
g1673(8)@[12,38]
g1672(670,95,545,504,332)@[30,35]
g1672(30,848,48,152,154)@[8,31]
g1672(802,340,738,436,124)@[40,41]
g1672(584,385,524,231,283)@[9,48]
g1672(210,605,360,265,800)@[11,12]
g1672(50,211,774,286,421)@[35,39]
g1672(34,16,721,753,682)@[33,43]
g1673(233)@[32,49]
g1673(120)@[15,21]
g1672(585,623,423,489,402)@[33,47]
g1672(788,616,168,209,124)@[8,10]
g1672(219,722,348,93,49)@[35,37]
g1674(824)@[10,49]
g1673(391)@[20,42]
g1672(235,703,614,762,496)@[8,27]
g1672(101,547,838,424,432)@[22,44]
g1672(51,176,553,422,476)@[22,27]
g1672(345,663,628,474,907)@[1,9]
g1672(518,210,489,868,528)@[3,29]
g1674(610)@[4,36]
g1672(637,397,580,862,523)@[47,49]
g1673(24)@[4,45]
g1672(713,400,461,256,426)@[8,36]
g1672(869,768,238,761,207)@[15,36]
g1672(190,528,436,31,291)@[26,42]
g1673(56)@[20,38]
g1672(207,299,717,716,568)@[23,38]
g1672(668,476,643,484,108)@[30,46]
g1672(36,719,512,315,207)@[4,7]
g1674(684)@[4,25]
g1672(126,135,791,370,412)@[8,38]
g1672(496,605,627,185,888)@[45,47]
g1672(472,31,626,396,25)@[21,40]
g1672(684,540,886,345,780)@[5,30]
g1672(115,144,701,749,321)@[1,39]
g1672(510,864,478,639,286)@[14,21]
g1672(452,833,308,861,879)@[5,15]
g1672(402,240,533,600,490)@[28,41]
g1672(578,755,412,883,856)@[1,47]
g1673(630)@[0,30]
g1673(176)@[11,45]
g1672(755,688,747,199,412)@[38,42]
g1672(827,773,279,753,784)@[31,49]
g1672(666,265,253,848,131)@[38,44]
g1672(236,699,440,699,644)@[12,17]
g1672(805,802,173,495,561)@[0,22]
g1672(558,575,48,397,336)@[31,44]
g1672(733,24,693,856,586)@[8,16]
g1672(125,551,512,282,745)@[23,29]
g1672(261,195,198,562,330)@[9,35]
g1673(803)@[5,23]
g1672(572,538,271,758,100)@[10,29]
g1672(695,329,233,554,501)@[7,23]
g1672(726,575,902,548,114)@[12,47]
g1672(132,497,99,395,222)@[9,48]
g1672(74,413,574,135,528)@[33,36]
g1672(157,344,842,440,569)@[5,9]
g1672(374,448,386,145,538)@[43,45]
g1672(262,694,53,229,648)@[3,42]
g1672(377,828,349,47,195)@[11,25]
g1673(703)@[13,21]
g1672(566,375,428,497,561)@[22,47]
g1672(839,37,258,139,518)@[43,45]
g1672(151,376,647,627,880)@[24,42]
g1674(850)@[14,28]
g1672(868,376,354,139,476)@[2,22]
g1674(566)@[29,31]
g1674(490)@[12,19]
g1672(28,918,18,494,290)@[4,40]
g1673(255)@[38,48]
g1673(190)@[40,41]
g1672(174,180,466,777,73)@[12,17]
g1672(513,907,729,64,289)@[15,25]
g1673(660)@[1,14]
g1672(572,122,496,215,468)@[5,19]
g1672(892,16,546,358,793)@[15,20]
g1672(652,341,93,2,748)@[28,34]
g1672(8,734,365,227,505)@[17,28]
g1672(690,31,565,443,199)@[2,26]
g1673(143)@[18,46]
g1672(878,378,849,166,594)@[6,24]
g1672(607,354,268,776,388)@[29,31]
g1672(6,61,224,307,186)@[1,35]
g1672(689,588,19,885,242)@[17,21]
g1672(243,196,685,330,714)@[31,32]
g1674(609)@[2,16]
g1674(838)@[15,16]
g1672(323,507,352,699,469)@[1,45]
g1672(87,873,707,150,97)@[3,35]
g1672(87,445,236,287,165)@[4,30]
g1672(253,583,247,608,403)@[4,6]
g1673(75)@[1,45]
g1673(40)@[21,35]
g1672(9,813,785,703,58)@[20,25]
g1672(520,448,667,695,215)@[16,46]
g1673(163)@[8,36]
g1672(65,829,136,171,75)@[13,42]
g1672(706,792,752,227,845)@[41,45]
g1672(297,71,606,84,282)@[25,45]
g1674(857)@[1,36]
g1673(10)@[36,46]
g1672(131,153,597,713,525)@[5,45]
g1672(426,250,881,98,149)@[17,28]
g1672(3,251,579,206,262)@[20,47]
g1672(215,474,235,639,83)@[8,48]
g1672(331,214,624,392,660)@[31,43]
g1673(796)@[10,42]
g1672(791,886,236,542,333)@[12,44]
g1672(391,126,208,443,663)@[2,13]
g1672(781,797,352,281,163)@[17,31]
g1672(105,75,23,359,629)@[11,36]
g1672(16,313,418,512,60)@[31,42]
g1672(97,634,647,781,343)@[8,26]
g1672(572,191,490,106,257)@[23,33]
g1672(684,663,508,397,102)@[39,49]
g1672(802,759,57,546,522)@[22,49]
g1672(314,150,898,808,658)@[40,49]
g1672(749,730,484,36,26)@[4,28]
g1674(269)@[9,19]
g1672(837,775,307,182,581)@[15,47]
g1673(45)@[30,37]
g1672(629,110,148,297,412)@[14,25]
g1672(685,598,26,393,70)@[9,40]
g1673(821)@[39,40]
g1672(176,429,601,722,477)@[1,30]
g1672(584,905,370,65,782)@[9,49]
g1673(277)@[7,19]
g1672(546,672,161,243,437)@[20,39]
g1672(471,228,879,454,837)@[2,11]
g1672(346,666,81,295,278)@[41,49]
g1672(675,121,517,515,591)@[13,35]
g1672(858,619,338,591,682)@[17,45]
g1673(115)@[16,34]
g1672(647,639,377,278,886)@[7,29]
g1672(140,196,253,707,869)@[31,32]
g1672(565,0,690,337,739)@[0,37]
g1672(69,908,523,301,390)@[18,35]
g1672(188,787,443,845,384)@[23,34]
g1672(207,157,855,188,382)@[26,35]
g1672(41,252,612,36,162)@[22,26]
g1672(832,844,305,885,506)@[7,26]
g1672(340,518,917,746,178)@[27,48]
g1672(386,457,892,480,867)@[8,18]
g1672(907,519,67,736,791)@[9,14]
g1672(910,294,915,763,111)@[28,38]
g1672(384,184,779,470,291)@[12,33]
g1672(233,850,506,705,336)@[1,35]
g1673(827)@[20,46]
g1672(528,835,623,648,107)@[9,49]
g1672(44,509,110,285,16)@[6,41]
g1672(1,313,614,783,111)@[13,38]
g1673(479)@[13,17]
g1673(494)@[15,24]
g1672(617,135,567,99,699)@[19,42]
g1674(36)@[28,37]
g1673(656)@[35,41]
g1672(121,163,629,890,51)@[10,40]
g1672(268,624,61,491,149)@[3,37]
g1672(212,134,689,406,37)@[25,32]
g1672(254,740,251,828,44)@[13,38]
g1672(255,806,243,769,15)@[12,47]
g1672(356,76,475,875,149)@[18,44]
g1672(527,712,104,748,429)@[13,32]
g1672(854,521,361,673,758)@[3,21]
g1672(807,426,802,96,569)@[27,44]
g1672(556,111,720,710,619)@[21,24]
g1672(722,664,633,596,145)@[22,48]
g1672(463,155,739,789,115)@[25,45]
g1672(575,295,807,572,733)@[22,47]
g1672(17,187,114,187,70)@[35,48]
g1672(558,230,221,467,41)@[12,47]
g1672(699,650,154,701,832)@[5,27]
g1672(567,261,159,471,207)@[36,48]
g1672(797,738,741,524,844)@[0,46]
g1672(670,912,86,244,796)@[0,20]
g1672(416,648,576,359,292)@[6,30]
g1673(145)@[32,42]
g1672(593,621,412,452,587)@[14,23]
g1672(598,684,144,422,423)@[24,35]
g1674(695)@[5,18]
g1672(435,252,795,189,548)@[3,27]
g1673(823)@[5,22]
g1672(550,459,237,135,288)@[0,6]
g1672(607,515,773,301,792)@[31,42]
g1674(613)@[26,49]
g1674(627)@[0,3]
g1673(371)@[27,46]
g1672(86,76,383,548,477)@[43,44]
g1672(559,553,902,316,143)@[13,49]
g1674(848)@[5,16]
g1672(208,350,200,832,412)@[4,18]
g1672(578,572,191,313,273)@[27,42]
g1672(575,484,756,473,880)@[1,24]
g1672(733,180,115,608,478)@[14,28]
g1672(437,160,845,900,607)@[12,23]
g1672(429,168,506,57,340)@[5,47]
g1672(598,539,226,473,392)@[12,44]
g1672(163,705,380,96,894)@[3,22]
g1674(169)@[33,40]
g1673(614)@[46,49]
g1673(444)@[4,48]
g1672(231,49,168,585,158)@[14,31]
g1674(121)@[10,15]
g1672(746,701,363,555,749)@[24,47]
g1674(6)@[4,37]
g1673(481)@[1,6]
g1673(155)@[13,43]
g1672(257,499,536,525,316)@[1,6]
g1672(168,478,457,466,3)@[7,18]
g1672(878,306,405,646,867)@[21,23]
g1673(651)@[4,10]
g1672(184,416,59,750,245)@[31,34]
g1672(24,625,425,174,89)@[11,46]
g1674(91)@[4,26]
g1673(774)@[9,31]
g1673(121)@[15,39]
g1672(463,481,280,492,392)@[12,24]
g1672(43,466,177,577,157)@[3,24]
g1672(544,167,398,279,146)@[11,34]
g1672(551,754,613,696,427)@[3,12]
g1672(538,452,709,477,814)@[23,41]
g1672(32,536,83,552,388)@[24,27]
g1672(141,905,400,206,160)@[22,44]
g1672(667,326,894,881,453)@[3,8]
g1672(181,322,441,784,254)@[14,30]
g1672(562,364,370,569,464)@[7,38]
g1672(299,294,399,392,547)@[2,46]
g1674(16)@[5,9]
g1672(457,812,815,45,774)@[26,37]
g1672(31,683,150,681,592)@[13,37]
g1672(510,291,836,603,344)@[0,48]
g1672(129,135,659,377,654)@[12,21]
g1672(776,120,843,126,102)@[26,46]
g1672(498,401,544,288,508)@[14,22]
g1672(107,728,264,248,857)@[28,36]
g1672(725,765,227,150,226)@[5,15]
g1672(25,371,631,729,180)@[14,49]
g1672(337,6,296,13,436)@[3,21]
g1674(383)@[18,29]
g1672(42,609,104,191,669)@[0,46]
g1672(248,280,522,63,845)@[9,19]
g1672(105,145,183,600,385)@[20,40]
g1673(418)@[8,21]
g1672(203,138,202,299,311)@[5,42]
g1672(188,510,263,490,709)@[4,45]
g1673(280)@[17,26]
g1674(904)@[5,43]
g1672(401,563,587,697,821)@[12,25]
g1673(857)@[5,12]
g1672(41,733,771,883,181)@[10,34]
g1672(825,500,870,256,12)@[15,29]
g1672(206,908,627,452,774)@[7,47]
g1674(132)@[0,34]
g1674(495)@[15,16]
g1672(679,604,113,690,892)@[31,44]
g1672(743,477,484,355,253)@[11,36]
g1673(376)@[28,36]
g1673(856)@[6,49]
g1672(522,748,29,6,95)@[2,12]
g1672(344,662,900,47,513)@[4,31]
g1673(919)@[32,48]
g1672(617,186,604,755,15)@[19,22]
g1672(641,147,541,69,826)@[14,32]
g1673(240)@[3,22]
g1672(859,33,155,887,226)@[24,34]
g1672(319,573,376,438,287)@[44,46]
g1673(143)@[12,30]
g1672(777,469,338,886,466)@[29,44]
g1672(799,357,248,564,767)@[14,30]
g1672(645,188,739,83,328)@[13,26]
g1673(616)@[44,48]
g1672(673,493,375,651,371)@[1,39]
g1672(708,96,262,412,453)@[2,30]
g1672(771,407,132,490,75)@[9,49]
g1672(492,138,307,305,0)@[22,46]
g1674(256)@[6,46]
g1672(778,519,600,732,760)@[16,43]
g1672(420,654,91,99,832)@[23,44]
g1672(116,259,112,665,877)@[0,25]
g1672(112,694,48,375,697)@[24,32]
g1674(207)@[9,45]
g1674(276)@[0,34]
g1672(21,110,124,739,913)@[24,38]
g1672(181,409,395,308,564)@[6,28]
g1672(492,177,208,600,178)@[42,48]
g1672(683,264,61,915,493)@[10,49]
g1672(601,273,364,650,581)@[22,37]
g1672(775,302,109,715,22)@[16,47]
g1673(278)@[3,45]
g1674(589)@[23,39]
g1674(600)@[34,35]
g1672(123,22,152,519,266)@[15,21]
g1672(338,736,746,593,752)@[23,24]
g1672(237,693,709,396,553)@[3,24]
g1672(554,582,182,269,466)@[33,42]
g1674(655)@[19,48]
g1673(127)@[21,28]
g1672(878,741,756,388,915)@[3,43]
g1672(16,309,775,721,155)@[43,49]
g1672(682,532,614,737,795)@[5,6]
g1672(410,53,359,512,265)@[8,39]
g1672(419,852,562,838,554)@[4,48]
g1672(37,658,28,243,543)@[10,39]
g1672(311,158,883,710,825)@[12,47]
g1672(320,156,897,378,300)@[14,22]
g1673(884)@[13,49]
g1672(906,451,913,615,716)@[6,14]
g1674(417)@[6,43]
g1672(306,106,535,430,260)@[6,21]
g1672(821,488,401,466,571)@[4,26]
g1672(820,756,47,413,152)@[1,9]
g1672(220,256,360,112,463)@[2,8]
g1672(850,134,510,766,680)@[4,25]
g1672(823,863,603,897,400)@[3,16]
g1672(717,366,692,751,875)@[8,29]
g1673(812)@[4,19]
g1672(738,458,501,683,507)@[16,44]
g1672(886,460,587,172,40)@[4,23]
g1672(773,322,157,790,361)@[2,32]
g1672(324,138,37,321,685)@[10,18]
g1672(730,601,105,761,94)@[9,36]
g1672(13,731,316,867,537)@[39,47]
g1672(5,784,87,667,187)@[10,25]
g1672(10,872,771,112,462)@[45,48]
g1673(45)@[0,24]
g1672(253,487,389,297,731)@[3,7]
g1672(479,337,680,124,727)@[6,25]
g1674(450)@[13,32]
g1673(643)@[8,11]
g1672(883,6,294,901,177)@[9,43]
g1672(552,314,509,293,496)@[4,44]
g1672(238,171,364,482,824)@[1,41]
g1674(688)@[15,22]
g1672(629,255,877,482,58)@[5,23]
g1672(888,460,574,112,612)@[21,22]
g1672(434,374,433,461,850)@[0,8]
g1672(420,872,452,236,150)@[25,41]
g1672(639,606,555,31,131)@[21,49]
g1672(672,221,508,891,763)@[21,23]
g1672(155,284,423,227,421)@[11,20]
g1674(156)@[11,18]
g1672(757,585,281,590,638)@[1,45]
g1673(343)@[41,46]
g1672(568,464,813,739,0)@[0,15]
g1673(732)@[22,45]
g1672(346,195,514,700,402)@[5,31]
g1672(125,444,727,846,799)@[40,49]
g1672(492,360,141,692,722)@[30,45]
g1672(855,821,529,868,898)@[15,41]
g1673(764)@[20,48]
g1672(312,781,21,52,58)@[27,41]
g1672(522,884,269,328,255)@[25,33]
g1674(268)@[23,43]
g1673(708)@[41,45]
g1673(327)@[20,28]
g1673(679)@[13,34]
g1672(524,769,707,148,362)@[23,27]
g1672(861,783,271,93,54)@[2,15]
g1672(357,504,5,217,424)@[3,26]
g1673(388)@[28,43]
g1672(26,150,292,396,713)@[10,44]
g1674(222)@[17,48]
g1672(531,177,678,531,22)@[21,36]
g1673(550)@[4,44]
g1673(649)@[15,32]
g1674(570)@[35,36]
g1672(615,241,481,63,270)@[8,46]
g1672(590,387,267,607,776)@[17,44]
g1672(149,279,527,164,0)@[17,41]
g1672(732,786,226,56,358)@[36,49]
g1672(225,756,63,907,677)@[38,43]
g1672(138,28,618,794,307)@[40,49]
g1672(526,468,127,720,78)@[7,31]
g1672(214,67,58,878,790)@[6,12]
g1672(114,69,236,826,106)@[6,43]
g1672(628,312,541,73,234)@[21,37]
g1672(753,436,736,285,14)@[5,6]
g1672(859,221,100,533,225)@[27,39]
g1674(794)@[23,38]
g1672(26,599,726,523,19)@[35,48]
g1672(269,862,208,250,852)@[24,28]
g1672(63,115,38,49,0)@[43,46]
g1672(69,89,876,68,156)@[9,48]
g1672(17,539,818,705,829)@[39,42]
g1672(676,684,674,757,386)@[3,33]
g1672(771,806,799,240,718)@[35,39]
g1672(412,648,445,447,628)@[6,40]
g1674(267)@[10,41]
g1672(633,438,198,602,661)@[30,48]
g1673(341)@[14,44]
g1672(386,183,13,649,646)@[7,15]
g1673(867)@[24,38]
g1672(848,733,901,66,236)@[21,28]
g1674(478)@[3,32]
g1672(376,820,15,452,247)@[33,46]
g1673(601)@[44,49]
g1672(202,532,240,34,602)@[8,42]
g1672(199,59,827,487,456)@[26,34]
g1672(489,454,903,60,193)@[1,2]
g1673(780)@[3,16]
g1672(77,347,801,358,834)@[21,26]
g1672(860,739,783,862,581)@[28,37]
g1673(319)@[13,29]
g1674(276)@[10,33]
g1672(772,856,296,803,61)@[40,49]
g1672(667,83,670,830,573)@[5,26]
g1672(12,277,874,95,218)@[7,28]
g1673(276)@[8,44]
g1672(529,199,86,312,789)@[29,33]
g1673(424)@[34,48]
g1673(433)@[3,43]
g1674(753)@[11,46]
g1673(357)@[6,10]
g1672(620,602,48,445,393)@[2,42]
g1672(779,673,503,858,20)@[0,6]
g1672(887,148,872,133,598)@[1,47]
g1672(408,488,191,78,123)@[5,21]
g1672(301,625,112,85,194)@[36,43]
g1672(843,600,409,64,204)@[17,20]
g1672(430,162,502,504,326)@[13,31]
g1674(738)@[30,40]
g1672(576,13,648,411,486)@[0,4]
g1673(167)@[20,22]
g1672(812,752,263,585,714)@[10,49]
g1673(114)@[14,26]
g1672(425,660,443,828,432)@[7,27]
g1672(429,160,289,846,739)@[24,40]
g1672(535,345,670,127,368)@[24,30]
g1672(34,89,472,568,269)@[11,18]
g1672(912,697,696,792,424)@[3,49]
g1673(781)@[0,35]
g1672(39,893,271,544,347)@[19,26]
g1672(542,436,601,613,797)@[3,10]
g1672(479,549,831,740,505)@[17,33]
g1672(183,793,207,426,556)@[12,35]
g1672(120,917,190,351,80)@[21,29]
g1672(468,363,444,563,338)@[23,44]
g1672(355,300,893,896,460)@[26,44]
g1672(564,663,662,111,516)@[18,20]
g1672(698,660,602,564,419)@[4,17]
g1672(834,513,102,806,354)@[29,49]
g1672(619,273,644,353,13)@[14,49]
g1672(327,668,870,494,677)@[10,13]
g1672(447,727,54,6,496)@[10,43]
g1672(243,246,636,561,185)@[33,49]
g1672(637,879,433,399,767)@[20,25]
g1672(482,462,519,238,139)@[24,43]
g1674(624)@[18,34]
g1672(394,807,316,585,364)@[1,2]
g1672(481,331,869,124,277)@[8,48]
g1672(774,411,546,835,352)@[31,38]
g1672(424,321,798,563,56)@[20,45]
g1672(626,296,902,903,49)@[2,40]
g1672(563,378,476,815,355)@[42,47]
g1672(226,499,476,851,654)@[40,42]
g1672(519,406,913,85,141)@[32,45]
g1672(341,790,655,10,47)@[11,47]
g1672(12,125,747,873,379)@[29,49]
g1672(853,348,637,892,470)@[1,26]
g1674(343)@[2,40]
g1672(17,174,419,106,308)@[22,26]
g1673(15)@[10,21]
g1674(605)@[2,3]
g1672(578,406,627,452,163)@[11,43]
g1672(266,352,492,485,846)@[3,23]
g1672(183,627,105,747,901)@[4,9]
g1672(216,406,202,56,873)@[15,45]
g1672(52,524,653,204,427)@[0,3]
g1673(391)@[24,40]
g1672(680,532,197,446,351)@[16,29]
g1672(7,724,749,166,123)@[27,29]
g1672(671,534,508,545,657)@[28,43]
g1672(225,868,206,268,612)@[25,29]
g1672(503,627,334,265,891)@[30,44]
g1672(709,75,96,448,368)@[6,9]
g1672(266,624,760,394,65)@[17,18]
g1672(379,875,217,481,657)@[15,17]
g1672(92,320,295,686,825)@[12,26]
g1672(238,128,52,440,121)@[23,46]
g1672(698,847,742,664,85)@[16,37]
g1672(431,520,741,133,419)@[13,24]
g1672(558,517,667,160,449)@[23,24]
g1674(525)@[2,15]
g1674(523)@[26,49]
g1672(275,281,48,179,234)@[8,32]
g1672(23,820,857,410,58)@[33,41]
g1672(399,158,502,358,496)@[29,30]
g1672(125,455,657,573,820)@[7,30]
g1672(480,672,128,915,5)@[18,43]
g1672(711,327,120,825,707)@[11,29]
g1674(515)@[11,33]
g1672(453,412,854,441,801)@[11,17]
g1672(759,755,133,754,273)@[15,27]
g1673(738)@[8,33]
g1672(645,615,718,425,271)@[41,45]
g1673(197)@[3,29]
g1672(236,700,871,494,271)@[7,17]
g1672(461,889,866,113,258)@[4,8]
g1672(486,750,460,452,44)@[22,27]
g1672(832,221,273,504,248)@[1,8]
g1672(180,116,261,591,478)@[9,11]
g1674(844)@[15,39]
g1672(487,886,867,8,424)@[5,11]
g1672(523,110,54,252,187)@[11,21]
g1672(387,96,501,141,318)@[32,40]
g1674(545)@[32,40]
g1672(455,254,824,317,421)@[2,37]
g1674(22)@[26,39]
g1672(671,628,364,325,525)@[1,27]
g1672(291,62,414,580,767)@[24,28]
g1672(48,213,886,683,113)@[12,31]
g1672(892,0,557,125,169)@[18,45]
g1672(836,50,545,25,180)@[2,26]
g1672(292,29,345,153,602)@[7,39]
g1672(730,845,889,773,342)@[7,43]
g1673(852)@[20,27]
g1672(635,82,889,496,54)@[32,45]
g1673(332)@[9,46]
g1672(487,386,202,90,23)@[11,19]
g1672(426,864,889,286,623)@[33,46]
g1672(221,352,492,598,286)@[5,49]
g1672(65,232,658,798,626)@[5,12]
g1672(80,735,613,320,78)@[10,43]
g1674(491)@[6,24]
g1673(464)@[0,38]
g1672(332,739,449,111,621)@[24,38]
g1672(20,185,569,333,411)@[11,46]
g1673(524)@[6,48]
g1673(213)@[22,40]
g1672(268,129,883,291,612)@[21,39]
g1672(421,543,356,679,351)@[41,48]
g1672(569,225,497,427,548)@[20,46]
g1672(846,724,496,776,719)@[10,21]
g1672(540,161,661,732,253)@[15,34]
g1672(607,623,156,169,501)@[23,34]
g1673(826)@[20,47]
g1672(505,219,870,234,339)@[6,31]
g1674(856)@[34,39]
g1673(872)@[7,11]
g1672(683,446,171,267,815)@[14,45]
g1673(815)@[30,48]
g1672(10,517,66,871,215)@[17,26]
g1673(887)@[36,40]
g1674(888)@[33,44]
g1672(185,104,68,670,366)@[18,31]
g1672(6,148,784,212,260)@[12,42]
g1673(780)@[23,25]
g1672(408,332,442,610,565)@[20,36]
g1672(177,366,443,776,472)@[25,31]
g1674(126)@[19,31]
g1672(833,222,529,88,430)@[27,31]
g1672(803,218,858,273,112)@[8,36]
g1672(417,283,76,830,202)@[27,28]
g1672(490,131,416,80,335)@[23,37]
g1672(610,667,629,351,706)@[34,35]
g1673(799)@[0,41]
g1672(742,113,640,397,463)@[17,36]
g1672(17,467,126,665,828)@[27,49]
g1673(620)@[0,9]
g1672(879,595,470,518,717)@[2,12]
g1673(669)@[2,40]
g1673(39)@[30,43]
g1674(15)@[7,31]
g1672(167,841,53,189,832)@[36,37]
g1672(84,743,728,543,517)@[25,32]
g1672(242,189,672,363,605)@[39,47]
g1673(814)@[11,29]
g1674(818)@[14,49]
g1672(218,904,267,504,522)@[23,46]
g1672(19,42,236,439,338)@[0,46]
g1673(55)@[4,30]
g1672(76,319,261,724,200)@[24,32]
g1672(708,428,857,117,183)@[14,29]
g1673(173)@[15,30]
g1672(787,443,622,208,158)@[18,38]
g1673(741)@[11,34]
g1672(639,37,173,302,437)@[40,48]
g1672(184,577,150,641,183)@[32,43]
g1672(161,513,641,593,256)@[4,39]
g1672(20,479,192,510,105)@[8,45]
g1672(341,814,467,766,879)@[0,23]
g1673(756)@[8,17]
g1672(111,608,11,564,674)@[35,45]
g1672(289,601,144,134,111)@[1,19]
g1672(326,854,160,756,442)@[37,49]
g1672(854,364,385,627,173)@[2,45]
g1672(303,413,66,51,568)@[10,23]
g1672(218,337,408,860,335)@[0,19]
g1672(264,735,115,754,353)@[13,48]
g1672(288,275,850,362,162)@[4,47]
g1674(694)@[0,12]
g1674(8)@[1,31]
g1672(475,647,20,813,763)@[13,27]
g1672(75,92,458,809,468)@[7,30]
g1673(541)@[16,47]
g1673(915)@[23,49]
g1672(354,647,662,353,59)@[22,32]
g1673(33)@[16,35]
g1672(690,385,221,577,658)@[0,46]
g1672(181,199,623,733,328)@[7,33]
g1672(607,810,273,365,490)@[11,28]
g1674(149)@[29,32]
g1672(598,586,427,650,784)@[11,26]
g1672(212,656,801,331,827)@[2,14]
g1672(548,182,155,855,388)@[24,26]
g1672(754,515,180,472,170)@[20,26]
g1672(160,850,605,757,257)@[25,36]
g1674(44)@[3,5]
g1672(765,737,715,728,779)@[10,49]
g1672(701,837,683,573,66)@[36,48]
g1672(907,913,604,23,185)@[4,12]
g1672(155,705,145,570,31)@[32,48]
g1672(616,265,857,135,373)@[6,17]
g1672(520,541,394,390,112)@[2,43]
g1672(256,581,277,373,619)@[5,16]
g1672(505,392,761,241,639)@[4,24]
g1672(121,239,683,884,128)@[15,40]
g1672(421,712,779,123,883)@[25,38]
g1672(27,79,750,633,113)@[2,8]
g1674(312)@[8,34]
g1672(808,91,565,871,231)@[47,48]
g1672(696,305,109,857,49)@[0,16]
g1672(724,689,197,595,431)@[0,14]
g1672(268,15,93,140,402)@[15,48]
g1672(569,707,478,484,889)@[32,48]
g1672(710,187,878,433,744)@[15,16]
g1672(505,774,23,770,458)@[12,43]
g1672(688,454,550,698,154)@[19,36]
g1672(839,823,557,898,475)@[23,29]
g1673(683)@[27,44]
g1672(338,848,173,576,219)@[29,32]
g1672(152,910,900,661,728)@[12,35]
g1672(381,141,99,424,845)@[13,24]
g1672(894,235,452,186,883)@[33,40]
g1673(285)@[22,25]
g1673(795)@[15,39]
g1672(70,568,159,687,624)@[31,35]
g1674(107)@[9,34]
g1674(568)@[3,37]
g1672(522,850,285,250,175)@[24,28]
g1672(573,494,201,48,408)@[9,20]
g1673(619)@[26,34]
g1672(824,730,462,231,73)@[31,38]
g1672(266,502,213,70,687)@[34,45]
g1672(164,808,183,476,806)@[27,36]
g1672(909,756,438,251,824)@[23,46]
g1672(836,168,15,259,804)@[39,48]
g1672(415,822,557,525,20)@[10,16]
g1672(338,522,499,506,857)@[24,41]
g1672(362,918,665,261,206)@[2,35]
g1672(544,848,841,749,619)@[10,35]
g1673(903)@[12,47]
g1673(445)@[13,22]
g1672(218,55,379,295,135)@[37,40]
g1672(406,52,817,282,404)@[14,43]
g1672(893,806,267,630,212)@[5,22]
g1672(141,429,738,567,276)@[23,33]
g1674(276)@[5,7]
g1672(276,105,427,912,1)@[12,37]
g1672(915,495,179,148,560)@[4,20]
g1672(418,362,915,152,22)@[36,47]
g1673(568)@[7,11]
g1672(448,22,749,263,619)@[4,45]
g1672(347,169,19,156,634)@[25,33]
g1674(881)@[3,23]
g1672(904,758,90,8,305)@[28,48]
g1672(321,64,669,479,560)@[1,38]
g1673(715)@[17,38]
g1673(313)@[26,33]
g1673(430)@[15,38]
g1672(14,845,841,642,510)@[14,31]
g1673(343)@[21,46]
g1672(847,393,324,132,611)@[14,28]
g1672(233,134,273,865,436)@[29,34]
g1672(245,114,725,399,399)@[23,35]
g1672(735,654,762,674,219)@[4,43]
g1672(383,718,476,268,614)@[21,28]
g1672(881,836,242,86,6)@[16,45]
g1673(782)@[15,20]
g1672(391,714,458,635,846)@[20,23]
g1672(734,150,274,119,24)@[26,48]
g1672(199,635,254,711,867)@[16,24]
g1672(528,266,396,133,284)@[21,33]
g1674(437)@[3,24]
g1672(888,615,693,181,329)@[43,46]
g1672(813,882,154,851,92)@[11,17]
g1672(346,472,74,85,493)@[5,34]
g1672(781,101,398,406,191)@[2,42]
g1672(587,897,174,392,461)@[16,18]
g1672(67,849,697,791,601)@[4,12]
g1672(316,746,176,590,872)@[16,35]
g1673(245)@[27,31]
g1672(97,773,622,846,303)@[5,47]
g1672(562,909,617,375,512)@[32,44]
g1672(730,195,784,527,341)@[25,26]
g1672(632,773,449,551,699)@[26,45]
g1672(171,339,867,706,532)@[3,45]
g1672(806,678,665,209,757)@[10,24]
g1674(784)@[6,21]
g1672(712,352,555,706,624)@[20,47]
g1674(915)@[0,15]
g1672(528,517,171,120,443)@[2,49]
g1673(213)@[31,49]
g1672(907,831,339,243,511)@[19,32]
g1672(391,848,124,5,192)@[3,36]
g1673(713)@[14,27]
g1672(554,123,350,11,229)@[1,19]
g1672(184,442,767,579,85)@[24,45]
g1672(481,589,299,311,578)@[5,29]
g1672(609,86,759,693,799)@[18,48]
g1672(93,816,208,187,71)@[22,42]
g1672(178,696,405,193,918)@[9,38]
g1672(640,145,465,915,432)@[13,38]
g1673(918)@[0,5]
g1672(169,6,545,730,449)@[16,37]
g1672(446,33,318,575,870)@[7,35]
g1672(754,16,515,632,778)@[4,22]
g1672(374,692,830,713,554)@[2,18]
g1672(828,23,501,771,188)@[41,49]
g1674(755)@[14,35]
g1673(698)@[8,26]
g1672(106,754,806,524,14)@[8,25]
g1674(919)@[15,41]
g1672(574,904,812,698,238)@[9,24]
g1672(604,401,747,783,366)@[3,35]
g1672(554,68,343,106,799)@[1,46]
g1672(567,475,494,483,891)@[17,23]
g1672(483,353,587,201,96)@[17,32]
g1673(35)@[11,44]
g1672(451,62,348,387,476)@[7,40]
g1672(698,122,413,747,313)@[17,30]
g1672(535,674,252,25,833)@[10,39]
g1672(753,561,837,26,503)@[3,38]
g1672(270,507,710,307,50)@[4,27]
g1672(677,91,202,893,162)@[25,30]
g1672(24,296,12,299,826)@[11,25]
g1672(871,412,601,790,403)@[5,38]
g1672(556,823,268,539,100)@[10,34]
g1672(510,110,553,46,302)@[24,27]
g1672(883,557,469,453,797)@[17,29]
g1672(43,112,115,78,424)@[4,31]
g1674(785)@[4,20]
g1672(621,365,699,548,138)@[13,37]
g1672(616,348,23,589,204)@[10,42]
g1672(261,697,233,67,483)@[19,49]
g1672(474,427,686,492,573)@[28,38]
g1672(13,446,626,539,570)@[29,42]
g1674(286)@[7,38]
g1673(577)@[1,28]
g1672(307,527,820,622,196)@[14,18]
g1673(29)@[7,36]
g1672(880,524,914,581,758)@[3,21]
g1674(258)@[7,43]
g1672(244,624,648,291,505)@[11,33]
g1673(591)@[38,47]
g1672(188,908,450,617,284)@[10,34]
g1672(107,439,695,754,788)@[31,47]
g1672(102,740,826,23,228)@[7,34]
g1672(437,133,128,36,765)@[11,36]
g1672(311,161,2,80,671)@[16,39]
g1672(244,295,394,816,547)@[29,30]
g1673(900)@[29,48]
g1672(7,196,7,452,525)@[9,10]
g1673(879)@[4,28]
g1672(492,576,275,145,755)@[16,40]
g1672(782,202,419,563,913)@[2,3]
g1672(74,89,207,893,676)@[18,19]
g1673(436)@[5,34]
g1672(484,341,826,867,39)@[31,33]
g1672(448,484,800,746,631)@[34,45]
g1672(691,634,398,557,771)@[29,39]
g1672(80,617,479,581,83)@[13,30]
g1674(692)@[2,18]
g1672(405,480,298,669,766)@[36,42]
g1672(855,738,456,479,152)@[42,46]
g1672(115,53,465,199,885)@[13,20]
g1672(436,282,892,408,861)@[13,49]
g1673(174)@[2,48]
g1672(47,444,29,318,2)@[34,44]
g1674(772)@[9,19]
g1673(778)@[39,41]
g1672(916,590,603,459,96)@[22,41]
g1672(6,421,503,179,41)@[14,28]
g1674(574)@[15,33]
g1673(343)@[1,18]
g1673(120)@[11,31]
g1672(273,645,884,776,119)@[22,24]
g1672(414,869,657,856,47)@[20,45]
g1672(685,800,407,75,708)@[11,15]
g1672(107,719,464,626,860)@[23,33]
g1673(271)@[2,19]
g1673(918)@[4,9]
g1672(46,47,372,738,18)@[9,49]
g1672(704,102,860,437,462)@[7,12]
g1673(834)@[28,39]
g1672(601,591,90,7,28)@[22,38]
g1672(70,234,412,645,301)@[16,29]
g1672(636,728,876,811,545)@[1,23]
g1672(166,374,609,698,67)@[1,41]
g1673(348)@[3,37]
g1672(105,529,86,229,418)@[0,44]
g1674(369)@[3,23]
g1672(165,402,267,306,382)@[11,46]
g1673(503)@[13,26]
g1672(912,130,214,434,840)@[1,4]
g1672(842,14,765,342,15)@[14,20]
g1672(242,720,433,475,634)@[0,21]
g1672(178,577,542,625,589)@[33,34]
g1674(680)@[24,42]
g1672(455,464,776,252,563)@[13,18]
g1672(177,351,647,522,890)@[0,39]
g1672(41,666,463,200,892)@[30,40]
g1672(264,175,860,47,856)@[26,37]
g1672(120,216,764,549,572)@[23,49]
g1674(796)@[36,48]
g1672(785,839,378,919,118)@[21,47]
g1672(48,706,699,130,136)@[17,20]
g1673(793)@[1,20]
g1674(234)@[18,21]
g1672(421,829,742,193,867)@[23,30]
g1673(247)@[10,30]
g1674(518)@[12,45]
g1672(141,623,686,126,283)@[45,49]
g1672(636,377,467,206,562)@[3,23]
g1672(642,414,203,352,717)@[24,40]
g1672(414,132,819,479,365)@[0,9]
g1672(521,697,898,753,318)@[21,45]
g1674(657)@[6,32]
g1672(392,741,493,751,32)@[9,23]
g1672(180,432,669,198,512)@[5,23]
g1672(69,439,806,865,478)@[18,38]
g1672(611,824,529,35,24)@[16,43]
g1674(672)@[25,35]
g1673(750)@[16,29]
g1673(490)@[26,31]
g1672(491,183,22,680,727)@[7,12]
g1672(84,225,537,409,628)@[3,31]
g1672(657,519,445,110,493)@[40,41]
g1672(555,302,162,887,426)@[32,45]
g1673(660)@[4,19]
g1672(86,155,663,276,753)@[27,41]
g1673(754)@[35,36]
g1672(156,719,247,676,817)@[18,36]
g1672(253,108,281,369,193)@[17,32]
g1672(823,194,323,356,845)@[5,40]
g1672(919,818,713,511,74)@[9,36]
g1672(466,322,169,486,0)@[10,46]
g1672(428,778,676,257,84)@[6,14]
g1672(358,176,207,14,785)@[29,32]
g1674(572)@[7,43]
g1673(127)@[35,48]
g1672(678,578,785,179,85)@[30,43]
g1672(532,861,621,534,142)@[16,35]
g1672(917,590,838,697,807)@[12,16]
g1673(602)@[19,38]
g1672(666,819,902,529,445)@[32,49]
g1672(586,159,232,498,473)@[1,8]
g1672(336,73,195,236,26)@[3,14]
g1672(248,708,130,849,603)@[21,41]
g1672(606,545,8,832,342)@[13,46]
g1672(166,809,278,919,800)@[27,43]
g1672(552,249,796,456,60)@[29,40]
g1674(175)@[7,14]
g1672(352,104,449,542,837)@[3,5]
g1672(315,765,186,312,392)@[2,22]
g1672(525,244,796,138,359)@[15,45]
g1674(654)@[16,26]
g1672(505,107,651,145,466)@[12,37]
g1673(237)@[10,22]
g1672(262,539,211,667,532)@[12,41]
g1672(538,101,450,663,265)@[35,45]
g1674(354)@[14,30]
g1672(2,12,193,299,549)@[23,30]
g1673(793)@[4,14]
g1673(58)@[15,17]
g1674(670)@[3,41]
g1672(277,873,363,80,654)@[22,40]
g1672(733,219,285,463,480)@[17,45]
g1673(382)@[12,40]
g1673(616)@[14,41]
g1674(548)@[14,47]
g1672(690,788,266,842,116)@[32,42]
g1674(52)@[2,28]
g1674(123)@[3,37]
g1672(815,693,644,352,435)@[18,49]
g1672(505,359,120,51,557)@[25,42]
g1672(55,8,227,52,228)@[14,32]
g1672(764,844,751,173,735)@[5,6]
g1672(257,387,457,241,22)@[27,40]
g1672(300,411,38,4,484)@[35,38]
g1673(188)@[4,23]
g1672(900,62,542,660,522)@[3,32]
g1672(676,242,246,299,433)@[3,18]
g1674(118)@[20,39]
g1672(590,359,257,337,309)@[26,30]
g1673(914)@[32,46]
g1672(38,127,411,794,45)@[14,32]
g1672(221,787,143,790,326)@[9,15]
g1672(914,84,139,129,842)@[20,46]
g1672(714,59,619,837,333)@[4,13]
g1672(426,122,483,334,880)@[3,21]
g1673(255)@[6,29]
g1673(649)@[20,31]
g1672(905,241,142,687,349)@[42,45]
g1672(726,778,867,368,568)@[23,44]
g1672(620,767,245,52,397)@[27,33]
g1672(727,623,477,613,265)@[20,22]
g1674(127)@[30,39]
g1673(258)@[18,22]
g1672(735,389,37,577,773)@[0,37]
g1672(298,882,105,144,196)@[8,9]
g1672(415,98,518,747,906)@[21,40]
g1672(36,867,205,126,216)@[11,45]
g1672(223,115,128,270,16)@[28,46]
g1673(918)@[18,35]
g1672(198,879,356,11,624)@[28,46]
g1673(537)@[14,46]
g1672(894,653,366,38,437)@[8,28]
g1672(166,593,843,163,734)@[37,38]
g1674(660)@[16,24]
g1672(9,278,601,502,832)@[14,26]
g1672(216,413,904,611,455)@[19,26]
g1674(539)@[2,6]
g1672(864,824,50,820,480)@[20,32]
g1672(609,613,453,567,128)@[2,19]
g1672(639,461,686,299,404)@[13,49]
g1673(293)@[22,31]
g1673(53)@[9,16]
g1672(886,732,413,224,554)@[29,30]
g1672(451,161,853,206,617)@[18,22]
g1672(752,759,473,572,166)@[3,37]
g1672(608,711,432,220,650)@[7,45]
g1672(811,739,785,602,628)@[9,28]
g1672(275,552,610,232,911)@[0,23]
g1672(906,310,763,842,517)@[4,15]
g1672(363,543,826,441,664)@[10,16]
g1672(400,72,792,552,488)@[3,16]
g1672(732,293,824,905,172)@[4,46]
g1673(666)@[0,34]
g1672(529,1,914,733,91)@[4,30]
g1674(185)@[43,49]
g1672(644,918,95,721,409)@[6,9]
g1672(410,698,490,17,582)@[8,18]
g1672(27,466,765,475,353)@[15,34]
g1672(12,739,59,346,247)@[4,45]
g1673(496)@[17,28]
g1672(244,631,387,23,56)@[3,32]
g1672(592,366,673,231,459)@[3,29]
g1672(244,581,411,650,252)@[24,41]
g1672(726,296,243,529,15)@[25,32]
g1672(178,119,590,14,103)@[21,49]
g1672(272,761,123,610,307)@[2,49]
g1672(693,28,292,560,849)@[41,49]
g1672(639,238,108,115,222)@[5,20]
g1673(657)@[25,30]
g1673(335)@[12,38]
g1673(879)@[15,21]
g1673(444)@[46,48]
g1672(544,163,633,301,410)@[26,27]
g1672(496,171,414,772,147)@[16,48]
g1672(618,218,3,460,620)@[2,30]
g1672(732,102,354,755,389)@[8,30]
g1672(424,342,491,358,460)@[2,17]
g1672(505,461,148,258,482)@[13,18]
g1672(238,295,395,143,17)@[10,20]
g1672(254,308,32,524,312)@[38,43]
g1672(591,822,458,847,510)@[28,35]
g1673(16)@[0,39]
g1672(217,855,90,645,76)@[6,46]
g1672(358,732,661,649,357)@[16,41]
g1672(605,542,671,843,72)@[2,23]
g1672(9,839,477,582,418)@[9,45]
g1672(517,576,585,148,752)@[32,39]
g1672(263,46,495,473,322)@[46,47]
g1674(99)@[27,42]
g1672(848,696,267,552,663)@[21,48]
g1672(175,381,636,127,127)@[10,35]
g1673(51)@[22,32]
g1672(37,534,342,153,142)@[24,42]
g1673(171)@[26,33]
g1672(56,913,1,42,387)@[11,40]
g1672(20,576,870,318,500)@[31,46]
g1673(3)@[45,46]
g1672(290,328,715,187,128)@[29,43]
g1672(826,766,856,324,597)@[0,32]
g1672(320,30,594,521,207)@[31,49]
g1672(495,16,688,77,292)@[13,35]
g1672(129,548,843,356,390)@[8,16]
g1672(49,576,467,765,335)@[26,36]
g1672(810,866,655,263,226)@[2,19]
g1672(395,127,478,485,458)@[35,38]
g1674(536)@[33,36]
g1673(151)@[29,36]
g1673(104)@[4,9]
g1672(103,425,493,266,586)@[16,20]
g1673(483)@[9,47]
g1674(177)@[37,46]
g1674(778)@[5,32]
g1672(254,733,167,817,458)@[25,27]
g1672(239,180,736,866,167)@[11,24]
g1672(35,849,757,205,209)@[11,15]
g1674(655)@[17,33]
g1672(380,762,362,123,671)@[1,35]
g1672(648,15,880,731,206)@[19,35]
g1672(285,357,482,37,693)@[2,46]
g1672(218,64,76,527,114)@[40,43]
g1672(530,607,208,462,512)@[19,30]
g1672(116,384,757,128,338)@[25,39]
g1672(827,676,750,644,553)@[21,33]
g1672(904,591,885,90,262)@[18,19]
g1672(696,906,634,596,918)@[12,33]
g1672(442,369,136,544,241)@[3,11]
g1672(247,82,704,520,693)@[1,18]
g1672(328,453,275,185,656)@[27,38]
g1674(714)@[6,23]
g1674(515)@[2,44]
g1673(847)@[20,39]
g1672(439,57,533,18,766)@[1,27]
g1672(482,467,906,475,563)@[20,38]
g1673(9)@[8,18]
g1673(659)@[22,48]
g1672(72,540,181,702,320)@[1,13]
g1672(798,691,888,530,513)@[9,14]
g1673(180)@[10,14]
g1673(800)@[13,25]
g1672(577,179,587,346,48)@[18,47]
g1672(473,210,252,122,755)@[3,6]
g1672(10,188,381,787,259)@[15,19]
g1672(893,740,20,481,417)@[28,31]
g1672(745,706,351,730,452)@[4,29]
g1673(121)@[1,34]
g1673(350)@[1,42]
g1672(131,828,408,243,691)@[21,23]
g1672(157,814,859,80,695)@[20,41]
g1672(348,46,584,388,722)@[16,38]
g1672(708,421,742,68,402)@[34,42]
g1672(267,89,634,514,914)@[24,47]
g1674(657)@[0,35]
g1672(248,549,892,554,150)@[25,33]
g1672(367,806,680,212,560)@[11,45]
g1672(570,421,720,1,897)@[18,47]
g1672(804,404,193,760,342)@[5,7]
g1673(207)@[28,41]
g1672(589,463,11,42,199)@[20,22]
g1672(376,205,794,552,98)@[35,44]
g1673(663)@[0,32]
g1672(190,812,280,906,308)@[19,31]
g1672(657,601,762,63,526)@[13,16]
g1674(488)@[15,31]
g1672(48,122,227,482,856)@[44,49]
g1672(764,417,383,489,511)@[11,15]
g1672(291,422,293,712,844)@[22,49]
g1674(269)@[33,47]
g1672(440,765,409,110,819)@[2,15]
g1672(525,285,137,61,191)@[25,48]
g1672(822,101,15,12,777)@[3,45]
g1672(72,743,565,840,299)@[11,44]
g1672(736,458,327,657,832)@[20,36]
g1673(756)@[18,26]
g1672(601,129,395,80,570)@[20,48]
g1672(541,365,498,308,516)@[16,17]
g1672(282,274,462,225,180)@[0,18]
g1672(751,123,782,192,582)@[6,35]
g1672(641,366,841,618,800)@[31,33]
g1673(791)@[23,43]
g1673(855)@[4,39]
g1673(231)@[1,25]
g1672(768,306,316,271,451)@[30,32]
g1672(30,540,248,50,558)@[7,34]
g1672(516,889,269,26,118)@[42,43]
g1672(889,482,142,557,398)@[37,44]
g1672(730,79,152,650,392)@[29,43]
g1673(91)@[23,26]
g1672(193,642,527,58,686)@[6,46]
g1674(41)@[22,48]
g1672(808,537,239,154,439)@[0,41]
g1672(22,215,770,559,788)@[42,46]
g1672(409,488,66,92,212)@[7,20]
g1672(666,169,856,311,799)@[0,21]
g1672(620,522,314,466,848)@[23,47]
g1672(882,913,867,403,83)@[13,25]
g1673(280)@[30,48]
g1674(82)@[27,29]
g1674(60)@[20,23]
g1672(555,612,706,134,809)@[6,41]
g1672(207,655,518,153,752)@[8,45]
g1672(332,568,849,306,511)@[29,40]
g1672(224,146,395,720,309)@[25,45]
g1673(621)@[39,40]
g1672(835,689,416,549,665)@[23,27]
g1672(371,820,54,695,625)@[16,29]
g1674(396)@[38,49]
g1672(466,156,475,188,644)@[5,23]
g1674(911)@[15,28]
g1674(730)@[6,19]
g1672(895,300,676,397,201)@[19,36]
g1672(686,332,599,728,845)@[19,34]
g1672(25,219,536,307,636)@[33,43]
g1672(727,466,722,101,303)@[15,29]
g1672(468,107,77,893,636)@[25,35]
g1672(238,849,719,573,256)@[9,32]
g1672(679,133,600,750,0)@[32,35]
g1672(528,60,228,721,754)@[32,37]
g1672(755,802,850,374,165)@[28,42]
g1672(454,815,24,903,655)@[16,41]
g1672(754,829,121,29,490)@[15,37]
g1672(748,766,164,611,538)@[18,29]
g1673(735)@[1,21]
g1672(60,420,63,326,42)@[22,30]
g1673(14)@[8,20]
g1674(814)@[21,44]
g1673(805)@[26,42]
g1672(901,23,392,558,751)@[28,38]
g1672(308,644,918,136,419)@[11,34]
g1672(328,743,127,760,188)@[3,35]
g1672(97,796,196,464,468)@[22,27]
g1673(512)@[22,41]
g1674(395)@[17,27]
g1672(71,166,574,853,145)@[12,19]
g1672(408,300,111,328,80)@[17,38]
g1672(764,437,350,326,528)@[10,35]
g1672(720,208,696,346,150)@[33,42]
g1672(298,824,490,188,668)@[10,43]
g1672(824,678,354,240,379)@[37,38]
g1673(574)@[29,45]
g1672(735,806,242,598,164)@[0,8]
g1672(651,627,302,427,342)@[16,22]
g1674(161)@[32,45]
g1674(127)@[3,26]
g1672(300,5,879,106,475)@[0,40]
g1672(453,806,486,55,768)@[19,36]
g1672(217,581,742,589,801)@[10,24]
g1672(119,468,827,98,233)@[29,44]
g1672(562,666,15,266,563)@[6,32]
g1672(379,282,130,183,363)@[24,30]
g1672(816,356,917,168,447)@[12,39]
g1672(34,279,338,893,481)@[9,46]
g1672(202,261,864,848,532)@[15,36]
g1672(869,521,746,907,163)@[4,11]
g1672(659,727,310,345,458)@[4,48]
g1672(16,283,902,886,32)@[40,46]
g1674(206)@[20,28]
g1672(420,255,491,645,239)@[25,43]
g1672(105,582,38,319,455)@[36,40]
g1673(805)@[27,36]
g1672(391,368,894,787,769)@[15,22]
g1672(475,63,534,699,156)@[41,44]
g1673(170)@[6,12]
g1673(97)@[21,35]
g1672(550,417,490,834,241)@[13,45]
g1673(159)@[41,47]
g1672(288,80,638,324,877)@[15,21]
g1672(383,310,908,251,20)@[11,36]
g1672(875,801,312,806,296)@[3,22]
g1673(1)@[19,36]
g1672(233,380,844,93,76)@[27,47]
g1672(566,358,47,605,69)@[8,25]
g1673(426)@[1,45]
g1674(317)@[7,46]
g1672(111,132,645,446,375)@[8,28]
g1673(724)@[6,45]
g1672(203,20,532,844,719)@[37,38]
g1672(508,139,389,9,15)@[10,15]
g1672(292,409,173,676,563)@[14,25]
g1672(184,394,558,77,570)@[3,6]
g1672(364,498,393,897,380)@[2,45]
g1672(345,620,549,301,548)@[7,43]
g1673(888)@[21,30]
g1672(649,151,739,413,699)@[6,22]
g1672(102,851,473,476,801)@[0,2]
g1673(305)@[3,26]
g1672(888,607,588,360,226)@[5,25]
g1672(445,608,87,636,226)@[8,42]
g1672(267,877,315,35,484)@[16,35]
g1672(799,838,631,846,806)@[1,26]
g1674(406)@[11,41]
g1672(200,860,351,377,465)@[3,45]
g1673(12)@[35,41]
g1672(278,483,800,254,684)@[17,49]
g1672(544,544,660,864,559)@[21,43]
g1672(294,36,218,183,252)@[20,34]
g1673(556)@[4,17]
g1674(109)@[1,41]
g1672(469,578,534,484,79)@[19,44]
g1672(515,668,557,10,356)@[39,43]
g1673(221)@[24,48]
g1673(403)@[15,31]
g1672(127,864,727,612,592)@[16,45]
g1672(343,453,408,629,866)@[20,39]
g1672(737,547,379,457,861)@[6,39]
g1673(778)@[5,41]
g1672(628,497,857,212,358)@[20,34]
g1673(117)@[6,7]
g1672(619,812,376,707,649)@[2,43]
g1672(746,734,718,115,176)@[11,49]
g1672(86,291,834,647,843)@[29,38]
g1672(229,504,860,20,623)@[29,48]
g1672(734,690,476,298,239)@[2,44]
g1672(651,197,655,567,900)@[11,41]
g1672(140,664,148,862,251)@[25,27]
g1672(659,39,751,347,670)@[10,37]
g1672(845,832,14,1,511)@[30,37]
