g1672(17,402,104,560,762)@[22,48]
g1672(723,840,262,912,840)@[25,35]
g1672(170,782,104,503,591)@[21,26]
g1674(627)@[18,40]
g1672(60,395,470,674,541)@[38,48]
g1672(293,342,831,708,471)@[8,40]
g1672(859,321,107,383,516)@[40,47]
g1672(218,527,664,373,684)@[18,29]
g1672(41,861,855,34,663)@[19,26]
g1672(167,657,188,197,341)@[9,44]
g1672(713,864,146,327,269)@[2,48]
g1674(431)@[11,40]
g1672(802,338,190,747,279)@[2,48]
g1672(558,742,63,324,797)@[35,43]
g1672(415,797,837,94,667)@[28,35]
g1673(120)@[15,21]
g1672(114,525,826,553,880)@[24,41]
g1672(448,451,211,839,102)@[19,47]
g1672(59,388,807,28,646)@[6,13]
g1672(354,507,772,160,758)@[24,26]
g1672(835,446,493,620,341)@[8,24]
g1673(820)@[33,34]
g1672(385,262,459,666,90)@[24,40]
g1672(200,510,781,322,225)@[12,29]
g1673(43)@[5,45]
g1672(381,194,73,310,318)@[25,44]
g1672(272,507,772,576,413)@[6,45]
g1673(896)@[7,43]
g1672(100,371,251,276,864)@[10,41]
g1672(846,256,350,637,635)@[4,20]
g1672(26,519,599,862,757)@[27,48]
g1673(244)@[8,18]
g1672(251,616,560,162,210)@[10,43]
g1674(321)@[22,27]
g1672(613,513,537,372,382)@[1,22]
g1672(518,745,584,842,569)@[22,34]
g1672(843,438,102,22,869)@[22,36]
g1674(141)@[17,48]
g1672(688,746,400,20,738)@[11,41]
g1674(313)@[46,49]
g1672(665,497,220,175,478)@[42,44]
g1672(108,842,191,658,705)@[27,47]
g1672(382,124,158,813,53)@[27,47]
g1673(885)@[22,39]
g1672(328,743,127,760,188)@[3,35]
g1673(279)@[13,40]
g1672(346,485,20,235,396)@[4,44]
g1672(386,429,551,779,412)@[13,25]
g1672(21,267,120,5,648)@[31,37]
g1672(92,87,21,691,263)@[34,40]
g1673(585)@[2,7]
g1672(51,696,599,467,808)@[28,36]
g1672(560,613,887,66,168)@[23,26]
g1672(186,820,422,797,495)@[12,14]
g1673(891)@[8,31]
g1672(857,833,218,268,455)@[18,40]
g1672(510,155,120,471,610)@[16,47]
g1672(3,255,708,826,140)@[9,32]
g1672(194,653,299,310,619)@[10,44]
g1673(489)@[21,46]
g1674(646)@[22,32]
g1672(47,189,213,688,812)@[6,49]
g1672(688,92,822,892,151)@[19,35]
g1672(660,133,775,216,195)@[6,36]
g1673(501)@[32,46]
g1672(884,383,904,233,707)@[0,8]
g1672(698,52,409,314,365)@[30,46]
g1672(860,710,682,564,663)@[6,48]
g1672(40,283,709,568,197)@[2,3]
g1674(458)@[13,31]
g1674(405)@[26,36]
g1672(536,405,38,355,106)@[20,41]
g1672(581,188,570,356,727)@[23,49]
g1672(898,705,867,304,139)@[30,33]
g1673(185)@[2,17]
g1674(276)@[15,49]
g1672(136,329,706,23,482)@[20,33]
g1672(605,542,671,843,72)@[2,23]
g1672(568,106,394,183,701)@[12,43]
g1673(168)@[25,32]
g1672(842,202,171,243,315)@[16,37]
g1674(758)@[43,44]
g1672(509,481,784,146,74)@[2,34]
g1672(77,730,532,194,741)@[28,36]
g1673(740)@[12,24]
g1672(94,521,501,251,836)@[0,3]
g1672(354,47,387,23,256)@[22,29]
g1672(152,210,356,520,128)@[26,40]
g1672(881,746,215,757,212)@[3,4]
g1672(480,465,115,866,554)@[10,49]
g1672(603,439,713,195,202)@[2,44]
g1672(371,289,320,533,132)@[14,23]
g1673(897)@[44,48]
g1672(184,552,226,370,792)@[11,33]
g1672(881,142,577,694,510)@[6,10]
g1672(297,367,326,905,422)@[7,40]
g1672(584,161,911,108,904)@[19,26]
g1672(216,413,904,611,455)@[19,26]
g1672(911,183,504,504,522)@[36,37]
g1672(772,50,278,740,806)@[13,18]
g1674(264)@[28,31]
g1672(374,451,128,668,696)@[8,24]
g1672(893,511,153,305,397)@[4,18]
g1672(312,49,399,142,555)@[15,34]
g1672(710,875,328,652,93)@[11,23]
g1672(368,187,714,706,421)@[3,39]
g1674(350)@[18,37]
g1672(302,322,456,122,828)@[22,24]
g1673(815)@[0,49]
g1673(855)@[25,30]
g1672(502,804,187,305,464)@[14,45]
g1673(171)@[7,33]
g1672(599,11,352,116,691)@[31,41]
g1672(214,904,629,131,770)@[15,36]
g1673(545)@[35,36]
g1674(905)@[38,48]
g1672(777,893,848,268,221)@[32,37]
g1673(626)@[19,48]
g1672(339,149,317,735,436)@[39,45]
g1672(307,590,760,16,262)@[22,30]
g1672(123,859,513,314,329)@[22,24]
g1672(373,876,783,157,25)@[46,48]
g1672(822,140,766,64,7)@[20,38]
g1673(395)@[5,22]
g1672(418,523,377,767,8)@[34,48]
g1672(295,649,176,77,670)@[12,34]
g1672(272,207,413,790,447)@[29,49]
g1672(579,781,354,8,475)@[34,48]
g1672(75,432,652,342,826)@[3,49]
g1672(839,852,911,611,145)@[13,32]
g1672(682,581,96,483,791)@[4,34]
g1674(408)@[24,31]
g1672(829,46,214,46,367)@[36,42]
g1672(454,807,199,23,600)@[2,49]
g1672(888,386,549,622,180)@[21,25]
g1672(352,91,643,566,64)@[18,24]
g1672(696,157,377,911,885)@[32,47]
g1672(650,267,670,694,492)@[29,46]
g1672(906,446,31,629,36)@[46,49]
g1672(611,591,706,781,577)@[5,37]
g1674(55)@[15,31]
g1672(722,19,437,597,264)@[15,18]
g1672(819,648,546,51,478)@[15,41]
g1672(63,160,28,73,243)@[15,47]
g1672(886,661,88,639,581)@[26,30]
g1672(270,660,806,429,596)@[17,47]
g1672(802,633,599,246,151)@[33,39]
g1672(403,460,136,645,845)@[12,30]
g1672(678,359,128,296,693)@[24,41]
g1672(187,124,648,591,254)@[22,28]
g1673(130)@[2,47]
g1672(410,640,876,669,464)@[10,40]
g1672(163,842,647,452,47)@[17,29]
g1672(51,277,276,774,418)@[11,45]
g1672(798,139,754,37,18)@[1,41]
g1672(146,369,669,852,489)@[36,37]
g1672(776,433,766,559,776)@[3,31]
g1672(410,690,11,673,682)@[29,30]
g1672(306,101,694,324,503)@[15,48]
g1672(87,623,491,58,256)@[16,21]
g1672(658,205,241,712,700)@[18,46]
g1673(45)@[33,44]
g1672(147,709,397,741,37)@[24,25]
g1672(92,468,325,220,561)@[27,28]
g1674(600)@[25,48]
g1672(794,416,740,217,12)@[42,47]
g1674(459)@[36,49]
g1674(54)@[27,38]
g1673(747)@[20,33]
g1674(711)@[11,14]
g1672(917,865,588,513,566)@[38,40]
g1672(296,518,821,784,903)@[20,48]
g1673(721)@[20,27]
g1672(120,498,712,750,316)@[30,47]
g1672(245,55,906,476,675)@[24,29]
g1674(622)@[5,46]
g1672(467,463,261,99,90)@[18,37]
g1672(22,565,20,491,703)@[20,40]
g1672(50,635,450,367,324)@[8,38]
g1673(131)@[12,26]
g1672(859,879,286,797,556)@[7,25]
g1672(616,545,305,339,53)@[10,33]
g1672(852,778,814,130,856)@[4,13]
g1672(429,130,158,639,664)@[14,23]
g1672(805,235,693,460,60)@[6,49]
g1672(902,233,762,494,860)@[15,34]
g1672(651,667,214,367,455)@[12,19]
g1672(588,206,227,443,626)@[11,38]
g1672(236,415,514,245,533)@[7,49]
g1672(503,675,503,201,725)@[24,30]
g1672(234,494,590,629,589)@[29,48]
g1672(882,640,44,445,1)@[22,38]
g1672(541,97,865,648,249)@[6,10]
g1672(705,746,339,130,505)@[6,37]
g1672(36,486,181,99,680)@[2,15]
g1672(34,189,237,855,609)@[12,40]
g1672(876,212,52,162,572)@[1,28]
g1674(198)@[4,43]
g1674(181)@[36,49]
g1672(903,156,398,183,549)@[2,16]
g1672(341,121,219,363,43)@[1,33]
g1672(278,877,601,836,565)@[3,34]
g1672(618,757,758,691,781)@[39,42]
g1672(33,701,248,405,608)@[20,23]
g1672(24,673,242,890,211)@[15,46]
g1672(716,311,252,280,630)@[27,31]
g1672(127,163,454,113,382)@[31,47]
g1672(753,743,27,433,294)@[12,23]
g1672(258,281,757,148,285)@[25,42]
g1672(636,741,412,269,216)@[11,45]
g1672(833,693,95,408,688)@[14,47]
g1672(214,827,345,243,22)@[9,45]
g1673(476)@[5,40]
g1673(472)@[24,27]
g1672(712,28,297,263,386)@[16,44]
g1672(790,624,853,121,838)@[5,9]
g1673(308)@[14,28]
g1672(794,660,238,289,351)@[12,22]
g1672(458,604,59,513,263)@[4,37]
g1672(352,431,127,360,140)@[28,42]
g1672(52,61,191,4,612)@[16,18]
g1672(223,272,640,163,815)@[10,25]
g1672(734,736,778,268,371)@[13,42]
g1672(371,17,325,581,353)@[8,18]
g1672(71,121,301,846,288)@[22,26]
g1673(127)@[21,28]
g1673(860)@[23,47]
g1672(28,918,18,494,290)@[4,40]
g1672(827,825,663,124,447)@[9,32]
g1672(278,246,626,191,579)@[18,47]
g1672(51,290,86,147,637)@[42,43]
g1672(873,784,78,904,360)@[12,16]
g1672(504,475,253,453,452)@[29,32]
g1674(355)@[18,48]
g1673(129)@[24,27]
g1672(641,576,601,284,739)@[40,44]
g1673(463)@[30,31]
g1672(235,703,614,762,496)@[8,27]
g1672(36,673,59,246,658)@[13,33]
g1673(258)@[12,17]
g1672(31,635,844,316,470)@[26,43]
g1672(167,504,265,826,905)@[16,27]
g1672(95,20,911,305,441)@[3,32]
g1672(34,796,339,473,391)@[37,49]
g1673(509)@[20,35]
g1672(840,872,567,349,30)@[34,35]
g1672(423,314,794,165,691)@[28,47]
g1672(357,827,264,479,67)@[16,48]
g1672(466,462,32,464,793)@[29,32]
g1672(364,240,796,704,807)@[1,28]
g1672(414,917,416,560,362)@[5,46]
g1673(395)@[2,15]
g1672(24,168,17,867,165)@[1,31]
g1673(588)@[25,27]
g1672(695,651,629,45,792)@[4,23]
g1672(2,330,896,455,86)@[3,45]
g1674(272)@[3,42]
g1672(349,299,230,440,712)@[30,40]
g1673(521)@[20,27]
g1672(339,716,705,209,150)@[20,29]
g1672(470,482,449,541,188)@[3,48]
g1672(84,889,280,913,45)@[37,40]
g1672(610,613,344,70,68)@[36,41]
g1672(346,146,638,369,668)@[2,31]
g1672(586,792,799,243,824)@[11,15]
g1673(300)@[14,46]
g1672(461,543,447,353,488)@[13,30]
g1674(788)@[21,33]
g1673(330)@[22,37]
g1672(793,667,2,105,421)@[39,48]
g1672(4,253,67,486,748)@[15,20]
g1672(272,535,543,22,414)@[2,49]
g1674(880)@[14,23]
g1672(619,654,8,111,331)@[1,31]
g1672(141,429,738,567,276)@[23,33]
g1673(767)@[33,49]
g1672(65,297,411,463,288)@[40,47]
g1672(834,47,199,155,150)@[26,39]
g1672(161,698,16,557,702)@[5,31]
g1673(345)@[13,24]
g1672(128,874,895,275,305)@[18,37]
g1672(557,246,217,893,21)@[4,11]
g1673(390)@[16,37]
g1672(411,115,863,883,702)@[1,3]
g1673(151)@[6,9]
g1672(249,568,406,490,530)@[8,49]
g1672(858,750,733,554,375)@[29,47]
g1672(787,707,349,20,915)@[34,41]
g1672(756,53,565,594,78)@[15,46]
g1672(697,820,107,164,553)@[26,35]
g1673(544)@[2,30]
g1672(172,497,297,558,811)@[1,24]
g1672(653,557,242,830,552)@[0,38]
g1672(402,819,904,404,571)@[8,38]
g1672(159,225,386,527,133)@[16,36]
g1672(23,861,607,402,362)@[9,11]
g1673(839)@[5,27]
g1672(870,423,800,789,283)@[0,7]
g1672(678,776,72,842,913)@[14,34]
g1672(275,706,299,592,258)@[0,48]
g1672(421,376,101,634,41)@[5,14]
g1672(451,69,183,488,736)@[9,40]
g1672(52,413,620,184,421)@[25,27]
g1672(761,281,465,67,324)@[14,39]
g1672(468,406,730,465,118)@[24,37]
g1672(656,787,189,663,7)@[25,31]
g1672(902,908,668,74,550)@[3,34]
g1672(777,851,699,699,682)@[24,36]
g1673(241)@[25,27]
g1672(485,326,397,684,402)@[13,16]
g1672(819,398,864,790,62)@[11,14]
g1672(257,453,557,241,523)@[8,43]
g1672(443,730,368,648,556)@[7,30]
g1672(471,891,623,727,756)@[21,45]
g1673(527)@[39,42]
g1672(702,476,875,484,462)@[7,21]
g1672(177,399,236,358,184)@[12,23]
g1672(470,507,292,57,707)@[2,9]
g1672(893,204,476,554,31)@[11,42]
g1672(346,182,548,660,256)@[40,44]
g1672(31,857,902,103,891)@[11,16]
g1674(502)@[17,27]
g1672(880,216,171,341,94)@[12,28]
g1672(879,96,530,402,769)@[23,25]
g1672(97,508,89,902,347)@[25,39]
g1672(450,228,707,62,364)@[3,9]
g1672(429,823,461,368,580)@[39,47]
g1673(744)@[0,14]
g1672(804,404,193,760,342)@[5,7]
g1672(159,300,618,851,826)@[1,5]
g1672(695,356,807,718,752)@[18,49]
g1674(22)@[34,48]
g1672(129,464,162,455,658)@[42,49]
g1672(733,781,390,141,253)@[2,45]
g1672(370,201,755,86,793)@[3,17]
g1672(392,841,348,909,494)@[0,28]
g1672(824,671,695,61,85)@[12,25]
g1674(261)@[33,41]
g1672(432,116,382,842,662)@[29,47]
g1672(185,591,212,190,228)@[19,35]
g1672(123,101,169,401,391)@[5,33]
g1674(767)@[17,31]
g1672(240,271,334,526,187)@[30,32]
g1672(116,173,66,1,472)@[3,19]
g1672(96,3,715,370,699)@[34,43]
g1672(169,371,73,25,200)@[40,41]
g1672(72,552,861,102,144)@[0,33]
g1673(511)@[3,15]
g1672(817,832,185,376,704)@[25,38]
g1673(563)@[6,40]
g1672(856,310,262,457,912)@[4,21]
g1672(26,849,106,657,892)@[5,18]
g1674(287)@[25,28]
g1672(631,372,653,616,429)@[18,24]
g1672(543,797,836,795,21)@[9,47]
g1672(18,439,898,329,162)@[12,42]
g1672(426,125,911,821,396)@[3,7]
g1672(263,81,587,673,600)@[18,39]
g1672(851,431,881,512,810)@[5,8]
g1672(892,842,306,399,504)@[8,22]
g1673(515)@[28,36]
g1672(675,318,497,347,198)@[1,28]
g1672(736,561,810,284,795)@[1,28]
g1672(325,451,279,471,136)@[30,45]
g1673(112)@[9,36]
g1672(869,714,425,817,52)@[13,45]
g1672(75,876,774,837,132)@[4,38]
g1672(89,113,270,35,786)@[0,31]
g1672(31,376,875,695,682)@[37,43]
g1672(3,683,307,810,510)@[33,44]
g1673(286)@[21,39]
g1673(418)@[17,37]
g1673(233)@[27,37]
g1673(556)@[13,34]
g1672(204,223,806,139,868)@[18,20]
g1673(92)@[17,23]
g1673(117)@[10,46]
g1674(0)@[40,44]
g1672(564,574,514,532,789)@[16,22]
g1672(600,847,906,171,120)@[1,26]
g1672(655,781,457,691,643)@[1,29]
g1672(254,472,913,454,132)@[5,34]
g1672(851,468,719,187,740)@[29,45]
g1672(457,509,173,379,206)@[16,45]
g1672(112,625,753,713,506)@[20,44]
g1672(137,217,753,739,104)@[45,46]
g1672(145,80,638,379,101)@[4,45]
g1672(264,191,490,668,44)@[42,46]
g1674(662)@[17,42]
g1672(419,417,406,895,101)@[29,32]
g1672(358,243,702,809,48)@[25,42]
g1674(536)@[33,36]
g1672(509,15,810,177,172)@[3,23]
g1672(764,437,350,326,528)@[10,35]
g1672(67,793,679,339,180)@[17,43]
g1672(548,362,687,497,121)@[37,46]
g1672(89,498,300,793,232)@[17,21]
g1672(224,82,57,319,293)@[2,40]
g1673(59)@[18,40]
g1674(137)@[2,32]
g1672(885,774,909,80,297)@[2,14]
g1672(401,563,587,697,821)@[12,25]
g1672(217,476,725,665,489)@[23,43]
g1672(274,161,703,919,534)@[23,43]
g1672(180,342,82,160,391)@[9,44]
g1673(281)@[10,36]
g1673(369)@[18,21]
g1672(187,463,90,582,240)@[15,38]
g1673(811)@[23,45]
g1674(401)@[21,25]
g1672(768,193,339,265,634)@[8,47]
g1672(479,93,852,397,826)@[35,36]
g1672(876,744,49,555,283)@[25,47]
g1672(764,894,528,900,206)@[17,36]
g1674(892)@[8,17]
g1672(62,72,389,845,314)@[14,42]
g1672(285,371,704,218,253)@[19,46]
g1674(858)@[12,29]
g1674(188)@[2,33]
g1672(721,742,274,763,537)@[19,36]
g1673(66)@[7,24]
g1672(101,327,411,664,117)@[3,49]
g1672(436,353,4,477,862)@[29,40]
g1673(34)@[47,48]
g1672(326,356,275,342,421)@[12,19]
g1672(741,648,95,667,448)@[36,42]
g1673(507)@[23,37]
g1672(651,158,101,443,225)@[10,26]
g1672(485,105,721,781,553)@[4,34]
g1672(142,157,201,566,540)@[2,32]
g1672(549,269,151,658,77)@[2,4]
g1672(417,208,302,582,79)@[15,45]
g1672(238,849,719,573,256)@[9,32]
g1672(195,447,342,806,178)@[14,36]
g1672(429,591,423,468,510)@[18,20]
g1672(872,157,272,432,1)@[13,25]
g1672(447,727,54,6,496)@[10,43]
g1672(523,113,539,133,336)@[10,39]
g1672(189,469,516,482,232)@[20,23]
g1672(198,614,585,492,815)@[8,35]
g1672(272,840,652,245,528)@[10,23]
g1673(514)@[13,15]
g1672(440,290,183,596,300)@[18,29]
g1672(610,341,234,893,772)@[12,19]
g1672(429,29,80,92,711)@[6,39]
g1672(829,366,835,549,485)@[22,32]
g1673(119)@[14,46]
g1672(774,231,628,351,766)@[9,15]
g1672(743,31,869,353,151)@[39,49]
g1674(85)@[28,33]
g1672(407,162,835,589,880)@[8,28]
g1672(736,834,294,58,276)@[8,13]
g1672(728,588,727,629,24)@[27,43]
g1674(207)@[25,48]
g1672(6,750,266,527,86)@[0,32]
g1672(665,324,415,391,128)@[20,26]
g1673(341)@[10,46]
g1674(910)@[22,29]
g1672(344,580,791,328,362)@[6,19]
g1674(283)@[7,12]
g1672(26,629,243,144,300)@[34,39]
g1672(363,264,683,248,460)@[13,35]
g1672(907,519,67,736,791)@[9,14]
g1674(547)@[13,33]
g1672(785,902,736,524,495)@[26,45]
g1672(487,37,588,160,547)@[0,28]
g1672(42,668,482,555,68)@[8,47]
g1672(792,628,524,335,159)@[15,17]
g1674(482)@[13,23]
g1672(476,853,750,511,917)@[20,47]
g1672(352,12,220,132,626)@[1,34]
g1672(86,228,71,896,390)@[41,42]
g1672(837,202,633,630,495)@[44,48]
g1672(272,127,161,416,155)@[5,24]
g1672(157,522,309,244,829)@[37,38]
g1672(98,351,389,871,833)@[36,48]
g1672(234,379,91,393,318)@[7,14]
g1673(634)@[13,25]
g1672(876,470,423,674,290)@[22,33]
g1672(595,752,606,320,793)@[2,18]
g1672(769,680,344,748,370)@[5,22]
g1674(541)@[11,34]
g1672(188,30,478,546,535)@[0,44]
g1673(23)@[15,17]
g1673(78)@[1,47]
g1672(607,330,93,887,167)@[33,46]
g1672(790,875,701,316,118)@[11,34]
g1674(307)@[12,16]
g1672(800,147,734,904,57)@[29,33]
g1672(655,97,52,508,149)@[10,31]
g1674(99)@[12,41]
g1672(215,809,397,895,628)@[3,41]
g1674(181)@[1,22]
g1672(123,473,346,111,689)@[21,47]
g1672(553,919,584,351,223)@[21,24]
g1672(256,212,101,518,283)@[19,31]
g1674(115)@[2,43]
g1672(721,765,445,791,739)@[5,19]
g1672(827,339,896,72,142)@[1,17]
g1672(789,772,859,94,653)@[9,17]
g1672(47,144,661,745,67)@[46,47]
g1673(381)@[18,33]
g1673(544)@[25,39]
g1672(800,762,825,816,254)@[30,32]
g1672(391,270,448,260,761)@[12,37]
g1672(408,515,383,832,643)@[6,23]
g1672(69,875,874,204,791)@[1,30]
g1672(88,858,719,289,245)@[22,30]
g1672(741,831,260,506,176)@[5,37]
g1673(720)@[17,27]
g1672(278,215,709,178,15)@[0,14]
g1672(598,63,454,518,80)@[10,41]
g1672(68,491,593,288,613)@[14,35]
g1672(331,659,515,611,260)@[24,48]
g1672(449,561,799,304,853)@[8,47]
g1672(59,178,520,146,143)@[3,26]
g1672(880,544,355,133,245)@[21,37]
g1672(629,898,447,71,292)@[4,38]
g1672(677,476,64,558,719)@[15,18]
g1672(164,93,59,88,231)@[10,13]
g1672(331,175,691,547,348)@[9,28]
g1672(533,541,243,78,885)@[16,34]
g1672(753,374,621,605,732)@[0,7]
g1672(469,578,534,484,79)@[19,44]
g1672(406,671,782,805,650)@[34,43]
g1674(733)@[24,47]
g1672(903,253,161,625,215)@[30,35]
g1673(302)@[29,37]
g1672(289,489,158,606,51)@[28,41]
g1672(794,478,443,158,325)@[6,46]
g1672(499,885,631,403,839)@[23,24]
g1672(320,34,405,468,385)@[4,16]
g1672(615,241,481,63,270)@[8,46]
g1672(371,308,95,565,781)@[9,39]
g1672(498,786,671,330,414)@[4,9]
g1672(802,11,165,541,598)@[23,42]
g1672(30,637,663,179,724)@[12,34]
g1672(140,759,740,738,473)@[36,47]
g1672(906,762,113,85,310)@[21,38]
g1672(518,347,820,214,68)@[18,34]
g1672(898,526,634,357,840)@[35,40]
g1672(314,244,522,900,499)@[4,39]
g1672(117,15,536,727,195)@[45,47]
g1672(477,804,627,821,866)@[19,41]
g1672(46,740,331,463,869)@[7,17]
g1673(532)@[20,45]
g1672(630,730,289,51,5)@[14,39]
g1672(359,575,136,916,701)@[8,29]
g1672(232,754,764,52,391)@[5,41]
g1672(563,465,481,652,549)@[8,41]
g1672(151,623,875,619,721)@[20,38]
g1672(883,30,149,670,388)@[11,14]
g1673(514)@[23,45]
g1672(553,816,244,268,560)@[20,43]
g1672(273,102,696,594,119)@[1,19]
g1674(326)@[8,47]
g1672(445,31,541,538,873)@[8,32]
g1673(56)@[20,38]
g1672(617,891,308,223,668)@[26,47]
g1672(578,572,191,313,273)@[27,42]
g1672(276,49,238,687,482)@[16,36]
g1672(896,231,3,914,819)@[42,44]
g1673(215)@[13,19]
g1672(103,860,331,129,417)@[40,49]
g1672(145,198,63,635,897)@[1,36]
g1674(122)@[16,20]
g1672(207,548,184,510,86)@[10,16]
g1673(316)@[13,42]
g1672(530,273,803,703,385)@[16,34]
g1672(893,579,362,27,47)@[18,38]
g1672(810,120,653,322,291)@[17,48]
g1673(600)@[15,22]
g1672(167,858,57,768,291)@[10,46]
g1672(484,23,616,484,375)@[34,43]
g1672(415,712,175,21,252)@[11,39]
g1672(582,204,456,767,639)@[4,41]
g1672(266,152,665,409,29)@[29,39]
g1672(409,325,694,313,479)@[10,30]
g1673(48)@[1,18]
g1672(219,441,885,205,806)@[0,10]
g1672(519,482,532,684,34)@[46,48]
g1674(375)@[11,32]
g1672(886,815,358,404,746)@[35,49]
g1672(625,190,174,419,255)@[18,38]
g1672(220,859,786,401,343)@[43,47]
g1672(396,885,815,431,263)@[27,37]
g1674(517)@[2,10]
g1672(611,190,588,350,893)@[22,39]
g1672(878,378,849,166,594)@[6,24]
g1674(543)@[24,36]
g1672(293,213,915,613,787)@[4,35]
g1672(376,205,794,552,98)@[35,44]
g1674(615)@[20,42]
g1672(761,667,430,536,528)@[7,40]
g1672(782,820,517,262,153)@[22,33]
g1672(141,767,172,270,540)@[31,33]
g1673(167)@[9,29]
g1672(487,70,98,273,104)@[11,47]
g1672(416,584,391,267,190)@[14,31]
g1672(65,525,664,750,362)@[0,40]
g1672(644,536,820,101,563)@[19,46]
g1672(591,491,649,369,658)@[31,37]
g1672(720,332,322,773,825)@[11,14]
g1672(749,762,146,101,123)@[9,41]
g1672(840,784,489,138,872)@[41,43]
g1674(598)@[0,46]
g1674(156)@[1,26]
g1674(691)@[38,44]
g1673(448)@[2,26]
g1672(887,100,630,843,285)@[2,36]
g1672(451,432,250,691,136)@[26,27]
g1673(6)@[30,49]
g1672(598,843,813,316,328)@[5,28]
g1672(569,684,430,788,511)@[8,26]
g1673(807)@[41,49]
g1672(500,175,105,193,23)@[38,44]
g1672(635,903,140,329,691)@[3,49]
g1672(84,72,876,603,163)@[17,35]
g1672(434,68,416,65,146)@[4,5]
g1672(100,70,518,61,807)@[1,2]
g1674(612)@[20,32]
g1672(724,781,613,304,9)@[16,37]
g1674(436)@[2,34]
g1673(598)@[5,39]
g1672(71,609,778,642,582)@[12,34]
g1672(659,504,268,529,393)@[0,18]
g1672(878,167,340,391,503)@[8,16]
g1672(570,469,450,215,117)@[34,48]
g1672(273,2,576,428,232)@[2,27]
g1672(94,834,353,578,873)@[31,38]
g1672(354,787,828,715,752)@[13,47]
g1672(95,641,332,460,786)@[0,38]
g1673(163)@[4,37]
g1673(510)@[31,43]
g1672(524,96,893,628,364)@[0,10]
g1674(688)@[23,40]
g1672(451,902,910,561,436)@[30,34]
g1672(453,557,515,522,709)@[32,48]
g1672(535,847,551,915,345)@[17,23]
g1672(119,649,162,320,174)@[3,42]
g1673(481)@[1,45]
g1672(15,320,7,182,498)@[21,39]
g1672(764,824,395,598,253)@[2,21]
g1672(641,388,494,915,375)@[7,9]
g1674(606)@[4,38]
g1672(735,654,762,674,219)@[4,43]
g1672(605,680,28,263,174)@[3,35]
g1672(569,323,553,105,451)@[33,45]
g1672(496,893,129,637,50)@[4,12]
g1673(623)@[40,48]
g1672(129,371,666,376,802)@[8,12]
g1673(298)@[24,28]
g1672(446,492,535,693,790)@[21,47]
g1672(451,74,522,21,836)@[23,30]
g1672(86,291,834,647,843)@[29,38]
g1672(850,453,483,216,629)@[7,39]
g1672(157,344,842,440,569)@[5,9]
g1672(516,296,550,252,232)@[28,37]
g1674(283)@[47,49]
g1672(282,455,664,511,268)@[25,45]
g1672(218,62,844,636,122)@[15,26]
g1674(96)@[16,38]
g1673(616)@[44,48]
g1673(549)@[37,48]
g1673(370)@[26,33]
g1672(901,339,497,487,325)@[3,8]
g1672(284,1,327,873,170)@[7,12]
g1673(715)@[21,37]
g1672(51,453,32,791,311)@[39,44]
g1673(264)@[40,43]
g1672(17,187,114,187,70)@[35,48]
g1672(348,410,645,471,887)@[3,24]
g1672(375,676,23,42,904)@[14,30]
g1672(340,592,92,424,180)@[3,35]
g1673(368)@[4,9]
g1674(327)@[6,11]
g1673(553)@[11,31]
g1672(566,22,368,521,752)@[15,40]
g1673(98)@[40,42]
g1672(13,222,580,653,7)@[0,48]
g1672(893,50,756,868,94)@[20,46]
g1672(846,724,496,776,719)@[10,21]
g1674(655)@[32,48]
g1672(444,54,754,550,115)@[2,17]
g1674(235)@[25,39]
g1673(852)@[11,15]
g1673(846)@[9,39]
g1673(769)@[5,13]
g1674(869)@[3,7]
g1672(87,445,236,287,165)@[4,30]
g1672(135,574,569,219,496)@[9,44]
g1672(802,545,75,524,698)@[33,47]
g1672(391,549,481,550,600)@[23,45]
g1672(715,804,509,443,484)@[16,45]
g1673(11)@[29,40]
g1672(523,617,53,551,576)@[35,40]
g1672(244,332,357,725,130)@[17,39]
g1674(254)@[16,43]
g1673(178)@[16,46]
g1673(263)@[10,27]
g1672(491,305,549,655,625)@[0,28]
g1672(418,249,131,671,116)@[4,35]
g1672(504,713,915,193,329)@[3,47]
g1672(6,183,907,180,618)@[16,20]
g1672(36,39,804,581,462)@[12,39]
g1673(505)@[28,36]
g1674(203)@[9,25]
g1672(456,812,864,461,761)@[20,28]
g1672(648,295,143,14,582)@[4,16]
g1672(368,868,407,517,365)@[0,7]
g1674(855)@[2,30]
g1672(908,398,37,275,676)@[35,36]
g1673(420)@[4,18]
g1673(441)@[10,42]
g1672(718,234,677,830,186)@[4,13]
g1672(37,760,842,904,321)@[13,15]
g1672(187,856,630,137,176)@[0,40]
g1672(674,414,829,99,601)@[0,10]
g1672(904,80,794,612,196)@[8,25]
g1672(414,487,605,694,49)@[31,36]
g1672(162,67,862,452,101)@[2,8]
g1672(285,167,124,216,292)@[12,34]
g1672(66,234,183,486,411)@[39,48]
g1672(763,279,640,901,368)@[30,43]
g1672(90,753,404,83,432)@[20,37]
g1672(163,904,128,560,499)@[24,44]
g1672(773,264,323,676,493)@[8,28]
g1674(671)@[5,26]
g1672(764,689,323,875,434)@[18,41]
g1674(714)@[0,42]
g1674(419)@[33,46]
g1672(562,342,83,521,777)@[3,25]
g1674(885)@[22,37]
g1672(99,849,802,253,483)@[35,44]
g1672(156,758,362,209,135)@[26,35]
g1672(372,886,292,167,599)@[35,40]
g1673(504)@[24,49]
g1672(36,867,205,126,216)@[11,45]
g1672(788,616,168,209,124)@[8,10]
g1673(853)@[41,42]
g1672(668,39,76,158,201)@[24,42]
g1672(658,12,136,283,655)@[43,44]
g1672(747,557,100,228,94)@[47,49]
g1674(867)@[8,31]
g1672(135,643,37,364,893)@[26,33]
g1673(879)@[0,46]
g1672(872,828,440,452,424)@[7,32]
g1672(370,644,398,697,256)@[22,25]
g1672(831,583,825,226,713)@[21,29]
g1674(652)@[13,27]
g1674(291)@[2,4]
g1672(698,786,421,36,614)@[5,37]
g1672(910,19,493,254,878)@[12,35]
g1672(110,202,749,311,154)@[16,43]
g1674(389)@[13,39]
g1673(380)@[13,36]
g1672(740,406,707,758,754)@[31,34]
g1672(289,597,907,730,287)@[15,33]
g1674(713)@[25,42]
g1672(410,621,172,812,423)@[38,46]
g1672(435,8,824,528,69)@[3,29]
g1672(119,788,194,278,146)@[32,33]
g1672(72,619,284,224,462)@[29,39]
g1672(282,466,218,113,730)@[5,25]
g1673(533)@[11,22]
g1673(549)@[20,22]
g1672(529,218,227,803,240)@[10,47]
g1673(493)@[8,38]
g1672(855,459,94,400,794)@[16,35]
g1672(497,19,866,322,703)@[44,49]
g1672(376,814,490,769,681)@[17,39]
g1672(893,226,899,151,16)@[8,21]
g1672(280,672,449,697,47)@[41,43]
g1672(799,47,913,281,504)@[5,18]
g1674(276)@[21,27]
g1672(781,898,606,848,472)@[15,33]
g1672(267,461,715,789,167)@[32,48]
g1672(869,433,402,518,628)@[6,11]
g1672(236,265,691,9,503)@[15,40]
g1672(781,797,352,281,163)@[17,31]
g1672(41,680,692,131,354)@[4,42]
g1672(840,895,336,88,569)@[17,34]
g1674(586)@[8,36]
g1672(395,714,813,76,527)@[0,31]
g1672(715,92,523,687,545)@[17,31]
g1672(174,424,745,230,40)@[15,33]
g1672(714,466,730,399,607)@[4,35]
g1672(164,487,73,205,1)@[10,35]
g1672(240,358,517,446,626)@[21,32]
g1672(287,131,178,40,132)@[9,37]
g1673(554)@[37,42]
g1674(160)@[0,4]
g1672(276,891,831,590,320)@[38,41]
g1672(219,458,99,850,495)@[15,28]
g1672(400,682,465,479,561)@[37,39]
g1672(792,19,115,392,873)@[22,38]
g1672(527,475,528,462,148)@[5,11]
g1672(882,762,770,640,774)@[19,25]
g1672(45,287,221,551,295)@[24,33]
g1672(164,418,369,760,77)@[4,38]
g1672(163,838,409,174,891)@[15,31]
g1674(349)@[3,21]
g1672(448,462,768,782,118)@[34,40]
g1673(737)@[23,30]
g1672(291,62,414,580,767)@[24,28]
g1672(100,357,609,11,554)@[28,45]
g1672(627,82,666,525,303)@[0,37]
g1672(594,837,885,127,522)@[20,22]
g1672(542,919,520,127,734)@[11,25]
g1672(547,676,23,701,858)@[10,42]
g1672(152,177,759,165,478)@[16,28]
g1672(518,265,125,119,757)@[38,48]
g1672(279,794,506,783,847)@[22,39]
g1672(648,288,181,266,383)@[39,46]
g1672(464,543,916,766,111)@[6,30]
g1674(607)@[13,25]
g1672(24,47,78,803,751)@[5,37]
g1672(406,376,188,576,510)@[32,44]
g1672(288,575,198,797,607)@[37,43]
g1672(312,421,658,585,791)@[0,42]
g1672(381,766,794,50,65)@[8,36]
g1672(608,297,46,7,671)@[2,33]
g1673(85)@[19,32]
g1672(869,72,790,427,85)@[12,42]
g1672(470,201,213,638,589)@[2,11]
g1672(255,99,513,664,311)@[6,49]
g1672(323,219,478,698,672)@[12,34]
g1674(549)@[7,17]
g1672(725,446,715,12,276)@[24,48]
g1672(449,877,179,826,83)@[14,31]
g1672(255,806,243,769,15)@[12,47]
g1672(767,525,685,814,37)@[40,45]
g1672(642,343,639,230,344)@[1,26]
g1672(848,49,558,242,26)@[21,47]
g1672(151,272,263,174,546)@[2,27]
g1672(443,377,72,50,461)@[23,40]
g1672(917,329,377,664,174)@[21,25]
g1672(695,821,76,216,544)@[5,17]
g1673(58)@[13,16]
g1672(593,108,608,753,781)@[12,23]
g1674(172)@[15,24]
g1672(495,718,400,103,828)@[20,35]
g1672(894,371,294,893,129)@[2,46]
g1672(82,840,669,280,825)@[39,47]
g1672(332,590,765,622,60)@[35,49]
g1674(879)@[3,9]
g1673(794)@[9,21]
g1673(131)@[19,23]
g1674(253)@[18,26]
g1672(189,713,317,52,518)@[5,24]
g1672(661,613,905,20,570)@[9,36]
g1672(372,155,454,637,694)@[26,41]
g1672(727,549,273,264,670)@[3,39]
g1672(716,43,695,621,1)@[9,17]
g1672(710,192,28,399,566)@[4,25]
g1673(661)@[3,8]
g1673(327)@[25,27]
g1672(696,278,257,517,853)@[33,36]
g1672(465,636,487,257,519)@[5,9]
g1672(785,831,169,587,849)@[8,34]
g1674(119)@[11,12]
g1672(241,467,882,242,224)@[15,44]
g1672(687,764,571,880,155)@[8,18]
g1672(669,47,722,280,344)@[6,26]
g1673(208)@[10,17]
g1672(64,342,825,732,574)@[9,44]
g1672(173,568,876,458,600)@[11,37]
g1672(689,572,747,126,505)@[10,40]
g1672(881,173,647,91,850)@[27,30]
g1673(536)@[5,16]
g1672(901,267,758,160,774)@[9,39]
g1672(288,338,477,714,377)@[19,27]
g1672(429,0,296,763,114)@[6,27]
g1672(771,368,798,237,810)@[18,46]
g1672(226,173,801,309,765)@[18,46]
g1672(407,660,758,247,149)@[19,25]
g1672(780,464,76,752,212)@[16,48]
g1672(570,220,80,309,203)@[30,40]
g1673(498)@[0,10]
g1672(301,861,836,142,596)@[19,21]
g1672(699,805,636,857,750)@[23,36]
g1672(584,509,335,871,531)@[6,17]
g1673(552)@[42,47]
g1672(4,529,806,360,162)@[3,27]
g1672(722,815,268,303,366)@[29,30]
g1673(506)@[3,40]
g1672(346,873,343,325,70)@[27,39]
g1672(700,33,29,44,563)@[5,12]
g1672(247,808,322,800,417)@[1,49]
g1672(407,766,195,520,436)@[9,41]
g1672(378,903,744,622,872)@[26,27]
g1672(744,105,252,576,340)@[0,43]
g1672(559,12,698,749,383)@[13,16]
g1672(443,638,454,77,217)@[27,48]
g1672(286,285,215,573,476)@[16,35]
g1672(92,518,546,651,70)@[26,31]
g1672(241,374,583,757,444)@[3,8]
g1672(418,846,161,24,132)@[0,1]
g1673(577)@[38,44]
g1672(600,71,227,683,397)@[2,23]
g1672(705,217,245,59,346)@[26,40]
g1672(27,504,664,292,97)@[21,45]
g1672(730,619,317,817,446)@[15,24]
g1672(181,610,51,403,424)@[5,25]
g1672(285,870,835,223,868)@[34,38]
g1672(161,722,352,750,605)@[35,41]
g1672(174,259,331,687,611)@[9,21]
g1672(910,917,869,590,614)@[41,46]
g1672(306,902,73,632,772)@[15,25]
g1672(559,559,855,310,853)@[40,45]
g1672(389,493,6,195,409)@[17,49]
g1673(264)@[21,35]
g1672(826,768,191,288,672)@[25,37]
g1672(272,897,673,710,404)@[17,25]
g1674(494)@[2,21]
g1674(120)@[5,24]
g1672(736,795,15,64,412)@[16,19]
g1672(420,502,659,378,584)@[17,27]
g1672(282,542,134,477,664)@[33,42]
g1672(598,457,260,488,278)@[8,14]
g1672(210,463,99,743,742)@[30,47]
g1673(12)@[8,44]
g1674(276)@[0,34]
g1672(557,147,332,395,151)@[38,47]
g1673(866)@[8,15]
g1672(766,674,661,181,322)@[3,38]
g1672(461,691,808,359,678)@[39,49]
g1672(312,57,148,190,907)@[16,48]
g1674(275)@[25,30]
g1673(750)@[15,24]
g1674(658)@[7,17]
g1672(855,267,567,766,515)@[19,26]
g1673(914)@[33,48]
g1672(495,455,46,333,105)@[7,11]
g1672(623,517,200,609,441)@[0,44]
g1674(3)@[4,9]
g1672(357,206,58,390,748)@[16,47]
g1672(746,145,529,49,855)@[15,31]
g1672(99,48,852,186,559)@[11,18]
g1672(617,371,442,226,523)@[26,38]
g1672(124,432,514,20,352)@[31,34]
g1672(122,744,490,722,464)@[10,35]
g1672(729,182,247,200,813)@[9,25]
g1673(369)@[6,40]
g1672(676,839,276,449,762)@[4,10]
g1672(113,319,628,674,667)@[7,25]
g1673(353)@[43,46]
g1672(352,582,285,425,699)@[4,39]
g1672(416,21,565,865,633)@[6,9]
g1674(687)@[31,39]
g1672(346,666,81,295,278)@[41,49]
g1673(670)@[39,47]
g1672(757,352,866,108,910)@[33,42]
g1672(51,585,806,769,122)@[13,16]
g1672(711,606,634,657,854)@[6,33]
g1672(854,364,385,627,173)@[2,45]
g1673(793)@[1,20]
g1674(421)@[46,48]
g1672(324,639,450,474,764)@[17,47]
g1673(834)@[6,18]
g1672(915,27,779,462,839)@[32,35]
g1672(325,841,365,295,838)@[37,38]
g1672(250,827,91,445,115)@[30,36]
g1674(812)@[34,38]
g1674(293)@[10,34]
g1672(111,7,315,669,337)@[22,36]
g1672(361,681,363,247,752)@[18,29]
g1672(557,445,406,284,526)@[0,17]
g1672(240,342,236,413,401)@[18,38]
g1673(778)@[20,35]
g1674(624)@[18,34]
g1672(433,314,387,378,734)@[7,13]
g1672(862,458,705,710,909)@[5,17]
g1672(458,451,809,794,787)@[32,37]
g1674(17)@[44,46]
g1672(346,221,301,721,834)@[26,28]
g1672(122,772,141,714,874)@[11,24]
g1672(307,527,820,622,196)@[14,18]
g1672(356,528,32,623,304)@[11,35]
g1674(291)@[24,37]
g1672(806,389,82,290,60)@[7,12]
g1672(340,321,114,544,188)@[40,46]
g1672(878,754,298,141,136)@[14,19]
g1674(210)@[2,17]
g1672(438,653,824,538,598)@[35,42]
g1673(7)@[2,31]
g1672(18,390,528,809,67)@[11,26]
g1672(774,176,879,719,361)@[20,32]
g1672(811,187,386,717,637)@[3,32]
g1672(75,803,462,553,223)@[5,45]
g1672(294,741,263,394,639)@[4,20]
g1672(598,217,298,801,103)@[10,20]
g1672(742,573,648,550,451)@[19,32]
g1673(283)@[1,21]
g1672(447,541,806,795,114)@[3,15]
g1672(820,756,47,413,152)@[1,9]
g1672(696,193,484,264,885)@[44,47]
g1672(633,148,570,858,821)@[29,44]
g1672(764,517,733,501,789)@[11,26]
g1674(607)@[22,40]
g1672(287,904,695,69,582)@[17,26]
g1673(433)@[3,43]
g1673(517)@[17,19]
g1672(320,342,161,709,292)@[4,27]
g1672(885,651,375,53,86)@[18,43]
g1672(356,391,102,339,103)@[26,43]
g1672(91,816,788,851,694)@[46,48]
g1672(459,167,349,537,598)@[38,47]
g1672(640,147,810,175,80)@[26,43]
g1672(164,49,320,605,472)@[41,44]
g1672(155,705,145,570,31)@[32,48]
g1672(911,387,767,51,724)@[11,36]
g1672(766,436,76,276,914)@[34,41]
g1674(533)@[23,37]
g1672(180,251,458,586,362)@[38,40]
g1672(286,234,440,799,541)@[10,26]
g1672(250,369,861,411,727)@[13,47]
g1672(248,439,754,897,561)@[12,33]
g1672(231,552,537,700,492)@[17,41]
g1672(905,70,707,702,806)@[0,15]
g1672(16,801,282,545,487)@[24,27]
g1674(688)@[26,30]
g1672(219,608,74,631,404)@[8,45]
g1673(624)@[38,42]
g1672(25,625,244,200,835)@[2,7]
g1672(443,698,769,717,109)@[11,14]
g1672(107,148,454,780,234)@[5,19]
g1672(32,752,773,681,722)@[20,46]
g1672(181,351,111,519,897)@[39,48]
g1672(346,599,213,344,699)@[2,38]
g1672(668,620,827,365,257)@[47,49]
g1672(884,914,721,919,289)@[28,29]
g1672(803,619,385,779,66)@[1,41]
g1672(801,153,783,42,475)@[18,29]
g1673(229)@[11,37]
g1672(15,629,141,696,487)@[4,34]
g1672(706,822,184,841,625)@[38,40]
g1672(377,761,58,890,168)@[25,43]
g1672(118,804,896,621,304)@[24,43]
g1672(260,325,456,712,795)@[26,35]
g1672(248,549,892,554,150)@[25,33]
g1673(590)@[30,46]
g1674(593)@[7,10]
g1672(84,811,850,582,226)@[4,48]
g1672(577,806,580,412,807)@[3,7]
g1673(278)@[3,45]
g1672(424,558,824,651,759)@[20,25]
g1673(456)@[25,48]
g1673(93)@[29,31]
g1674(845)@[13,39]
g1672(547,147,770,765,888)@[42,48]
g1672(172,700,569,381,497)@[9,44]
g1674(176)@[33,44]
g1672(801,360,737,363,659)@[32,42]
g1672(138,458,836,808,428)@[0,40]
g1672(278,329,319,766,406)@[38,47]
g1672(91,328,735,688,560)@[8,12]
g1673(685)@[7,44]
g1672(326,328,679,743,72)@[2,34]
g1672(219,91,889,381,117)@[14,32]
g1672(786,741,76,404,125)@[5,17]
g1672(856,191,874,198,341)@[6,46]
g1674(381)@[2,14]
g1672(273,692,466,679,766)@[23,47]
g1672(57,163,749,829,408)@[0,14]
g1673(878)@[5,18]
g1672(383,255,696,588,256)@[6,25]
g1672(462,648,196,690,137)@[20,38]
g1672(519,881,112,281,262)@[32,41]
g1672(31,121,792,108,280)@[0,9]
g1672(340,258,829,195,426)@[11,43]
g1672(544,26,418,588,621)@[3,10]
g1672(122,158,277,512,229)@[34,40]
g1674(176)@[3,20]
g1672(369,45,596,783,419)@[6,31]
g1673(750)@[2,47]
g1672(106,870,905,459,484)@[32,39]
g1672(445,52,399,426,694)@[14,22]
g1672(7,471,108,197,316)@[35,44]
g1673(856)@[0,21]
g1672(708,125,758,34,480)@[26,30]
g1672(450,772,543,191,485)@[34,43]
g1672(126,578,459,287,629)@[22,30]
g1672(172,526,440,161,11)@[23,45]
g1672(26,424,186,553,736)@[28,38]
g1672(760,335,519,553,139)@[9,28]
g1672(56,380,547,537,802)@[7,45]
g1672(683,611,267,448,230)@[19,30]
g1672(668,373,892,42,910)@[8,13]
g1672(284,268,343,454,252)@[2,34]
g1672(607,107,446,592,768)@[34,45]
g1672(218,55,379,295,135)@[37,40]
g1672(862,803,586,613,377)@[17,23]
g1672(629,213,202,186,429)@[21,24]
g1672(623,624,789,597,177)@[22,47]
g1672(457,512,695,501,526)@[0,23]
g1674(389)@[36,38]
g1672(818,618,564,621,828)@[5,37]
g1673(216)@[14,38]
g1672(150,424,210,424,300)@[20,31]
g1672(343,114,821,484,644)@[13,45]
g1672(477,277,897,358,698)@[9,32]
g1672(885,578,619,478,703)@[37,41]
g1674(656)@[5,49]
g1672(722,184,281,642,74)@[39,43]
g1672(421,829,742,193,867)@[23,30]
g1672(710,682,111,634,59)@[17,29]
g1672(85,837,281,342,708)@[7,25]
g1673(741)@[30,34]
g1672(609,286,554,77,133)@[27,36]
g1672(425,735,229,735,615)@[28,48]
g1672(386,803,639,645,610)@[7,38]
g1674(597)@[7,35]
g1672(160,173,396,174,274)@[2,3]
g1672(900,484,414,841,825)@[18,26]
g1673(392)@[19,42]
g1672(520,256,462,760,27)@[16,47]
g1672(115,912,296,64,196)@[40,47]
g1672(225,687,655,341,423)@[0,24]
g1672(904,668,692,845,496)@[1,34]
g1672(70,326,132,580,98)@[12,38]
g1674(719)@[22,30]
g1672(399,452,707,747,61)@[19,32]
g1674(718)@[38,44]
g1672(825,667,397,397,917)@[8,36]
g1672(706,61,637,145,561)@[10,23]
g1672(559,13,155,781,160)@[19,27]
g1672(750,906,903,38,475)@[5,29]
g1672(75,882,416,644,484)@[7,47]
g1672(739,626,675,573,192)@[22,28]
g1672(364,338,130,699,384)@[4,39]
g1672(70,874,82,763,717)@[27,41]
g1672(714,754,427,79,580)@[26,43]
g1673(791)@[11,22]
g1672(710,501,347,483,593)@[2,34]
g1672(371,575,272,727,815)@[22,42]
g1672(651,863,255,761,668)@[6,42]
g1672(508,139,389,9,15)@[10,15]
g1672(890,748,613,385,43)@[33,44]
g1673(446)@[27,38]
g1674(304)@[25,47]
g1672(171,691,378,498,614)@[39,45]
g1673(424)@[26,29]
g1672(390,392,295,350,853)@[30,48]
g1672(460,319,265,363,224)@[19,20]
g1672(657,371,151,502,504)@[21,30]
g1672(658,709,332,860,815)@[30,41]
g1672(703,81,737,389,470)@[29,45]
g1672(861,530,5,444,704)@[29,33]
g1672(640,475,211,14,490)@[38,45]
g1672(52,861,509,146,886)@[5,22]
g1672(37,300,50,586,601)@[18,20]
g1672(101,283,106,431,515)@[15,43]
g1672(793,469,256,456,83)@[5,33]
g1672(645,829,31,350,291)@[18,41]
g1672(485,504,604,732,774)@[7,34]
g1672(433,193,856,401,915)@[10,42]
g1672(34,896,774,243,495)@[9,15]
g1672(842,675,449,107,97)@[26,31]
g1672(508,88,221,708,470)@[4,45]
g1673(832)@[32,33]
g1672(366,904,239,655,228)@[39,49]
g1672(483,451,753,262,41)@[26,49]
g1673(420)@[31,36]
g1672(400,263,320,392,666)@[3,34]
g1674(60)@[20,23]
g1672(160,837,268,365,255)@[1,48]
g1672(274,165,205,734,722)@[18,29]
g1672(825,919,561,356,669)@[17,44]
g1672(427,420,155,874,864)@[1,43]
g1672(133,573,54,457,395)@[4,22]
g1672(462,656,11,309,81)@[16,20]
g1672(386,455,224,497,528)@[8,46]
g1672(750,533,877,501,286)@[1,7]
g1672(375,646,789,786,405)@[21,43]
g1672(470,826,650,357,494)@[29,48]
g1672(707,355,560,659,105)@[23,39]
g1672(224,78,36,157,594)@[0,20]
g1672(597,707,547,442,771)@[18,49]
g1672(279,859,242,789,832)@[14,30]
g1672(137,466,683,457,851)@[2,37]
g1672(901,531,680,80,114)@[19,47]
g1672(456,377,750,841,534)@[5,42]
g1672(566,812,67,408,228)@[22,28]
g1673(276)@[15,48]
g1673(745)@[19,42]
g1672(735,893,613,78,427)@[44,47]
g1673(434)@[4,27]
g1672(324,110,67,804,25)@[6,14]
g1673(642)@[33,37]
g1673(628)@[1,20]
g1672(298,716,482,19,252)@[38,41]
g1672(164,808,183,476,806)@[27,36]
g1672(856,661,624,240,541)@[5,8]
g1672(806,326,861,221,563)@[45,49]
g1672(587,680,68,289,496)@[11,28]
g1672(240,383,13,741,218)@[7,24]
g1672(195,835,43,133,421)@[28,46]
g1674(501)@[2,13]
g1672(155,284,423,227,421)@[11,20]
g1672(330,179,187,323,634)@[6,46]
g1672(916,783,600,197,742)@[2,11]
g1672(178,302,471,136,735)@[38,40]
g1673(346)@[10,23]
g1672(411,142,285,11,588)@[1,23]
g1672(693,220,335,730,206)@[11,30]
g1672(65,853,914,499,626)@[43,44]
g1672(311,495,403,467,121)@[4,25]
g1672(311,292,183,914,777)@[48,49]
g1673(500)@[4,30]
g1673(618)@[32,39]
g1672(221,787,143,790,326)@[9,15]
g1672(771,24,872,68,604)@[3,23]
g1672(580,742,882,583,847)@[1,25]
g1672(345,450,127,710,37)@[6,15]
g1672(194,80,126,544,645)@[13,20]
g1673(134)@[1,33]
g1672(357,919,904,562,460)@[2,3]
g1672(106,414,232,866,49)@[13,45]
g1672(619,184,875,681,491)@[24,32]
g1672(341,295,739,51,771)@[21,23]
g1672(537,721,807,301,675)@[1,27]
g1672(782,620,274,800,729)@[13,29]
g1673(411)@[0,11]
g1672(205,844,266,101,434)@[11,15]
g1672(462,218,451,623,323)@[2,11]
g1672(134,148,417,761,105)@[34,39]
g1672(918,895,745,557,437)@[12,31]
g1672(822,624,891,267,712)@[25,46]
g1672(838,470,578,212,315)@[5,47]
g1672(503,159,373,653,302)@[18,33]
g1672(686,849,282,147,173)@[11,28]
g1674(750)@[6,17]
g1674(54)@[8,33]
g1672(849,772,446,661,454)@[19,35]
g1672(186,108,183,48,40)@[15,45]
g1672(39,134,814,447,854)@[7,20]
g1672(44,562,79,604,398)@[19,20]
g1672(265,23,46,41,198)@[23,34]
g1672(163,789,65,630,365)@[29,30]
g1674(160)@[1,23]
g1672(412,447,642,113,737)@[8,9]
g1672(49,760,605,607,657)@[33,38]
g1672(763,425,325,165,346)@[14,36]
g1672(425,613,344,784,300)@[25,39]
g1672(699,396,737,533,617)@[3,46]
g1672(97,83,739,661,257)@[4,18]
g1673(347)@[19,22]
g1672(678,491,649,467,901)@[25,31]
g1673(720)@[0,2]
g1672(728,406,913,496,68)@[23,38]
g1674(855)@[4,25]
g1672(779,384,590,80,864)@[3,29]
g1672(242,377,433,201,754)@[18,39]
g1672(187,769,185,128,288)@[37,38]
g1672(9,504,405,897,832)@[11,28]
g1672(322,655,409,177,726)@[6,48]
g1672(211,117,914,412,753)@[38,41]
g1672(546,720,223,341,773)@[15,28]
g1672(357,747,446,116,332)@[0,10]
g1673(84)@[18,22]
g1672(810,130,610,894,696)@[17,47]
g1672(132,229,165,292,755)@[15,16]
g1672(420,848,221,850,628)@[23,47]
g1672(722,587,392,762,432)@[8,29]
g1672(152,460,243,158,566)@[8,46]
g1672(71,575,370,776,472)@[15,44]
g1673(460)@[11,26]
g1672(289,570,289,827,848)@[27,42]
g1672(244,624,648,291,505)@[11,33]
g1672(250,177,908,882,809)@[16,23]
g1672(893,323,415,330,793)@[12,36]
g1672(508,764,5,31,53)@[32,34]
g1672(662,188,49,919,742)@[11,41]
g1672(631,430,843,723,161)@[17,36]
g1674(738)@[9,42]
g1672(440,318,359,225,325)@[22,25]
g1672(77,236,667,191,384)@[20,38]
g1672(274,104,292,686,283)@[21,44]
g1674(156)@[0,16]
g1672(373,392,508,407,244)@[34,46]
g1674(178)@[37,44]
g1672(668,108,36,883,36)@[2,47]
g1674(724)@[21,29]
g1672(355,635,580,834,458)@[22,34]
g1672(830,488,828,626,760)@[16,30]
g1674(31)@[6,29]
g1672(241,373,747,275,655)@[33,47]
g1672(362,884,39,146,502)@[21,45]
g1672(25,845,225,74,900)@[17,31]
g1672(892,738,493,191,637)@[26,32]
g1674(388)@[1,19]
g1672(702,390,73,193,156)@[25,35]
g1673(547)@[5,31]
g1672(826,818,327,109,229)@[6,38]
g1672(270,835,692,429,627)@[30,47]
g1672(903,645,909,274,344)@[16,49]
g1672(87,155,20,831,262)@[29,40]
g1672(890,338,462,676,500)@[12,48]
g1672(335,531,36,371,353)@[22,30]
g1674(500)@[20,28]
g1674(815)@[8,35]
g1672(880,88,132,901,905)@[2,35]
g1673(401)@[17,25]
g1672(690,312,821,439,699)@[0,44]
g1672(647,908,56,684,240)@[2,6]
g1672(789,618,756,723,673)@[19,26]
g1672(612,577,521,883,265)@[19,37]
g1672(697,185,183,624,571)@[19,25]
g1673(213)@[19,25]
g1672(336,729,909,775,445)@[1,34]
g1672(499,159,148,694,441)@[21,49]
g1672(614,909,278,342,883)@[30,33]
g1673(520)@[18,33]
g1672(783,469,761,304,535)@[16,31]
g1672(17,539,818,705,829)@[39,42]
g1672(426,32,807,290,435)@[27,29]
g1672(65,55,736,65,511)@[3,37]
g1673(896)@[34,39]
g1673(491)@[8,33]
g1672(621,38,607,351,868)@[13,25]
g1672(791,601,116,434,439)@[25,26]
g1672(336,142,249,40,621)@[20,38]
g1672(140,212,522,173,151)@[31,32]
g1672(145,169,804,351,138)@[10,44]
g1672(410,333,631,780,268)@[6,23]
g1672(762,455,284,123,684)@[17,19]
g1672(600,371,200,260,431)@[12,25]
g1672(436,229,691,731,793)@[12,24]
g1672(467,553,39,297,858)@[40,49]
g1672(801,464,412,507,398)@[23,34]
g1672(586,485,5,30,791)@[34,42]
g1672(639,859,65,74,471)@[16,27]
g1672(487,505,861,26,542)@[6,17]
g1672(576,161,748,140,780)@[31,35]
g1672(906,417,878,524,561)@[21,22]
g1672(462,21,836,120,722)@[4,10]
g1674(395)@[17,27]
g1672(832,636,750,232,841)@[26,30]
g1672(65,351,296,413,309)@[10,18]
g1673(377)@[10,14]
g1672(668,257,395,647,494)@[16,43]
g1672(500,402,321,76,82)@[14,35]
g1672(758,698,200,335,755)@[5,20]
g1672(473,210,252,122,755)@[3,6]
g1673(298)@[2,17]
g1672(265,695,180,644,472)@[33,49]
g1672(377,717,485,781,319)@[6,42]
g1674(571)@[20,40]
g1672(247,316,610,417,1)@[3,42]
g1672(719,835,609,214,91)@[21,47]
g1672(440,702,811,576,675)@[31,37]
g1672(711,344,755,107,770)@[27,38]
g1673(43)@[28,30]
g1674(135)@[34,39]
g1673(755)@[8,41]
g1673(147)@[6,27]
g1672(252,586,62,19,557)@[7,31]
g1672(398,590,302,449,507)@[2,31]
g1672(270,443,610,190,766)@[19,21]
g1672(164,828,277,556,317)@[10,41]
g1672(12,785,284,527,632)@[15,29]
g1672(265,830,782,271,205)@[40,49]
g1672(645,194,98,44,778)@[29,38]
g1672(758,75,25,100,784)@[17,49]
g1673(205)@[13,36]
g1672(616,321,901,867,865)@[26,37]
g1672(658,309,55,733,234)@[8,22]
g1673(353)@[7,14]
g1672(183,417,201,298,130)@[9,12]
g1672(208,70,549,463,768)@[17,26]
g1672(32,160,299,462,897)@[7,14]
g1674(121)@[11,27]
g1672(909,778,101,266,884)@[18,49]
g1672(41,134,520,364,134)@[38,44]
g1672(595,665,98,839,836)@[39,46]
g1673(703)@[23,28]
g1672(228,638,561,329,70)@[18,38]
g1672(27,814,235,481,411)@[1,8]
g1672(765,727,733,316,875)@[9,48]
g1672(444,539,839,342,907)@[16,38]
g1674(289)@[39,45]
g1674(455)@[5,26]
g1673(368)@[45,49]
g1672(348,142,796,641,614)@[5,34]
g1672(170,181,693,443,89)@[19,30]
g1672(465,707,612,54,266)@[15,32]
g1672(681,738,701,509,793)@[0,17]
g1672(93,789,200,245,191)@[13,24]
g1672(339,507,342,218,286)@[31,42]
g1672(173,180,191,654,213)@[18,46]
g1673(456)@[37,47]
g1672(145,823,290,808,399)@[16,49]
g1672(840,670,748,95,538)@[28,46]
g1673(872)@[16,28]
g1672(587,734,750,16,563)@[2,36]
g1674(99)@[0,19]
g1672(419,21,818,497,617)@[31,34]
g1672(284,119,623,229,324)@[18,48]
g1672(488,272,578,818,544)@[25,27]
g1672(783,716,502,776,456)@[21,28]
g1672(326,115,417,880,896)@[8,36]
g1672(632,358,507,838,166)@[16,26]
g1673(454)@[0,3]
g1672(387,739,512,547,520)@[32,34]
g1672(565,774,787,4,382)@[16,46]
g1672(26,153,572,437,392)@[3,49]
g1672(757,753,352,432,664)@[19,28]
g1672(407,369,373,372,164)@[8,32]
g1672(643,543,303,799,579)@[6,13]
g1672(430,364,146,854,465)@[32,36]
g1672(206,751,356,487,129)@[29,37]
g1672(667,75,16,868,40)@[8,15]
g1674(825)@[15,21]
g1672(788,97,410,808,172)@[1,36]
g1672(79,190,358,352,238)@[8,15]
g1674(831)@[1,2]
g1674(207)@[8,25]
g1673(914)@[18,42]
g1672(58,22,106,85,549)@[10,35]
g1673(251)@[0,25]
g1672(532,62,776,306,818)@[4,19]
g1672(724,294,911,212,532)@[2,27]
g1672(712,244,479,38,216)@[22,37]
g1672(565,8,391,797,508)@[1,44]
g1672(199,259,852,291,507)@[19,30]
g1672(846,539,376,616,425)@[40,47]
g1672(389,482,116,571,142)@[45,46]
g1672(549,95,26,544,57)@[17,49]
g1672(559,221,98,511,436)@[36,38]
g1672(482,513,122,448,600)@[13,48]
g1672(829,32,379,41,736)@[2,17]
g1672(54,814,823,443,437)@[14,21]
g1672(1,724,36,338,457)@[38,47]
g1672(445,913,424,878,186)@[38,49]
g1672(620,434,79,136,157)@[16,19]
g1674(441)@[29,31]
g1672(43,729,867,366,382)@[33,47]
g1672(378,328,683,106,891)@[31,40]
g1672(112,674,402,529,277)@[28,44]
g1673(824)@[10,42]
g1673(267)@[20,37]
g1673(658)@[24,31]
g1672(622,250,123,659,212)@[13,47]
g1672(198,639,158,843,691)@[9,39]
g1672(892,451,311,88,787)@[0,1]
g1672(631,20,163,327,74)@[7,45]
g1672(108,322,831,268,126)@[28,37]
g1672(854,328,382,156,444)@[29,31]
g1672(386,213,873,177,207)@[24,27]
g1672(67,237,279,50,274)@[33,39]
g1672(612,759,847,357,59)@[35,44]
g1673(573)@[6,46]
g1674(183)@[21,48]
g1672(732,102,354,755,389)@[8,30]
g1672(426,567,889,404,136)@[6,37]
g1672(825,263,734,832,849)@[4,34]
g1672(754,702,314,720,847)@[10,27]
g1672(252,871,308,27,261)@[27,42]
g1673(828)@[12,39]
g1672(338,453,375,508,312)@[23,43]
g1673(636)@[28,37]
g1673(530)@[37,39]
g1672(474,857,440,231,720)@[13,46]
g1672(224,907,75,726,881)@[29,40]
g1673(351)@[21,26]
g1672(135,654,55,477,29)@[45,47]
g1672(241,422,119,60,792)@[11,15]
g1672(293,415,22,117,53)@[22,29]
g1672(711,14,50,345,499)@[19,29]
g1672(316,746,176,590,872)@[16,35]
g1672(330,479,474,436,495)@[40,44]
g1672(438,23,262,437,146)@[29,33]
g1672(679,65,441,120,591)@[32,49]
g1674(856)@[26,48]
g1673(150)@[9,38]
g1672(438,461,704,362,828)@[9,10]
g1674(211)@[19,42]
g1673(292)@[2,41]
g1674(306)@[27,38]
g1672(274,300,240,491,123)@[30,33]
g1672(329,480,612,91,145)@[0,40]
g1672(693,518,253,682,5)@[2,22]
g1674(485)@[34,46]
g1672(853,457,906,756,834)@[35,39]
g1672(638,619,420,706,657)@[15,47]
g1672(855,103,609,59,875)@[11,41]
g1672(628,537,196,771,578)@[7,22]
g1673(406)@[8,33]
g1672(764,590,188,717,612)@[25,31]
g1672(286,56,313,869,42)@[2,8]
g1672(826,782,14,839,467)@[9,37]
g1672(559,228,489,240,477)@[26,38]
g1672(652,528,423,891,279)@[25,42]
g1672(668,397,247,827,187)@[0,1]
g1673(649)@[1,27]
g1672(826,623,823,729,250)@[10,41]
g1674(66)@[16,49]
g1672(771,752,626,861,547)@[4,42]
g1672(387,571,693,525,880)@[1,42]
g1672(264,679,889,309,534)@[3,16]
g1673(200)@[35,46]
g1672(361,205,877,43,527)@[14,18]
g1672(306,171,861,816,795)@[9,45]
g1672(135,84,182,518,101)@[2,42]
g1672(899,889,810,56,157)@[18,25]
g1673(374)@[4,42]
g1672(713,875,817,772,442)@[3,5]
g1672(276,263,114,730,887)@[28,33]
g1673(815)@[43,46]
g1672(637,898,589,197,60)@[15,28]
g1672(779,189,858,256,878)@[22,29]
g1672(437,448,124,738,587)@[16,22]
g1672(430,40,480,765,380)@[3,23]
g1674(42)@[19,20]
g1674(716)@[32,44]
g1672(324,838,352,151,891)@[29,49]
g1672(410,310,339,744,896)@[40,43]
g1673(731)@[9,34]
g1672(532,820,163,433,516)@[42,49]
g1672(166,224,805,815,723)@[8,49]
g1673(857)@[25,41]
g1673(432)@[21,45]
g1672(190,319,844,477,351)@[1,23]
g1672(1,58,873,691,106)@[41,48]
g1673(458)@[11,21]
g1672(913,870,312,253,639)@[5,11]
g1672(175,867,712,104,191)@[33,35]
g1673(382)@[30,46]
g1672(125,577,720,672,111)@[7,24]
g1672(426,637,209,567,29)@[10,25]
g1674(452)@[7,39]
g1673(441)@[8,23]
g1672(787,438,201,289,293)@[26,30]
g1672(760,858,651,496,889)@[15,28]
g1673(161)@[25,45]
g1672(325,812,528,307,677)@[33,37]
g1672(40,123,864,140,0)@[9,32]
g1673(102)@[14,45]
g1672(381,111,683,624,133)@[20,24]
g1672(602,492,716,531,571)@[8,38]
g1672(250,270,756,182,456)@[32,41]
g1673(67)@[7,26]
g1672(616,138,506,836,494)@[0,12]
g1672(805,749,884,229,208)@[14,29]
g1673(897)@[1,37]
g1672(227,596,237,103,373)@[22,38]
g1672(865,900,213,273,483)@[41,45]
g1672(234,528,728,830,429)@[14,49]
g1673(528)@[8,36]
g1673(178)@[18,32]
g1672(400,757,469,613,230)@[36,38]
g1673(801)@[8,23]
g1672(373,761,533,256,889)@[1,12]
g1672(768,749,135,25,243)@[2,36]
g1672(150,411,278,664,202)@[34,35]
g1673(368)@[3,21]
g1672(603,797,206,442,844)@[15,41]
g1672(351,619,565,883,698)@[23,26]
g1672(590,1,353,662,167)@[43,48]
g1672(410,53,359,512,265)@[8,39]
g1672(806,338,383,598,728)@[4,30]
g1672(242,97,505,705,823)@[11,18]
g1674(885)@[8,23]
g1672(664,599,188,379,570)@[0,38]
g1674(113)@[1,11]
g1672(194,321,91,858,701)@[6,11]
g1672(716,767,2,83,306)@[41,43]
g1673(328)@[14,46]
g1672(318,776,262,409,320)@[36,47]
g1672(408,558,102,308,601)@[9,21]
g1672(915,540,394,521,737)@[31,45]
g1674(541)@[2,20]
g1672(478,450,331,705,5)@[29,34]
g1672(103,189,602,173,531)@[5,27]
g1672(48,326,268,557,172)@[13,31]
g1674(289)@[24,47]
g1673(103)@[20,40]
g1672(791,174,373,649,779)@[13,40]
g1672(411,706,482,121,533)@[25,47]
g1672(619,275,575,533,814)@[29,34]
g1672(582,502,596,479,896)@[42,49]
g1672(614,195,376,849,499)@[0,45]
g1673(157)@[15,37]
g1672(747,398,320,524,502)@[14,39]
g1672(883,447,128,410,372)@[12,13]
g1672(228,577,142,859,413)@[24,47]
g1673(89)@[42,48]
g1672(608,593,561,526,177)@[2,36]
g1673(346)@[21,41]
g1672(911,584,46,719,502)@[34,35]
g1672(366,522,549,730,876)@[32,45]
g1672(332,561,321,475,699)@[9,32]
g1672(806,847,682,891,695)@[28,42]
g1672(431,116,776,481,245)@[18,20]
g1672(867,449,36,170,739)@[22,29]
g1674(543)@[7,22]
g1674(754)@[2,9]
g1672(832,400,70,803,541)@[29,32]
g1672(228,781,535,868,584)@[11,15]
g1672(731,729,497,502,381)@[18,35]
g1672(466,123,702,222,664)@[23,25]
g1672(631,573,367,271,424)@[19,29]
g1674(688)@[15,37]
g1674(116)@[17,34]
g1672(626,717,58,545,185)@[39,41]
g1672(66,590,478,435,179)@[9,14]
g1674(724)@[16,33]
g1672(300,700,122,535,483)@[24,33]
g1672(529,84,559,519,273)@[35,42]
g1674(303)@[23,48]
g1672(298,824,490,188,668)@[10,43]
g1672(669,55,187,173,211)@[36,44]
g1672(336,302,200,845,879)@[5,26]
g1672(757,270,90,715,165)@[11,47]
g1672(408,912,873,143,839)@[13,36]
g1672(630,525,210,297,764)@[15,45]
g1672(134,589,369,351,454)@[11,44]
g1673(664)@[4,7]
g1672(766,589,686,177,196)@[19,36]
g1674(419)@[2,47]
g1673(180)@[11,17]
g1674(478)@[42,45]
g1672(763,247,643,202,581)@[21,33]
g1672(313,881,660,526,605)@[24,41]
g1672(653,715,268,182,775)@[1,2]
g1672(273,900,63,726,612)@[26,46]
g1672(372,280,810,406,837)@[3,49]
g1672(339,432,17,785,58)@[8,22]
g1672(435,869,296,150,321)@[1,46]
g1672(525,172,658,177,508)@[16,29]
g1672(289,33,688,60,288)@[10,49]
g1672(460,505,670,529,400)@[29,33]
g1672(869,45,57,607,895)@[22,26]
g1672(45,653,142,47,905)@[36,41]
g1672(863,426,355,111,88)@[2,17]
g1672(16,556,723,115,656)@[11,41]
g1672(177,96,578,283,391)@[24,33]
g1672(354,398,842,646,803)@[12,27]
g1673(132)@[14,26]
g1672(832,334,314,868,326)@[5,26]
g1672(362,751,810,22,401)@[27,30]
g1672(767,671,575,55,731)@[20,44]
g1672(173,713,781,863,350)@[15,18]
g1672(212,268,579,140,82)@[1,4]
g1672(512,797,188,519,676)@[25,38]
g1673(578)@[31,39]
g1672(155,823,514,110,717)@[14,39]
g1672(486,851,563,828,624)@[11,45]
g1672(508,216,824,76,181)@[5,24]
g1672(8,111,784,779,224)@[17,49]
g1672(180,258,174,791,784)@[15,30]
g1672(890,725,58,640,760)@[4,44]
g1672(812,32,738,321,180)@[12,29]
g1672(650,304,458,691,90)@[31,37]
g1673(421)@[26,46]
g1672(681,356,84,403,266)@[16,21]
g1673(414)@[32,48]
g1672(201,75,795,502,705)@[17,19]
g1672(558,17,727,621,355)@[12,22]
g1673(664)@[2,7]
g1674(226)@[10,32]
g1672(105,448,396,488,428)@[30,36]
g1672(339,386,253,368,55)@[4,17]
g1674(392)@[12,30]
g1672(459,851,884,160,249)@[35,36]
g1672(791,214,816,433,144)@[16,23]
g1674(75)@[38,49]
g1672(185,251,519,388,219)@[17,33]
g1672(303,274,653,469,834)@[20,29]
g1672(21,439,796,838,528)@[7,47]
g1674(352)@[11,16]
g1672(891,324,255,455,898)@[30,49]
g1672(505,107,651,145,466)@[12,37]
g1672(60,487,429,529,10)@[21,27]
g1672(703,107,704,512,427)@[26,32]
g1672(115,150,50,623,299)@[16,47]
g1672(466,34,830,166,453)@[3,44]
g1673(780)@[8,23]
g1672(111,132,645,446,375)@[8,28]
g1672(87,577,904,782,627)@[0,13]
g1674(465)@[4,46]
g1672(742,360,865,412,489)@[1,17]
g1672(478,214,819,272,258)@[30,46]
g1672(2,111,895,814,333)@[0,19]
g1672(691,123,625,697,117)@[6,32]
g1672(700,597,237,468,839)@[3,48]
g1672(321,64,669,479,560)@[1,38]
g1672(29,47,314,490,512)@[16,47]
g1672(164,176,321,813,557)@[25,36]
g1672(598,875,182,347,615)@[34,47]
g1672(903,543,160,35,562)@[35,46]
g1672(893,262,330,713,745)@[20,37]
g1672(482,631,23,28,36)@[4,21]
g1672(766,86,903,467,340)@[16,28]
g1672(840,360,238,913,676)@[22,25]
g1672(526,541,833,716,515)@[32,47]
g1672(445,137,505,161,910)@[6,30]
g1672(673,832,565,905,193)@[17,24]
g1673(686)@[5,41]
g1672(305,691,650,64,187)@[11,47]
g1672(845,266,879,682,633)@[2,4]
g1672(328,272,582,616,748)@[5,47]
g1672(516,123,337,610,2)@[41,45]
g1674(450)@[27,49]
g1672(406,294,332,839,497)@[11,40]
g1672(113,715,178,80,290)@[7,31]
g1672(202,731,740,737,649)@[47,48]
g1672(192,415,288,222,709)@[23,25]
g1672(428,107,721,431,316)@[4,28]
g1674(411)@[9,33]
g1673(630)@[19,27]
g1674(296)@[21,44]
g1672(123,539,234,511,96)@[13,45]
g1674(274)@[2,25]
g1672(215,600,137,242,578)@[28,34]
g1672(22,140,136,297,803)@[27,36]
g1672(483,898,771,868,655)@[20,30]
g1673(536)@[36,43]
g1673(44)@[43,49]
g1672(376,676,803,879,740)@[24,31]
g1673(275)@[40,49]
g1674(74)@[2,15]
g1672(205,406,565,309,344)@[8,38]
g1673(679)@[13,34]
g1672(562,91,435,248,199)@[23,35]
g1672(601,442,772,409,365)@[2,15]
g1672(303,44,754,192,756)@[12,40]
g1672(453,53,286,251,816)@[11,38]
g1672(183,721,630,306,903)@[4,24]
g1672(193,727,146,489,99)@[22,37]
g1672(197,720,183,324,380)@[4,30]
g1672(513,471,306,299,688)@[13,24]
g1672(413,371,364,765,711)@[31,49]
g1672(455,798,155,784,122)@[26,28]
g1672(583,626,587,244,670)@[21,47]
g1672(654,516,840,756,784)@[23,36]
g1672(566,262,440,662,632)@[5,40]
g1672(326,772,395,171,43)@[24,47]
g1672(456,421,825,134,643)@[19,35]
g1672(403,849,213,148,448)@[42,47]
g1674(153)@[8,22]
g1673(855)@[9,33]
g1672(665,77,2,383,890)@[9,40]
g1672(288,104,205,566,762)@[5,48]
g1674(619)@[22,33]
g1672(667,200,63,626,323)@[34,41]
g1672(237,174,677,489,205)@[1,48]
g1672(392,257,862,211,860)@[2,4]
g1672(6,148,784,212,260)@[12,42]
g1672(469,186,754,289,838)@[45,48]
g1672(183,277,214,416,353)@[44,45]
g1672(635,678,660,225,648)@[12,42]
g1673(900)@[24,44]
g1672(720,679,447,675,266)@[32,33]
g1672(888,615,693,181,329)@[43,46]
g1672(176,597,610,874,832)@[9,16]
g1672(537,202,146,395,39)@[0,2]
g1673(649)@[20,31]
g1672(681,776,145,500,825)@[7,34]
g1673(195)@[9,30]
g1672(592,888,588,744,136)@[34,38]
g1672(423,809,250,573,394)@[12,27]
g1672(108,898,410,373,848)@[19,26]
g1672(649,241,645,40,421)@[23,42]
g1673(611)@[32,46]
g1672(44,799,697,786,394)@[8,28]
g1672(743,548,586,223,632)@[37,49]
g1672(628,497,857,212,358)@[20,34]
g1673(755)@[9,44]
g1672(224,576,535,888,631)@[26,33]
g1672(149,364,77,433,703)@[38,45]
g1672(135,128,631,225,564)@[2,30]
g1672(660,530,616,783,89)@[13,23]
g1672(827,18,179,615,276)@[46,48]
g1672(651,518,455,239,505)@[34,37]
g1672(438,415,570,803,124)@[14,26]
g1672(465,10,481,423,849)@[27,33]
g1672(499,643,602,90,188)@[21,30]
g1672(518,842,208,235,387)@[34,40]
g1672(396,299,4,514,27)@[11,49]
g1672(881,787,773,103,507)@[13,46]
g1672(114,376,2,830,614)@[15,36]
g1672(167,462,913,816,426)@[14,48]
g1673(465)@[12,40]
g1672(684,561,840,225,84)@[31,32]
g1672(604,597,86,493,505)@[8,29]
g1672(405,183,368,132,384)@[31,41]
g1672(201,355,422,78,119)@[35,40]
g1672(439,598,126,23,47)@[6,31]
g1672(162,267,239,855,717)@[21,27]
g1672(489,843,241,665,742)@[3,8]
g1672(92,822,358,287,219)@[28,47]
g1672(373,387,803,482,5)@[2,29]
g1673(381)@[11,21]
g1672(428,778,676,257,84)@[6,14]
g1673(268)@[9,32]
g1672(228,494,559,601,820)@[4,10]
g1672(269,467,215,88,188)@[22,25]
g1674(705)@[7,11]
g1672(199,454,371,910,722)@[17,21]
g1672(783,66,245,285,161)@[38,45]
g1673(420)@[6,28]
g1672(468,253,117,599,910)@[17,29]
g1672(328,89,757,525,116)@[3,34]
g1672(505,781,54,845,791)@[18,38]
g1673(446)@[5,36]
g1672(744,150,761,344,839)@[3,7]
g1672(894,248,195,232,393)@[30,37]
g1674(762)@[15,19]
g1672(43,112,115,78,424)@[4,31]
g1672(213,207,550,905,100)@[22,48]
g1672(568,369,713,153,551)@[1,48]
g1672(442,33,773,163,262)@[30,46]
g1672(541,425,674,432,369)@[26,45]
g1672(179,663,752,353,97)@[34,49]
g1672(379,556,629,756,360)@[17,22]
g1672(243,300,64,860,816)@[2,13]
g1674(33)@[10,35]
g1674(901)@[5,15]
g1673(626)@[9,21]
g1672(682,162,433,201,632)@[22,27]
g1672(101,456,788,218,440)@[15,25]
g1672(418,309,603,598,525)@[2,37]
g1672(824,183,886,120,264)@[13,32]
g1672(460,509,223,373,360)@[9,48]
g1672(213,162,439,509,6)@[13,43]
g1672(106,183,79,883,361)@[2,33]
g1672(170,520,79,143,688)@[5,43]
g1672(111,755,286,327,402)@[8,16]
g1672(539,273,159,856,701)@[12,39]
g1672(574,777,648,444,805)@[25,42]
g1672(461,425,805,318,131)@[17,46]
g1672(273,456,55,411,617)@[30,44]
g1672(435,639,177,472,285)@[9,17]
g1672(847,327,390,18,196)@[15,41]
g1672(483,91,508,222,264)@[40,48]
g1672(687,540,235,200,564)@[32,37]
g1672(129,548,843,356,390)@[8,16]
g1672(122,281,782,177,489)@[11,14]
g1672(10,96,707,749,209)@[1,25]
g1672(325,557,656,428,122)@[22,38]
g1672(661,145,213,537,207)@[25,39]
g1672(230,171,694,575,698)@[15,43]
g1673(660)@[34,41]
g1672(653,847,459,580,368)@[8,46]
g1673(94)@[6,48]
g1672(488,900,668,32,448)@[15,20]
g1672(678,423,39,598,225)@[16,31]
g1672(2,293,896,817,736)@[23,43]
g1672(452,455,533,823,471)@[2,5]
g1672(912,379,577,670,305)@[4,45]
g1674(89)@[37,48]
g1674(570)@[35,36]
g1672(686,527,833,897,100)@[15,29]
g1672(70,746,71,21,914)@[4,9]
g1672(218,337,408,860,335)@[0,19]
g1673(385)@[13,32]
g1672(124,802,898,347,870)@[18,28]
g1674(352)@[4,48]
g1672(681,666,724,269,534)@[43,46]
g1672(605,215,684,238,726)@[12,22]
g1674(201)@[5,43]
g1674(185)@[6,12]
g1672(651,207,511,707,592)@[23,32]
g1672(325,579,299,476,720)@[10,12]
g1672(126,869,755,703,536)@[16,17]
g1672(101,203,501,515,4)@[9,31]
g1672(642,196,261,301,493)@[10,46]
g1673(709)@[17,38]
g1674(16)@[23,39]
g1672(265,830,147,915,352)@[1,22]
g1672(883,919,847,700,784)@[11,31]
g1672(464,715,356,686,53)@[25,36]
g1672(322,672,459,673,596)@[32,49]
g1672(208,781,745,699,521)@[21,29]
g1672(591,148,259,802,431)@[25,39]
g1673(142)@[12,23]
g1672(628,334,544,185,812)@[33,36]
g1672(301,743,841,442,862)@[13,28]
g1672(225,310,222,400,235)@[26,45]
g1672(620,571,845,853,340)@[19,44]
g1672(588,207,56,583,87)@[29,36]
g1672(322,785,89,190,47)@[1,30]
g1672(612,119,394,656,188)@[24,33]
g1672(802,594,533,822,37)@[5,38]
g1672(714,854,10,483,612)@[20,22]
g1672(299,878,901,96,368)@[18,46]
g1672(284,538,249,810,452)@[13,42]
g1672(829,249,422,266,792)@[6,31]
g1672(100,912,374,328,806)@[16,27]
g1672(845,4,696,14,821)@[14,38]
g1672(353,133,915,912,378)@[41,46]
g1672(534,659,229,2,386)@[39,45]
g1672(841,605,754,694,695)@[1,13]
g1672(99,619,258,260,561)@[23,31]
g1672(357,423,680,424,579)@[4,46]
g1672(45,501,490,249,838)@[35,49]
g1673(370)@[34,49]
g1672(155,392,139,785,329)@[24,49]
g1672(785,394,555,96,206)@[9,35]
g1673(512)@[19,49]
g1672(51,816,276,693,83)@[8,22]
g1673(340)@[4,33]
g1672(893,181,753,12,587)@[29,49]
g1672(625,663,890,602,428)@[4,36]
g1672(410,865,848,398,237)@[4,38]
g1673(444)@[8,29]
g1672(879,530,714,259,285)@[10,18]
g1673(44)@[38,48]
g1673(570)@[29,44]
g1672(84,147,304,248,119)@[3,49]
g1672(44,509,110,285,16)@[6,41]
g1672(286,55,799,584,344)@[3,28]
g1672(151,619,273,846,865)@[34,44]
g1673(822)@[31,38]
g1673(556)@[29,40]
g1672(795,457,16,540,275)@[4,44]
g1672(706,659,301,21,192)@[4,45]
g1672(223,351,208,541,740)@[9,45]
g1672(792,42,307,714,678)@[0,18]
g1673(184)@[5,13]
g1673(891)@[0,34]
g1673(2)@[22,37]
g1672(267,20,576,827,108)@[10,38]
g1673(508)@[15,26]
g1673(828)@[2,30]
g1672(8,414,592,3,389)@[9,34]
g1673(351)@[33,41]
g1672(487,594,344,452,665)@[22,29]
g1672(89,329,849,785,897)@[8,36]
g1674(745)@[45,48]
g1672(424,433,597,630,401)@[23,48]
g1673(897)@[11,41]
g1672(745,440,533,57,810)@[6,8]
g1673(283)@[11,41]
g1673(846)@[15,37]
g1673(52)@[39,46]
g1672(451,236,435,720,581)@[7,47]
g1672(250,126,122,372,574)@[42,45]
g1672(60,50,377,267,674)@[1,18]
g1674(98)@[4,36]
g1672(82,692,219,3,804)@[0,12]
g1673(194)@[25,30]
g1674(902)@[16,32]
g1672(314,88,749,503,248)@[3,41]
g1674(709)@[4,39]
g1672(191,312,131,463,85)@[14,36]
g1672(637,629,667,351,731)@[1,18]
g1672(886,34,606,53,553)@[37,41]
g1672(848,297,194,443,78)@[4,9]
g1672(115,100,867,771,532)@[41,44]
g1672(358,198,159,182,324)@[6,35]
g1672(296,165,759,706,34)@[19,48]
g1672(825,13,47,661,258)@[19,30]
g1673(179)@[10,42]
g1672(597,517,526,409,91)@[27,43]
g1672(535,530,153,326,783)@[40,44]
g1672(536,782,824,873,765)@[11,31]
g1672(402,340,184,270,912)@[33,39]
g1672(184,339,423,537,75)@[19,47]
g1672(250,329,283,273,545)@[31,36]
g1672(560,302,155,170,496)@[4,35]
g1672(8,637,670,341,865)@[2,9]
g1672(477,297,93,535,886)@[35,36]
g1672(115,562,803,696,907)@[11,40]
g1673(342)@[2,15]
g1673(382)@[2,40]
g1674(790)@[2,26]
g1672(171,793,412,386,306)@[35,36]
g1672(867,255,615,717,281)@[15,35]
g1674(163)@[32,43]
g1673(638)@[6,18]
g1672(684,598,34,430,664)@[18,49]
g1672(766,560,182,713,422)@[15,40]
g1673(286)@[5,27]
g1673(690)@[47,49]
g1672(896,848,357,538,175)@[3,6]
g1672(158,219,846,194,909)@[12,36]
g1672(910,124,401,572,10)@[3,18]
g1672(429,898,16,343,393)@[4,19]
g1673(143)@[18,46]
g1672(237,830,33,283,726)@[35,40]
g1672(436,472,260,391,470)@[28,38]
g1672(255,366,884,662,538)@[6,13]
g1672(558,787,619,664,902)@[0,26]
g1672(773,607,764,114,64)@[23,47]
g1672(618,904,396,539,609)@[15,38]
g1672(1,297,295,446,463)@[44,48]
g1673(253)@[15,47]
g1672(856,36,828,224,128)@[12,16]
g1672(380,880,694,732,284)@[7,24]
g1673(297)@[3,32]
g1672(398,65,604,721,129)@[1,40]
g1673(189)@[16,26]
g1672(723,769,243,876,260)@[10,16]
g1672(382,435,491,723,71)@[22,36]
g1674(316)@[36,44]
g1672(150,58,692,123,620)@[0,49]
g1673(388)@[10,31]
g1674(276)@[5,36]
g1672(572,70,457,521,524)@[5,18]
g1672(755,3,543,317,530)@[3,42]
g1672(475,420,367,475,89)@[3,7]
g1674(228)@[7,24]
g1672(141,716,902,361,64)@[1,2]
g1672(10,874,191,505,543)@[39,46]
g1672(906,18,400,46,157)@[17,49]
g1672(538,537,845,362,217)@[42,44]
g1672(221,598,514,238,412)@[29,32]
g1672(364,489,287,893,373)@[0,27]
g1672(513,549,107,150,601)@[18,47]
g1673(845)@[23,25]
g1672(748,154,902,247,771)@[21,44]
g1673(910)@[4,20]
g1674(734)@[15,28]
g1672(635,851,493,367,672)@[36,43]
g1672(754,228,53,339,400)@[14,26]
g1672(152,188,319,344,558)@[12,45]
g1672(47,444,29,318,2)@[34,44]
g1673(860)@[9,13]
g1672(814,315,645,478,913)@[33,38]
g1673(690)@[4,29]
g1672(420,893,878,691,27)@[15,39]
g1672(446,19,538,736,905)@[33,37]
g1672(324,393,851,901,690)@[45,48]
g1672(732,689,474,675,36)@[0,19]
g1672(281,512,392,708,429)@[4,46]
g1673(806)@[7,8]
g1672(615,417,426,202,227)@[1,24]
g1672(463,80,340,609,224)@[7,10]
g1672(301,203,182,740,851)@[29,46]
g1672(281,227,44,748,207)@[9,43]
g1672(100,715,451,28,231)@[11,41]
g1673(574)@[15,19]
g1674(86)@[0,44]
g1672(367,345,483,410,631)@[20,31]
g1672(627,397,118,825,258)@[41,48]
g1673(303)@[31,38]
g1673(486)@[0,16]
g1672(402,197,501,320,690)@[45,49]
g1672(290,73,475,728,558)@[15,43]
g1672(861,609,411,633,455)@[6,9]
g1672(224,744,847,180,849)@[9,32]
g1672(294,36,218,183,252)@[20,34]
g1672(343,557,502,897,366)@[31,43]
g1672(207,139,205,309,618)@[13,49]
g1673(626)@[2,46]
g1672(458,57,531,424,678)@[1,25]
g1672(398,686,734,717,573)@[37,40]
g1672(107,563,141,48,561)@[7,25]
g1672(902,455,401,784,829)@[5,39]
g1674(673)@[38,44]
g1673(857)@[10,24]
g1673(195)@[7,10]
g1672(309,44,622,873,826)@[44,49]
g1673(15)@[21,32]
g1672(285,44,815,445,831)@[0,6]
g1672(602,905,541,602,440)@[29,39]
g1672(807,513,514,112,475)@[28,29]
g1673(645)@[11,29]
g1674(639)@[14,49]
g1672(847,271,344,887,81)@[30,32]
g1672(442,615,394,1,187)@[33,45]
g1672(86,446,573,805,573)@[11,26]
g1672(595,899,827,595,665)@[17,37]
g1673(593)@[5,30]
g1672(612,55,716,212,840)@[25,33]
g1672(667,537,601,732,610)@[9,21]
g1674(262)@[15,22]
g1672(285,540,819,781,169)@[24,31]
g1672(207,868,822,724,729)@[34,41]
g1672(836,597,305,241,388)@[3,27]
g1672(540,426,252,681,165)@[32,48]
g1672(100,901,177,719,446)@[9,17]
g1672(670,464,270,733,172)@[8,35]
g1672(892,647,299,249,17)@[15,31]
g1673(89)@[6,38]
g1672(84,103,450,616,683)@[1,4]
g1672(342,800,469,510,276)@[17,48]
g1673(80)@[9,40]
g1672(49,458,40,193,224)@[21,35]
g1672(571,451,62,787,666)@[2,21]
g1672(382,764,906,344,577)@[15,41]
g1672(165,484,30,156,417)@[12,46]
g1672(176,603,656,20,579)@[11,43]
g1672(12,26,409,308,656)@[28,32]
g1674(715)@[3,23]
g1672(15,208,662,82,338)@[1,35]
g1672(500,295,79,239,645)@[16,29]
g1672(622,239,905,161,647)@[39,44]
g1672(163,800,376,200,506)@[18,48]
g1672(776,444,784,112,815)@[9,23]
g1672(276,631,119,357,604)@[8,18]
g1672(472,631,523,889,638)@[9,38]
g1674(51)@[8,39]
g1673(338)@[3,20]
g1672(767,313,799,650,374)@[17,32]
g1672(505,92,170,857,680)@[10,23]
g1673(662)@[41,43]
g1673(434)@[6,44]
g1672(794,714,99,187,82)@[25,46]
g1672(520,806,177,515,468)@[16,23]
g1672(531,20,775,356,841)@[18,44]
g1672(566,496,447,798,12)@[22,31]
g1672(793,894,392,233,243)@[8,28]
g1673(624)@[31,40]
g1672(110,19,751,254,415)@[11,46]
g1672(574,143,452,403,758)@[33,36]
g1674(677)@[20,38]
g1672(174,680,607,743,323)@[6,37]
g1672(671,762,60,117,102)@[2,7]
g1672(604,410,736,57,598)@[8,49]
g1672(270,507,710,307,50)@[4,27]
g1672(724,101,682,699,878)@[9,25]
g1672(718,887,20,19,331)@[37,43]
g1673(688)@[1,15]
g1672(877,127,912,130,900)@[6,9]
g1672(171,725,574,783,631)@[5,25]
g1672(616,678,595,860,113)@[16,40]
g1672(898,724,591,801,536)@[19,21]
g1673(462)@[4,45]
g1672(506,765,60,516,243)@[32,39]
g1672(658,568,384,681,572)@[15,49]
g1672(322,401,244,685,653)@[29,43]
g1672(560,282,356,646,919)@[8,43]
g1672(443,744,486,112,225)@[30,42]
g1672(754,123,15,165,189)@[3,42]
g1672(365,395,593,81,387)@[12,44]
g1672(694,856,406,7,135)@[31,43]
g1674(850)@[18,47]
g1672(255,15,124,510,369)@[7,41]
g1673(865)@[2,49]
g1672(676,714,808,47,315)@[3,4]
g1672(322,857,858,580,568)@[3,7]
g1673(425)@[25,42]
g1672(123,665,855,838,554)@[25,31]
g1672(671,124,869,371,876)@[22,34]
g1673(735)@[8,29]
g1672(917,768,285,287,303)@[9,46]
g1672(282,122,846,185,772)@[5,45]
g1672(222,217,872,146,383)@[32,42]
g1673(879)@[4,28]
g1672(899,679,211,92,508)@[1,13]
g1673(639)@[5,36]
g1672(744,428,596,808,342)@[13,49]
g1672(249,534,414,208,505)@[19,44]
g1672(817,416,453,192,16)@[19,24]
g1672(266,733,516,187,493)@[16,32]
g1672(342,881,667,893,144)@[36,39]
g1672(805,887,618,156,190)@[7,26]
g1672(792,732,721,761,26)@[28,31]
g1672(213,89,72,614,58)@[11,16]
g1672(28,279,450,68,678)@[32,33]
g1672(440,303,821,819,416)@[24,26]
g1672(130,822,338,798,114)@[5,13]
g1672(339,742,474,328,206)@[2,15]
g1673(902)@[13,24]
g1672(511,508,646,507,6)@[18,40]
g1672(679,358,454,529,904)@[43,48]
g1673(467)@[5,29]
g1672(415,584,848,328,120)@[4,5]
g1672(242,273,210,122,159)@[20,47]
g1672(686,906,134,137,674)@[40,49]
g1673(900)@[19,31]
g1672(406,610,128,494,367)@[7,22]
g1672(906,542,418,24,192)@[15,41]
g1672(761,558,641,641,106)@[34,41]
g1672(130,126,384,831,404)@[34,38]
g1672(837,681,808,458,630)@[30,31]
g1674(433)@[28,48]
g1674(885)@[30,32]
g1672(382,842,774,140,326)@[0,18]
g1672(324,624,146,769,906)@[5,13]
g1672(744,154,774,275,308)@[2,3]
g1673(599)@[38,39]
g1672(83,277,832,880,663)@[24,41]
g1673(324)@[1,46]
g1672(439,856,363,558,106)@[45,49]
g1674(380)@[3,7]
g1672(270,60,345,736,438)@[6,19]
g1672(576,738,632,341,213)@[1,38]
g1672(855,738,456,479,152)@[42,46]
g1672(821,164,876,326,185)@[10,43]
g1672(216,460,88,733,78)@[12,45]
g1672(59,490,831,649,655)@[19,27]
g1672(623,565,597,93,880)@[39,44]
g1674(910)@[12,37]
g1672(79,911,666,385,330)@[27,36]
g1672(364,376,873,578,86)@[1,45]
g1672(76,789,779,237,662)@[18,26]
g1673(633)@[18,46]
g1673(258)@[5,14]
g1672(174,762,158,683,495)@[5,47]
g1672(762,228,179,271,633)@[15,22]
g1674(759)@[20,35]
g1672(608,881,192,263,548)@[1,47]
g1672(251,699,706,632,123)@[0,49]
g1672(842,896,650,436,328)@[26,38]
g1672(33,605,850,611,778)@[1,30]
g1672(432,130,39,613,318)@[20,30]
g1672(692,478,359,113,692)@[2,14]
g1672(723,614,533,34,29)@[18,36]
g1672(661,30,173,717,102)@[11,12]
g1672(419,459,880,52,147)@[6,38]
g1672(405,42,756,735,442)@[13,20]
g1672(29,442,33,420,471)@[8,13]
g1672(104,96,588,236,832)@[46,49]
g1672(856,543,261,60,362)@[15,22]
g1673(641)@[41,42]
g1674(226)@[4,24]
g1672(386,608,359,132,64)@[32,44]
g1672(533,146,485,563,878)@[28,39]
g1674(771)@[11,46]
g1672(336,833,107,371,48)@[1,40]
g1672(773,505,248,366,339)@[9,49]
g1672(674,435,174,153,786)@[27,28]
g1674(6)@[27,41]
g1672(431,131,295,160,308)@[22,26]
g1672(261,459,853,176,900)@[38,47]
g1672(724,826,780,323,471)@[12,22]
g1672(819,840,150,570,492)@[33,40]
g1674(206)@[0,23]
g1674(91)@[8,24]
g1672(722,202,422,644,246)@[39,45]
g1672(146,362,314,715,112)@[10,24]
g1673(658)@[18,33]
g1672(238,647,828,192,30)@[24,30]
g1674(796)@[23,25]
g1672(216,406,202,56,873)@[15,45]
g1672(742,109,768,785,794)@[38,47]
g1674(713)@[24,49]
g1672(584,385,524,231,283)@[9,48]
g1672(333,450,806,243,249)@[6,34]
g1672(433,847,736,317,63)@[28,29]
g1672(484,53,624,691,670)@[19,32]
g1673(203)@[30,35]
g1674(220)@[10,42]
g1673(332)@[22,23]
g1672(256,449,129,450,557)@[18,23]
g1672(482,401,556,295,51)@[42,45]
g1672(563,774,829,683,207)@[20,33]
g1672(4,257,518,365,724)@[3,25]
g1672(708,336,699,563,331)@[10,28]
g1673(510)@[22,49]
g1674(178)@[2,30]
g1673(129)@[22,25]
g1672(738,224,488,733,408)@[11,12]
g1674(831)@[9,27]
g1672(219,755,242,640,831)@[30,42]
g1673(242)@[13,19]
g1673(49)@[2,16]
g1673(383)@[35,46]
g1673(564)@[13,39]
g1672(296,195,845,501,583)@[35,43]
g1672(564,663,662,111,516)@[18,20]
g1673(433)@[3,19]
g1672(188,690,811,169,909)@[8,32]
g1673(140)@[2,18]
g1672(121,793,511,465,531)@[8,17]
g1672(370,322,102,304,241)@[20,34]
g1673(228)@[3,19]
g1672(861,636,644,548,633)@[33,38]
g1674(226)@[40,49]
g1672(853,348,637,892,470)@[1,26]
g1672(36,322,679,541,412)@[14,25]
g1672(905,402,6,582,341)@[18,27]
g1672(332,341,271,721,693)@[1,19]
g1672(895,247,158,616,198)@[3,17]
g1672(315,7,10,592,616)@[22,36]
g1672(39,248,286,293,660)@[20,28]
g1672(896,655,476,3,311)@[11,21]
g1674(601)@[8,32]
g1673(845)@[7,25]
g1673(608)@[31,47]
g1672(38,804,85,723,486)@[2,7]
g1673(381)@[0,27]
g1672(864,707,37,631,528)@[8,35]
g1672(191,573,681,450,643)@[5,48]
g1672(270,704,549,900,571)@[36,46]
g1672(395,805,160,802,758)@[31,44]
g1672(149,830,527,699,787)@[41,47]
g1672(52,437,78,587,470)@[30,36]
g1672(98,226,809,890,538)@[5,35]
g1672(10,732,142,752,377)@[41,44]
g1672(417,829,99,97,533)@[4,7]
g1672(246,203,452,657,498)@[10,13]
g1674(483)@[8,27]
g1674(732)@[7,38]
g1672(387,725,592,256,684)@[13,38]
g1674(579)@[21,44]
g1673(788)@[13,40]
g1672(363,603,150,261,439)@[7,45]
g1672(244,339,894,876,152)@[20,28]
g1672(268,107,356,689,723)@[23,40]
g1672(517,418,28,181,531)@[24,29]
g1673(671)@[31,39]
g1673(167)@[26,46]
g1673(431)@[27,40]
g1672(650,391,775,278,667)@[9,19]
g1672(807,281,556,139,229)@[1,36]
g1672(473,69,90,911,911)@[24,26]
g1672(400,740,610,816,869)@[5,8]
g1672(872,557,120,483,690)@[15,24]
g1672(450,26,633,219,381)@[27,37]
g1673(394)@[15,41]
g1672(17,467,126,665,828)@[27,49]
g1672(637,46,425,566,704)@[5,19]
g1673(873)@[11,34]
g1674(855)@[17,28]
g1672(476,137,99,85,154)@[0,36]
g1672(702,910,763,256,405)@[36,41]
g1673(105)@[39,43]
g1672(460,66,294,444,451)@[2,45]
g1673(887)@[4,44]
g1672(780,421,25,796,453)@[11,43]
g1672(11,723,893,383,762)@[6,29]
g1672(269,62,493,487,874)@[22,48]
g1674(12)@[5,16]
g1672(488,74,673,396,658)@[29,45]
g1672(115,843,685,545,740)@[4,48]
g1674(865)@[6,42]
g1672(663,169,606,854,218)@[16,20]
g1672(767,224,279,197,900)@[27,49]
g1672(557,159,775,807,466)@[26,46]
g1672(498,617,36,323,560)@[10,14]
g1672(877,89,844,355,838)@[2,44]
g1672(15,652,616,561,766)@[4,49]
g1672(419,874,565,142,316)@[19,47]
g1672(358,326,833,850,632)@[8,49]
g1673(905)@[11,44]
g1673(745)@[34,45]
g1672(173,314,606,781,778)@[15,34]
g1672(1,146,740,737,139)@[14,34]
g1672(691,313,80,36,768)@[6,9]
g1673(226)@[5,25]
g1672(79,603,402,267,532)@[14,21]
g1672(374,452,4,296,383)@[17,44]
g1672(414,907,441,22,148)@[27,41]
g1673(280)@[6,20]
g1672(136,107,574,675,234)@[25,32]
g1672(2,331,535,595,430)@[20,39]
g1672(570,427,113,874,576)@[31,38]
g1672(723,876,835,747,302)@[24,25]
g1672(321,781,844,155,295)@[7,49]
g1672(9,377,244,352,843)@[11,44]
g1672(686,776,737,581,291)@[26,46]
g1672(31,544,749,664,712)@[12,22]
g1672(812,698,261,700,826)@[2,13]
g1672(324,138,37,321,685)@[10,18]
g1672(89,673,614,242,148)@[0,24]
g1672(475,912,463,132,59)@[35,43]
g1673(384)@[0,45]
g1672(105,560,366,116,692)@[22,30]
g1672(730,201,634,97,344)@[25,36]
g1672(805,640,803,800,111)@[13,44]
g1672(832,577,108,912,430)@[29,32]
g1673(368)@[8,13]
g1672(201,507,649,30,713)@[1,26]
g1672(277,873,363,80,654)@[22,40]
g1672(334,303,462,87,719)@[8,15]
g1672(190,528,436,31,291)@[26,42]
g1673(71)@[16,44]
g1672(296,33,663,605,322)@[32,44]
g1672(458,344,760,9,818)@[10,43]
g1672(260,764,503,227,47)@[14,40]
g1672(684,77,61,336,494)@[17,34]
g1672(675,864,789,733,271)@[45,47]
g1672(123,719,495,121,27)@[21,45]
g1673(25)@[37,47]
g1672(412,741,311,314,302)@[19,46]
g1672(361,882,89,644,659)@[8,22]
g1672(115,702,245,859,352)@[3,9]
g1672(486,857,346,12,306)@[33,36]
g1672(877,51,915,755,482)@[11,26]
g1674(871)@[36,45]
g1673(843)@[28,32]
g1672(715,225,410,499,655)@[15,37]
g1672(620,778,512,846,134)@[10,26]
g1672(900,696,581,305,109)@[39,41]
g1673(905)@[12,30]
g1672(615,99,476,764,797)@[1,42]
g1672(310,560,57,217,662)@[12,28]
g1672(772,856,296,803,61)@[40,49]
g1672(479,549,831,740,505)@[17,33]
g1672(718,744,702,272,627)@[5,40]
g1672(239,818,139,240,123)@[20,37]
g1673(327)@[3,12]
g1673(420)@[10,30]
g1672(808,105,365,203,174)@[12,15]
g1672(284,483,909,276,535)@[3,4]
g1672(690,450,468,128,384)@[28,41]
g1672(198,441,375,274,163)@[11,31]
g1672(592,57,846,415,316)@[27,35]
g1672(83,365,131,616,373)@[23,28]
g1674(548)@[3,42]
g1672(468,363,444,563,338)@[23,44]
g1672(13,222,519,337,324)@[5,43]
g1672(350,839,1,808,62)@[35,40]
g1672(301,625,112,85,194)@[36,43]
g1672(58,223,29,17,811)@[6,19]
g1672(360,224,227,355,682)@[8,36]
g1672(904,515,502,274,173)@[33,40]
g1672(530,663,432,490,242)@[8,16]
g1672(868,389,59,569,70)@[19,27]
g1672(692,71,28,527,766)@[11,48]
g1672(829,342,745,682,670)@[18,34]
g1672(278,651,797,815,412)@[9,27]
g1673(305)@[0,23]
g1673(722)@[32,44]
g1674(755)@[18,40]
g1672(809,20,197,919,52)@[4,6]
g1672(57,544,237,210,303)@[20,41]
g1672(6,726,296,660,58)@[46,49]
g1672(806,683,204,658,723)@[25,30]
g1673(556)@[4,17]
g1672(261,84,363,612,312)@[21,43]
g1672(299,74,786,294,161)@[3,22]
g1674(827)@[5,49]
g1672(182,292,331,511,428)@[1,46]
g1672(869,768,238,761,207)@[15,36]
g1674(784)@[6,21]
g1672(366,514,138,531,441)@[36,45]
g1673(340)@[5,9]
g1672(216,789,374,485,494)@[12,46]
g1674(858)@[32,42]
g1672(685,560,268,820,390)@[36,39]
g1672(323,48,142,289,63)@[0,46]
g1672(612,552,451,565,809)@[28,44]
g1672(502,631,725,813,894)@[3,27]
g1674(337)@[2,44]
g1672(607,619,424,716,527)@[10,42]
g1673(891)@[25,45]
g1672(94,244,569,91,289)@[13,17]
g1672(479,850,27,585,178)@[21,25]
g1672(212,772,685,95,869)@[7,44]
g1673(51)@[2,9]
g1672(781,140,49,696,602)@[0,45]
g1674(406)@[1,11]
g1673(420)@[4,27]
g1672(43,50,26,790,447)@[17,39]
g1672(795,290,887,127,140)@[3,22]
g1674(171)@[0,11]
g1673(463)@[9,39]
g1674(342)@[26,41]
g1672(676,308,434,33,178)@[6,40]
g1674(790)@[5,30]
g1674(362)@[5,38]
g1672(441,133,875,264,908)@[24,44]
g1672(842,23,453,894,825)@[22,38]
g1672(536,697,480,589,169)@[28,40]
g1673(436)@[4,38]
g1672(703,485,409,376,366)@[24,34]
g1674(121)@[10,15]
g1672(120,776,3,504,340)@[1,29]
g1672(200,244,755,659,54)@[7,19]
g1672(56,96,593,811,451)@[10,11]
g1672(696,564,681,698,751)@[15,25]
g1672(720,442,473,228,787)@[25,38]
g1673(703)@[4,20]
g1672(196,295,451,283,417)@[9,19]
g1672(5,850,375,252,880)@[8,46]
g1672(303,751,13,698,685)@[8,41]
g1672(396,610,643,48,760)@[26,48]
g1672(347,748,495,388,425)@[24,32]
g1672(367,336,68,583,251)@[20,42]
g1673(332)@[13,41]
g1672(444,764,864,749,669)@[20,43]
g1672(246,19,409,359,42)@[32,42]
g1672(58,675,152,234,275)@[45,49]
g1672(679,157,76,824,623)@[13,18]
g1672(629,110,148,297,412)@[14,25]
g1672(69,439,806,865,478)@[18,38]
g1673(776)@[34,43]
g1674(335)@[0,47]
g1673(31)@[11,34]
g1674(451)@[10,39]
g1672(674,98,597,667,49)@[17,30]
g1672(736,617,151,93,784)@[18,31]
g1672(336,515,369,918,465)@[32,35]
g1672(828,294,909,423,755)@[42,49]
g1672(142,150,537,765,476)@[29,41]
g1673(918)@[4,9]
g1673(703)@[9,47]
g1672(809,826,262,741,474)@[2,39]
g1673(410)@[20,33]
g1672(872,789,168,902,808)@[25,32]
g1672(444,356,291,447,150)@[44,45]
g1672(772,515,155,46,662)@[35,45]
g1673(776)@[35,46]
g1672(644,119,254,48,194)@[7,23]
g1672(452,373,129,393,154)@[2,6]
g1674(335)@[2,39]
g1672(467,399,547,615,34)@[22,47]
g1673(375)@[11,37]
g1672(764,182,352,112,477)@[9,44]
g1672(216,615,280,4,205)@[15,16]
g1672(480,489,251,401,378)@[19,26]
g1672(267,35,144,681,285)@[4,12]
g1673(331)@[23,39]
g1672(540,664,523,761,725)@[1,12]
g1673(649)@[16,24]
g1672(909,811,643,802,799)@[16,25]
g1673(389)@[6,34]
g1672(915,689,18,103,488)@[0,34]
g1674(362)@[28,31]
g1672(572,295,302,651,553)@[28,31]
g1672(800,630,370,331,609)@[6,30]
g1672(190,815,839,145,500)@[4,37]
g1672(536,728,588,309,449)@[31,45]
g1672(6,335,767,138,417)@[2,18]
g1672(86,190,726,781,371)@[3,17]
g1672(161,94,512,304,201)@[32,36]
g1672(524,228,564,343,394)@[8,13]
g1673(301)@[7,14]
g1672(694,717,765,826,380)@[15,45]
g1672(102,99,36,560,82)@[19,21]
g1674(224)@[14,41]
g1674(507)@[1,2]
g1672(494,613,400,378,591)@[16,35]
g1672(531,427,178,566,7)@[11,24]
g1672(697,766,50,473,840)@[22,29]
g1673(221)@[32,36]
g1673(54)@[16,26]
g1673(283)@[3,34]
g1672(395,604,76,772,22)@[33,43]
g1672(788,730,288,680,490)@[15,45]
g1672(105,145,183,600,385)@[20,40]
g1672(724,79,804,814,391)@[28,30]
g1672(120,551,734,74,186)@[20,38]
g1672(348,250,701,122,741)@[1,7]
g1672(273,645,884,776,119)@[22,24]
g1674(634)@[18,33]
g1672(664,830,65,123,332)@[8,10]
g1672(726,784,74,475,399)@[18,41]
g1673(524)@[0,8]
g1673(902)@[7,10]
g1672(158,725,68,520,531)@[2,43]
g1674(659)@[5,35]
g1673(111)@[28,42]
g1672(653,378,74,511,563)@[23,31]
g1672(200,335,567,19,197)@[32,36]
g1672(297,863,330,175,448)@[2,41]
g1674(877)@[35,39]
g1672(823,909,402,322,41)@[18,49]
g1672(492,854,27,90,814)@[14,27]
g1672(631,312,633,731,781)@[33,40]
g1672(521,55,53,211,860)@[21,47]
g1672(742,711,328,127,326)@[7,43]
g1673(190)@[11,24]
g1672(476,227,497,167,489)@[7,18]
g1672(10,717,624,729,348)@[28,49]
g1672(388,775,74,854,739)@[22,30]
g1672(110,306,549,12,849)@[18,21]
g1672(465,504,38,293,130)@[34,42]
g1672(198,642,829,532,107)@[0,5]
g1672(754,763,394,151,812)@[48,49]
g1672(829,586,150,659,694)@[34,38]
g1673(501)@[26,27]
g1674(124)@[0,26]
g1672(109,879,662,63,61)@[18,25]
g1672(766,362,913,486,838)@[22,31]
g1672(450,522,645,184,879)@[13,45]
g1673(849)@[10,23]
g1672(678,578,785,179,85)@[30,43]
g1672(652,554,661,611,262)@[13,44]
g1672(359,373,552,29,608)@[24,28]
g1672(425,300,473,813,365)@[6,45]
g1672(719,797,5,631,144)@[20,23]
g1672(184,367,439,326,124)@[15,29]
g1672(479,369,328,165,304)@[7,34]
g1672(513,504,359,288,741)@[11,26]
g1673(157)@[2,11]
g1672(919,896,826,644,902)@[4,46]
g1673(181)@[11,34]
g1672(838,486,894,429,718)@[35,48]
g1672(233,245,295,545,249)@[20,47]
g1672(445,733,807,180,734)@[4,6]
g1672(794,517,530,107,253)@[0,45]
g1672(646,209,629,912,702)@[22,39]
g1672(163,705,380,96,894)@[3,22]
g1674(15)@[8,19]
g1674(226)@[5,21]
g1672(381,829,60,278,200)@[9,43]
g1672(3,284,514,479,785)@[25,38]
g1673(205)@[37,43]
g1672(729,53,191,361,387)@[3,29]
g1672(163,385,321,193,895)@[31,39]
g1672(568,106,243,623,34)@[6,36]
g1673(472)@[9,18]
g1674(552)@[18,21]
g1672(888,582,858,130,254)@[8,14]
g1672(810,918,186,371,749)@[2,43]
g1672(676,259,917,5,482)@[17,36]
g1672(506,739,534,294,844)@[28,30]
g1672(479,159,839,97,370)@[20,43]
g1672(724,883,276,913,902)@[19,43]
g1673(165)@[15,22]
g1673(444)@[11,17]
g1673(542)@[43,46]
g1672(799,467,399,417,717)@[11,20]
g1672(124,285,894,707,54)@[12,33]
g1672(424,231,576,895,555)@[9,38]
g1672(447,279,775,668,483)@[0,3]
g1672(598,329,460,914,849)@[5,22]
g1672(315,48,886,768,516)@[28,47]
g1674(177)@[8,39]
g1672(880,244,184,553,858)@[41,44]
g1672(729,805,422,631,90)@[8,43]
g1672(211,908,550,767,460)@[31,32]
g1672(5,275,382,8,564)@[2,28]
g1672(513,640,499,136,852)@[19,39]
g1673(23)@[9,10]
g1672(412,810,325,78,888)@[6,42]
g1672(29,680,544,346,585)@[20,44]
g1672(267,89,634,514,914)@[24,47]
g1673(508)@[33,40]
g1673(915)@[28,48]
g1672(412,0,826,5,328)@[1,45]
g1673(363)@[16,49]
g1672(594,362,241,792,493)@[2,41]
g1672(787,892,863,324,467)@[33,42]
g1673(663)@[25,38]
g1672(900,861,25,556,843)@[15,37]
g1672(751,406,147,616,727)@[5,14]
g1672(902,164,160,69,784)@[26,43]
g1672(7,606,57,544,505)@[0,28]
g1672(187,838,433,244,346)@[14,41]
g1674(734)@[9,32]
g1674(809)@[2,45]
g1672(464,76,783,592,856)@[36,46]
g1673(509)@[16,45]
g1672(281,762,837,202,371)@[27,39]
g1672(426,855,114,295,82)@[4,46]
g1672(820,464,172,9,46)@[30,46]
g1673(254)@[31,46]
g1672(238,171,364,482,824)@[1,41]
g1673(256)@[3,23]
g1672(411,246,887,434,680)@[25,43]
g1672(77,375,364,872,75)@[8,33]
g1672(308,821,768,272,633)@[1,45]
g1672(509,488,384,62,241)@[1,6]
g1673(59)@[11,49]
g1672(323,72,352,872,694)@[13,38]
g1674(56)@[2,6]
g1674(868)@[33,37]
g1672(889,885,22,818,207)@[5,26]
g1672(876,313,395,149,293)@[13,15]
g1672(749,413,326,282,307)@[18,48]
g1672(588,859,500,477,578)@[27,34]
g1672(90,316,856,351,498)@[15,23]
g1673(105)@[19,22]
g1672(31,884,561,400,611)@[19,42]
g1672(44,284,637,266,568)@[37,44]
g1672(605,677,45,426,239)@[31,32]
g1672(540,414,518,878,385)@[10,12]
g1674(94)@[46,48]
g1672(342,672,676,217,24)@[18,25]
g1673(124)@[12,41]
g1672(612,668,267,172,184)@[16,33]
g1672(639,790,647,855,421)@[7,43]
g1674(857)@[12,36]
g1673(583)@[31,32]
g1674(297)@[0,18]
g1672(444,78,119,862,674)@[15,39]
g1673(760)@[12,45]
g1672(786,760,430,813,35)@[36,40]
g1673(517)@[35,49]
g1673(164)@[16,39]
g1672(48,159,324,162,805)@[22,39]
g1673(7)@[17,44]
g1672(666,514,544,674,178)@[17,19]
g1674(59)@[20,43]
g1672(440,552,665,555,615)@[23,35]
g1672(38,475,275,353,833)@[28,48]
g1672(535,345,670,127,368)@[24,30]
g1672(529,616,474,174,218)@[20,22]
g1672(830,726,725,133,755)@[17,19]
g1672(368,172,879,405,840)@[1,37]
g1672(264,839,531,589,611)@[14,22]
g1674(685)@[25,49]
g1672(456,315,567,677,682)@[15,27]
g1672(592,451,186,283,318)@[20,44]
g1673(742)@[0,14]
g1672(397,477,126,826,327)@[5,44]
g1672(37,325,253,291,594)@[5,19]
g1674(527)@[4,20]
g1673(777)@[2,27]
g1672(177,366,443,776,472)@[25,31]
g1672(171,421,625,733,635)@[26,39]
g1672(358,176,207,14,785)@[29,32]
g1673(94)@[10,49]
g1672(573,682,70,72,496)@[17,34]
g1672(365,860,864,873,622)@[27,41]
g1672(905,683,669,474,789)@[29,36]
g1672(806,905,46,260,46)@[1,13]
g1672(178,750,197,13,81)@[10,35]
g1672(52,559,883,633,341)@[27,44]
g1672(682,43,196,71,845)@[10,43]
g1672(237,162,269,382,129)@[25,28]
g1672(88,865,88,719,221)@[30,42]
g1672(688,541,313,434,714)@[30,34]
g1672(100,467,459,802,285)@[25,38]
g1672(433,265,309,472,484)@[29,40]
g1672(354,137,365,783,371)@[30,33]
g1673(579)@[6,11]
g1672(215,907,228,763,851)@[0,27]
g1673(202)@[6,17]
g1674(304)@[9,16]
g1672(261,124,685,131,743)@[24,47]
g1672(233,542,311,915,37)@[9,11]
g1672(527,377,743,134,99)@[36,38]
g1672(806,366,816,25,217)@[27,35]
g1672(361,407,15,383,368)@[4,16]
g1672(387,131,510,287,643)@[11,16]
g1672(82,195,143,703,731)@[3,25]
g1672(491,390,169,684,510)@[20,23]
g1672(223,240,45,891,53)@[14,41]
g1672(701,444,878,477,740)@[6,38]
g1672(55,57,650,808,650)@[4,14]
g1672(845,363,424,45,914)@[34,35]
g1672(89,38,216,228,715)@[0,45]
g1673(838)@[8,18]
g1672(339,529,790,458,141)@[16,42]
g1673(76)@[11,27]
g1673(886)@[39,44]
g1674(822)@[3,31]
g1672(271,824,897,684,592)@[10,35]
g1674(843)@[30,37]
g1673(826)@[20,47]
g1672(296,406,580,786,255)@[25,30]
g1672(792,700,134,558,117)@[38,40]
g1672(408,88,745,309,504)@[6,33]
g1672(283,510,205,95,253)@[3,27]
g1672(443,636,781,758,674)@[1,16]
g1672(583,145,551,541,229)@[1,6]
g1672(652,486,342,871,140)@[5,36]
g1672(130,358,792,191,692)@[14,19]
g1674(241)@[20,22]
g1672(572,327,349,188,768)@[23,28]
g1672(21,575,87,522,54)@[34,41]
g1672(861,819,275,790,399)@[7,43]
g1674(436)@[17,49]
g1672(789,227,436,45,676)@[0,36]
g1673(916)@[1,9]
g1672(176,769,483,137,844)@[29,30]
g1672(341,734,68,700,521)@[8,42]
g1672(872,595,893,100,856)@[14,39]
g1672(780,113,365,805,379)@[16,23]
g1672(838,264,242,627,864)@[10,13]
g1672(612,855,21,436,306)@[8,32]
g1672(750,734,26,503,54)@[18,38]
g1672(357,548,481,555,20)@[38,43]
g1672(480,711,692,536,30)@[5,32]
g1672(915,312,615,660,548)@[8,22]
g1672(302,512,502,477,289)@[45,46]
g1672(470,76,19,459,457)@[23,49]
g1672(174,679,268,613,842)@[2,11]
g1673(908)@[9,19]
g1672(774,458,16,312,797)@[23,25]
g1674(344)@[31,44]
g1672(605,3,202,446,119)@[13,17]
g1672(878,306,405,646,867)@[21,23]
g1672(465,743,334,282,432)@[8,42]
g1672(470,359,898,437,821)@[17,44]
g1672(709,451,184,680,314)@[7,49]
g1672(676,540,69,432,121)@[35,46]
g1672(159,151,878,795,296)@[19,37]
g1672(708,144,137,14,788)@[14,40]
g1672(579,151,707,488,132)@[33,38]
g1672(394,788,896,565,338)@[33,47]
g1672(673,63,357,388,337)@[10,49]
g1672(727,623,477,613,265)@[20,22]
g1672(846,619,574,147,161)@[12,33]
g1672(853,112,588,26,489)@[8,33]
g1673(159)@[16,47]
g1673(555)@[25,45]
g1672(837,357,706,65,543)@[16,32]
g1672(477,862,745,509,706)@[24,38]
g1672(539,169,410,450,180)@[1,8]
g1672(409,371,446,380,565)@[32,45]
g1674(314)@[14,29]
g1672(171,108,406,603,553)@[34,48]
g1672(116,81,470,304,890)@[28,49]
g1673(86)@[32,47]
g1673(348)@[13,19]
g1672(164,704,896,98,886)@[23,47]
g1672(681,396,208,903,0)@[12,24]
g1673(677)@[17,21]
g1673(482)@[34,49]
g1672(787,625,208,61,586)@[11,35]
g1672(47,864,639,13,754)@[3,26]
g1674(32)@[18,31]
g1672(651,106,178,496,181)@[32,46]
g1672(423,27,823,299,482)@[32,47]
g1672(73,457,837,268,391)@[14,23]
g1672(156,895,161,707,613)@[5,20]
g1673(209)@[0,39]
g1672(159,48,588,316,682)@[8,23]
g1672(493,436,869,163,653)@[6,31]
g1672(772,60,474,761,332)@[19,49]
g1672(256,607,902,21,489)@[17,49]
g1672(238,344,96,909,266)@[4,20]
g1673(794)@[27,30]
g1672(356,731,708,464,659)@[3,48]
g1672(243,385,834,518,207)@[22,29]
g1672(421,376,548,790,691)@[16,23]
g1673(99)@[3,14]
g1673(144)@[11,23]
g1672(343,549,112,334,436)@[32,38]
g1672(822,360,308,257,668)@[5,35]
g1673(813)@[24,39]
g1672(281,372,705,35,497)@[31,38]
g1672(188,700,587,387,524)@[44,48]
g1673(399)@[3,35]
g1672(150,716,178,730,316)@[36,44]
g1672(867,689,417,54,401)@[4,47]
g1672(837,577,765,771,327)@[44,48]
g1672(211,725,688,172,203)@[19,26]
g1674(761)@[1,26]
g1672(687,605,294,386,230)@[4,37]
g1673(253)@[15,16]
g1672(0,60,749,800,237)@[12,38]
g1672(780,518,546,232,625)@[12,22]
g1674(864)@[16,34]
g1674(418)@[15,23]
g1673(145)@[32,42]
g1672(429,555,856,804,633)@[5,44]
g1673(182)@[32,38]
g1673(255)@[38,48]
g1672(789,249,639,192,321)@[28,46]
g1672(381,343,844,430,850)@[32,33]
g1673(297)@[2,12]
g1672(332,161,484,416,745)@[21,37]
g1672(91,641,201,432,638)@[16,26]
g1673(413)@[25,44]
g1674(320)@[39,44]
g1672(467,427,591,241,305)@[30,40]
g1672(410,868,249,688,125)@[0,43]
g1672(839,285,787,758,44)@[9,37]
g1672(737,501,745,726,43)@[40,42]
g1672(775,637,309,152,377)@[14,37]
g1672(714,617,319,289,447)@[34,41]
g1672(454,706,581,876,381)@[14,35]
g1674(520)@[11,27]
g1672(206,535,886,289,345)@[27,33]
g1672(200,321,910,352,252)@[19,41]
g1672(263,55,363,113,535)@[3,38]
g1672(478,907,233,879,647)@[34,44]
g1672(671,460,834,500,439)@[19,34]
g1672(221,352,492,598,286)@[5,49]
g1672(739,116,890,360,259)@[3,32]
g1672(307,505,129,212,472)@[6,9]
g1672(719,96,536,907,345)@[5,19]
g1672(495,263,811,113,557)@[14,44]
g1672(345,29,575,132,23)@[3,28]
g1672(70,524,96,425,727)@[26,27]
g1672(342,577,736,306,751)@[11,14]
g1673(27)@[9,32]
g1672(441,479,576,585,570)@[32,44]
g1672(784,323,46,144,376)@[20,30]
g1673(461)@[11,45]
g1672(257,756,632,17,396)@[43,46]
g1672(882,28,271,619,113)@[13,35]
g1673(322)@[26,34]
g1672(193,241,854,3,535)@[12,29]
g1673(168)@[45,46]
g1673(890)@[6,8]
g1672(70,87,722,294,319)@[19,44]
g1672(815,123,435,617,570)@[26,38]
g1672(601,423,683,382,450)@[14,15]
g1672(491,748,820,270,21)@[2,9]
g1673(600)@[3,9]
g1672(672,19,205,227,570)@[20,25]
g1672(641,766,108,245,267)@[25,38]
g1674(455)@[21,47]
g1672(348,185,591,427,261)@[40,45]
g1672(325,759,852,123,648)@[22,37]
g1672(284,624,767,669,18)@[36,41]
g1672(255,135,322,476,99)@[29,31]
g1672(213,339,485,591,681)@[5,14]
g1672(318,97,648,915,251)@[9,12]
g1672(496,733,218,436,847)@[6,47]
g1672(112,298,824,155,742)@[9,31]
g1672(677,450,773,30,488)@[8,22]
g1673(712)@[27,40]
g1672(38,108,876,785,482)@[24,41]
g1672(16,283,902,886,32)@[40,46]
g1672(472,505,527,894,680)@[16,35]
g1674(544)@[12,30]
g1672(150,519,717,405,442)@[28,34]
g1672(180,822,75,195,448)@[44,46]
g1674(873)@[14,23]
g1672(14,709,852,690,528)@[0,10]
g1672(718,539,575,714,280)@[6,21]
g1672(466,113,525,156,479)@[7,43]
g1673(41)@[22,34]
g1672(268,545,615,646,152)@[36,47]
g1672(671,445,520,161,92)@[34,40]
g1673(120)@[9,49]
g1672(690,455,289,330,889)@[31,47]
g1672(226,339,459,761,455)@[33,37]
g1672(476,91,114,10,898)@[39,44]
g1674(646)@[32,36]
g1672(789,485,887,32,164)@[16,48]
g1674(574)@[15,33]
g1672(263,366,209,552,750)@[2,35]
g1672(291,391,744,738,751)@[18,33]
g1672(515,651,70,805,560)@[6,35]
g1672(337,736,807,249,481)@[9,24]
g1672(787,918,301,14,628)@[8,12]
g1672(839,873,266,798,458)@[25,26]
g1672(484,624,695,313,78)@[0,24]
g1672(425,256,39,677,559)@[10,40]
g1673(541)@[32,33]
g1672(906,746,330,91,453)@[28,35]
g1673(292)@[27,46]
g1673(578)@[18,19]
g1673(851)@[46,49]
g1672(408,545,887,222,898)@[40,46]
g1672(215,488,883,484,450)@[3,42]
g1672(903,663,68,668,362)@[7,34]
g1672(121,292,856,241,332)@[28,32]
g1674(136)@[1,49]
g1672(610,241,774,189,861)@[14,45]
g1672(628,669,764,32,329)@[7,49]
g1672(516,83,223,871,183)@[42,49]
g1672(58,869,265,375,6)@[8,27]
g1674(883)@[1,16]
g1672(783,80,521,229,780)@[27,43]
g1672(604,826,694,369,683)@[0,20]
g1672(657,601,762,63,526)@[13,16]
g1672(895,19,426,151,843)@[39,44]
g1672(507,62,601,31,622)@[32,44]
g1672(585,90,95,615,737)@[14,36]
g1672(364,235,85,814,459)@[32,45]
g1673(741)@[2,25]
g1673(634)@[20,45]
g1672(635,524,588,427,16)@[4,20]
g1672(816,391,620,467,789)@[2,25]
g1672(215,269,38,419,562)@[5,13]
g1672(341,393,312,38,84)@[1,41]
g1672(249,451,11,203,905)@[10,27]
g1672(362,119,897,20,830)@[8,48]
g1672(401,434,792,907,384)@[0,16]
g1672(303,61,462,249,358)@[42,43]
g1672(162,318,184,712,792)@[11,38]
g1672(517,792,185,676,613)@[7,44]
g1674(901)@[25,28]
g1674(693)@[6,27]
g1673(40)@[26,37]
g1672(657,73,568,299,551)@[5,11]
g1673(812)@[22,41]
g1672(631,544,704,5,387)@[8,21]
g1672(293,148,302,654,691)@[30,31]
g1672(219,85,331,310,801)@[6,47]
g1673(751)@[3,26]
g1672(834,827,648,202,903)@[19,28]
g1672(445,176,559,139,12)@[14,18]
g1672(295,697,55,467,84)@[44,46]
g1674(283)@[21,48]
g1673(239)@[14,18]
g1672(851,908,50,777,363)@[7,47]
g1672(825,1,173,399,109)@[7,20]
g1672(669,716,870,447,252)@[23,39]
g1672(591,516,815,558,741)@[31,33]
g1672(802,340,738,436,124)@[40,41]
g1673(835)@[0,28]
g1672(175,510,831,816,881)@[16,40]
g1672(36,271,130,17,495)@[8,43]
g1672(541,493,811,191,252)@[4,23]
g1672(852,527,108,250,118)@[8,36]
g1672(623,670,121,234,270)@[12,34]
g1672(48,304,87,393,363)@[22,25]
g1673(576)@[39,46]
g1672(335,292,108,608,229)@[0,39]
g1672(326,854,160,756,442)@[37,49]
g1672(491,508,545,49,777)@[14,38]
g1672(7,857,820,191,436)@[30,31]
g1672(557,248,669,759,231)@[13,16]
g1672(210,867,212,396,582)@[5,40]
g1672(602,802,190,481,891)@[0,9]
g1674(93)@[42,43]
g1672(77,505,461,498,60)@[8,10]
g1672(742,855,694,250,141)@[30,40]
g1672(7,856,459,382,626)@[8,43]
g1673(69)@[27,37]
g1672(758,749,605,517,862)@[33,40]
g1672(835,294,476,571,238)@[5,7]
g1673(622)@[14,46]
g1672(136,807,12,141,320)@[26,36]
g1672(20,340,642,65,593)@[26,31]
g1672(18,672,488,450,768)@[1,32]
g1672(499,173,430,614,1)@[26,47]
g1672(79,551,252,410,253)@[28,32]
g1672(57,732,783,433,873)@[39,45]
g1674(700)@[2,21]
g1672(738,523,272,349,549)@[7,23]
g1674(691)@[17,24]
g1672(16,496,241,746,174)@[16,38]
