g1673(118)@[12,33]
g1672(897,368,232,264,16)@[9,49]
g1672(694,776,321,633,293)@[7,22]
g1672(70,384,731,143,356)@[14,41]
g1672(118,887,297,669,410)@[8,35]
g1672(194,833,229,491,290)@[28,36]
g1672(251,109,54,694,503)@[15,20]
g1672(393,11,22,74,770)@[19,28]
g1673(630)@[7,38]
g1672(203,734,673,347,462)@[14,21]
g1672(26,673,815,389,366)@[11,41]
g1672(301,474,834,531,548)@[4,9]
g1672(892,818,169,415,679)@[5,42]
g1672(550,876,528,842,679)@[38,48]
g1672(110,19,751,254,415)@[11,46]
g1672(465,907,371,825,829)@[11,33]
g1673(496)@[11,30]
g1672(183,568,611,220,530)@[17,39]
g1672(660,530,616,783,89)@[13,23]
g1672(647,699,785,236,838)@[7,8]
g1674(356)@[2,39]
g1672(524,220,475,504,776)@[3,10]
g1672(41,149,158,795,555)@[32,37]
g1674(860)@[21,33]
g1672(335,793,783,203,95)@[14,22]
g1672(524,8,52,873,533)@[26,31]
g1672(83,731,261,724,595)@[6,39]
g1672(846,47,301,134,791)@[19,42]
g1672(311,161,2,80,671)@[16,39]
g1672(270,447,561,772,132)@[3,4]
g1672(904,95,602,167,831)@[20,26]
g1674(897)@[23,48]
g1674(26)@[43,46]
g1672(433,787,755,119,549)@[2,5]
g1672(890,898,308,445,488)@[25,28]
g1672(163,797,884,150,463)@[6,24]
g1672(129,843,440,419,488)@[29,39]
g1672(724,512,595,291,63)@[1,34]
g1672(425,103,58,659,336)@[15,22]
g1673(321)@[20,32]
g1674(688)@[33,40]
g1672(214,827,345,243,22)@[9,45]
g1672(555,329,493,818,741)@[29,43]
g1672(261,800,25,462,672)@[9,14]
g1672(337,63,730,193,100)@[12,44]
g1673(98)@[6,35]
g1674(452)@[7,39]
g1672(493,141,241,92,678)@[10,22]
g1672(876,542,189,514,573)@[13,44]
g1672(319,452,800,413,666)@[22,34]
g1673(220)@[7,10]
g1672(696,477,323,822,478)@[26,37]
g1672(795,126,443,812,82)@[19,36]
g1672(881,173,647,91,850)@[27,30]
g1674(739)@[16,30]
g1672(587,672,250,912,534)@[32,33]
g1674(425)@[6,41]
g1673(46)@[2,21]
g1672(389,179,725,530,274)@[12,13]
g1672(336,24,137,106,444)@[34,39]
g1672(313,380,794,734,404)@[10,19]
g1672(206,837,303,639,195)@[3,13]
g1672(477,661,207,373,613)@[27,33]
g1672(702,501,690,171,561)@[2,27]
g1672(83,440,899,132,55)@[18,33]
g1672(306,630,480,602,263)@[9,12]
g1673(255)@[1,12]
g1673(279)@[13,40]
g1672(224,508,97,699,440)@[23,27]
g1672(722,908,47,460,518)@[10,41]
g1672(524,380,489,849,144)@[3,25]
g1673(328)@[6,18]
g1672(10,792,221,895,533)@[8,46]
g1672(553,816,244,268,560)@[20,43]
g1672(445,79,686,493,214)@[12,42]
g1674(554)@[3,5]
g1672(714,718,699,850,639)@[16,18]
g1672(154,308,363,497,501)@[6,49]
g1674(655)@[11,14]
g1672(719,126,715,676,508)@[46,48]
g1672(820,551,799,42,271)@[11,13]
g1672(399,109,818,560,901)@[9,43]
g1672(840,434,871,92,62)@[20,25]
g1674(542)@[0,3]
g1672(328,326,31,837,811)@[2,30]
g1672(484,624,695,313,78)@[0,24]
g1674(887)@[30,45]
g1672(767,707,608,58,471)@[3,24]
g1672(214,478,56,339,477)@[3,47]
g1672(228,711,288,251,680)@[13,29]
g1672(374,27,828,752,195)@[25,44]
g1672(560,416,138,68,743)@[34,46]
g1672(771,341,655,412,519)@[32,48]
g1672(344,214,765,196,660)@[12,19]
g1672(234,430,908,467,395)@[26,46]
g1672(582,204,456,767,639)@[4,41]
g1672(227,446,269,340,604)@[0,5]
g1673(609)@[3,5]
g1672(19,794,270,271,125)@[0,37]
g1672(744,368,607,434,871)@[1,20]
g1674(444)@[13,33]
g1672(101,327,411,664,117)@[3,49]
g1674(666)@[5,24]
g1672(206,255,910,875,100)@[38,45]
g1672(211,485,287,624,220)@[33,41]
g1674(870)@[13,47]
g1673(659)@[18,21]
g1672(843,241,247,848,452)@[14,49]
g1672(887,540,522,477,440)@[23,47]
g1672(178,222,122,693,658)@[1,29]
g1672(605,867,810,869,630)@[6,33]
g1672(631,806,397,578,108)@[9,49]
g1673(238)@[2,20]
g1672(827,825,663,124,447)@[9,32]
g1672(610,264,408,215,761)@[42,45]
g1672(469,417,870,542,163)@[20,38]
g1672(245,21,671,584,807)@[10,29]
g1672(114,279,910,123,443)@[9,38]
g1672(600,847,906,171,120)@[1,26]
g1672(659,393,163,309,200)@[11,25]
g1672(721,172,697,296,37)@[36,42]
g1672(278,483,800,254,684)@[17,49]
g1672(367,165,234,769,221)@[29,47]
g1673(570)@[16,38]
g1674(749)@[8,37]
g1673(501)@[19,21]
g1673(822)@[10,22]
g1672(290,689,177,635,399)@[9,38]
g1672(641,317,253,188,52)@[6,25]
g1672(424,636,142,253,37)@[9,23]
g1672(280,226,601,48,866)@[13,45]
g1672(624,880,693,466,387)@[13,14]
g1672(463,784,889,626,568)@[1,47]
g1673(617)@[12,33]
g1672(50,300,721,247,455)@[5,16]
g1673(621)@[23,32]
g1672(291,422,293,712,844)@[22,49]
g1674(672)@[25,35]
g1672(22,854,261,163,74)@[14,18]
g1672(53,760,240,704,342)@[17,42]
g1672(628,867,670,153,26)@[19,21]
g1672(524,96,893,628,364)@[0,10]
g1672(501,312,312,753,231)@[38,41]
g1672(732,7,914,569,308)@[5,13]
g1672(280,590,37,163,766)@[11,28]
g1672(862,202,820,204,110)@[13,16]
g1672(189,713,317,52,518)@[5,24]
g1672(778,437,142,837,743)@[16,18]
g1672(583,153,905,152,753)@[11,38]
g1673(291)@[8,16]
g1673(639)@[18,26]
g1672(119,687,45,108,274)@[2,4]
g1673(391)@[24,40]
g1672(566,24,890,708,604)@[14,21]
g1672(499,628,703,504,816)@[29,40]
g1672(655,92,757,833,501)@[12,41]
g1672(531,555,275,560,730)@[11,39]
g1673(257)@[25,40]
g1672(246,203,452,657,498)@[10,13]
g1672(370,441,404,216,57)@[13,45]
g1672(771,752,626,861,547)@[4,42]
g1672(49,279,545,571,645)@[21,33]
g1673(738)@[22,45]
g1672(663,463,159,751,155)@[31,48]
g1672(446,346,226,48,246)@[10,30]
g1672(561,515,213,491,865)@[21,43]
g1672(290,701,753,550,648)@[6,26]
g1674(662)@[9,32]
g1672(507,62,601,31,622)@[32,44]
g1672(155,214,351,782,467)@[28,35]
g1672(405,375,321,623,250)@[8,49]
g1672(623,670,121,234,270)@[12,34]
g1672(401,751,649,414,515)@[18,23]
g1672(269,62,493,487,874)@[22,48]
g1672(167,369,413,507,868)@[18,26]
g1672(550,886,822,820,764)@[19,25]
g1674(771)@[13,19]
g1672(95,617,849,569,554)@[26,36]
g1673(462)@[9,33]
g1672(373,513,132,487,279)@[41,43]
g1673(834)@[25,32]
g1672(109,575,764,883,278)@[1,10]
g1672(797,446,180,16,658)@[27,49]
g1672(324,555,564,213,224)@[12,25]
g1672(180,791,848,713,330)@[8,16]
g1672(370,717,788,380,210)@[6,48]
g1672(834,263,703,529,872)@[21,46]
g1672(910,74,46,850,198)@[1,15]
g1672(87,605,636,680,872)@[5,24]
g1672(891,415,532,357,818)@[4,39]
g1672(687,605,294,386,230)@[4,37]
g1672(200,481,314,510,592)@[3,32]
g1674(303)@[23,48]
g1672(401,865,617,405,837)@[12,22]
g1672(95,792,897,27,536)@[20,45]
g1672(313,122,333,508,104)@[3,23]
g1674(883)@[6,20]
g1672(653,378,74,511,563)@[23,31]
g1673(601)@[12,22]
g1672(709,7,41,295,918)@[24,44]
g1673(511)@[33,49]
g1673(381)@[24,26]
g1672(758,478,468,306,225)@[36,46]
g1673(614)@[34,42]
g1672(134,703,701,902,598)@[17,46]
g1672(687,204,483,379,40)@[10,30]
g1672(351,528,108,257,659)@[9,36]
g1672(38,62,274,213,318)@[28,47]
g1672(567,516,557,272,69)@[4,5]
g1672(68,171,294,344,539)@[10,25]
g1673(535)@[28,39]
g1672(401,809,676,872,34)@[25,26]
g1673(834)@[28,39]
g1672(457,44,268,269,531)@[8,22]
g1672(281,582,185,690,109)@[7,46]
g1672(353,359,291,23,287)@[35,40]
g1672(725,158,78,800,187)@[20,47]
g1672(666,598,786,196,481)@[0,40]
g1672(194,805,604,911,194)@[3,22]
g1672(510,288,732,255,559)@[39,40]
g1672(864,247,56,826,830)@[0,10]
g1672(258,848,410,272,467)@[8,29]
g1672(484,763,700,34,751)@[23,42]
g1672(355,757,177,549,864)@[16,27]
g1674(422)@[9,14]
g1672(149,134,430,451,791)@[27,29]
g1672(578,817,370,518,281)@[17,48]
g1672(311,2,369,655,829)@[20,42]
g1672(586,22,337,496,65)@[4,29]
g1672(437,413,366,823,280)@[8,26]
g1673(616)@[4,41]
g1674(654)@[19,43]
g1672(159,796,557,31,642)@[18,30]
g1672(473,70,310,741,632)@[17,44]
g1674(514)@[23,27]
g1672(528,572,843,100,348)@[15,41]
g1672(702,661,664,203,873)@[13,15]
g1672(659,312,602,157,481)@[22,36]
g1672(447,687,904,221,635)@[26,38]
g1672(752,427,872,75,387)@[1,7]
g1672(810,130,610,894,696)@[17,47]
g1673(401)@[5,49]
g1674(691)@[7,9]
g1672(754,702,314,720,847)@[10,27]
g1672(648,124,123,898,338)@[13,22]
g1672(281,12,792,51,279)@[9,13]
g1672(646,219,232,255,684)@[5,33]
g1672(40,294,283,178,725)@[36,41]
g1672(856,37,886,654,696)@[28,43]
g1673(835)@[13,40]
g1674(415)@[9,33]
g1672(778,752,136,839,492)@[17,43]
g1672(710,167,445,725,32)@[7,25]
g1672(409,840,541,376,408)@[22,37]
g1672(92,422,250,467,768)@[30,44]
g1673(278)@[32,38]
g1672(94,597,46,617,77)@[36,47]
g1672(174,40,253,369,767)@[10,25]
g1673(342)@[4,26]
g1672(602,298,722,322,887)@[2,21]
g1672(644,548,586,891,429)@[35,47]
g1672(25,371,631,729,180)@[14,49]
g1672(652,444,495,307,808)@[19,39]
g1672(517,235,296,797,216)@[7,11]
g1672(772,79,799,134,583)@[12,41]
g1672(698,1,97,715,34)@[38,46]
g1674(256)@[6,46]
g1672(313,225,8,272,51)@[3,20]
g1672(904,80,794,612,196)@[8,25]
g1674(483)@[3,44]
g1672(385,141,155,680,654)@[37,42]
g1673(126)@[27,28]
g1673(653)@[17,47]
g1673(429)@[43,45]
g1672(693,220,335,730,206)@[11,30]
g1673(838)@[7,38]
g1672(804,469,92,354,735)@[18,27]
g1672(239,382,500,587,229)@[27,35]
g1672(847,799,70,898,108)@[41,44]
g1673(165)@[4,34]
g1672(590,563,273,403,5)@[21,25]
g1672(209,406,874,600,50)@[2,24]
g1673(533)@[2,49]
g1673(602)@[2,5]
g1672(485,409,291,31,361)@[29,38]
g1672(556,532,790,786,690)@[6,32]
g1673(631)@[25,40]
g1673(368)@[1,43]
g1672(731,163,760,565,394)@[8,31]
g1672(202,49,688,516,670)@[8,13]
g1672(869,768,238,761,207)@[15,36]
g1672(30,643,215,651,766)@[36,38]
g1672(670,95,545,504,332)@[30,35]
g1672(430,410,432,130,463)@[2,49]
g1673(455)@[32,47]
g1672(689,79,344,53,82)@[7,13]
g1672(554,290,620,273,713)@[19,29]
g1672(630,873,89,446,173)@[27,34]
g1672(250,742,77,697,219)@[25,34]
g1672(212,69,248,784,567)@[1,46]
g1672(49,574,707,538,240)@[10,14]
g1672(105,448,396,488,428)@[30,36]
g1672(910,48,27,4,355)@[21,28]
g1672(69,319,311,571,465)@[1,30]
g1673(124)@[10,36]
g1672(407,333,434,142,536)@[30,47]
g1672(820,132,568,186,415)@[26,43]
g1673(621)@[18,28]
g1672(453,412,854,441,801)@[11,17]
g1672(553,449,550,574,601)@[9,42]
g1672(315,384,384,134,419)@[28,43]
g1673(348)@[13,19]
g1672(664,520,362,623,690)@[14,48]
g1674(823)@[4,25]
g1673(33)@[9,44]
g1673(622)@[14,46]
g1672(851,42,745,61,597)@[18,45]
g1672(856,310,262,457,912)@[4,21]
g1672(297,471,546,27,401)@[2,5]
g1672(195,517,117,340,595)@[7,8]
g1672(663,246,425,258,141)@[2,19]
g1672(323,385,860,894,560)@[38,41]
g1672(7,406,442,609,466)@[9,27]
g1674(287)@[12,45]
g1672(436,866,463,749,869)@[9,23]
g1672(292,207,783,457,216)@[12,49]
g1672(670,222,276,423,64)@[34,37]
g1672(794,268,651,588,910)@[6,36]
g1672(704,167,348,567,319)@[13,28]
g1672(239,818,139,240,123)@[20,37]
g1672(408,89,686,203,746)@[2,9]
g1672(760,304,720,374,687)@[9,24]
g1672(585,268,904,904,444)@[3,15]
g1672(27,659,260,916,691)@[6,15]
g1672(600,853,247,668,40)@[15,31]
g1672(322,785,89,190,47)@[1,30]
g1672(551,713,483,697,320)@[6,46]
g1673(221)@[24,48]
g1672(241,360,27,46,893)@[24,26]
g1672(329,480,612,91,145)@[0,40]
g1672(496,429,34,6,342)@[21,23]
g1672(301,510,34,456,534)@[10,26]
g1672(13,476,493,321,395)@[20,44]
g1672(535,277,276,465,381)@[22,37]
g1673(473)@[17,20]
g1672(639,37,173,302,437)@[40,48]
g1672(793,99,114,760,237)@[44,45]
g1672(634,156,6,62,195)@[17,41]
g1673(902)@[44,47]
g1674(193)@[28,32]
g1672(28,755,7,5,488)@[19,29]
g1673(592)@[4,39]
g1674(838)@[15,16]
g1672(814,127,300,431,733)@[40,44]
g1672(331,757,640,18,763)@[7,32]
g1672(168,96,336,307,886)@[32,36]
g1672(124,577,881,678,852)@[2,43]
g1672(779,574,61,596,382)@[14,15]
g1674(11)@[1,41]
g1672(582,329,522,277,313)@[17,48]
g1672(761,552,623,863,217)@[0,43]
g1672(428,377,250,745,549)@[32,34]
g1672(703,378,213,455,103)@[2,5]
g1672(686,527,833,897,100)@[15,29]
g1672(203,287,728,51,14)@[19,43]
g1672(376,301,533,663,542)@[4,9]
g1673(359)@[18,32]
g1673(241)@[21,27]
g1672(662,754,555,855,232)@[15,24]
g1673(457)@[19,38]
g1673(366)@[20,32]
g1672(419,134,86,518,489)@[4,43]
g1672(688,59,544,145,693)@[21,34]
g1673(10)@[12,46]
g1672(863,529,91,771,802)@[23,45]
g1672(129,34,872,181,819)@[24,47]
g1672(468,78,532,180,250)@[13,34]
g1672(339,432,17,785,58)@[8,22]
g1672(36,486,181,99,680)@[2,15]
g1672(414,415,615,433,664)@[4,40]
g1672(175,119,309,790,13)@[18,24]
g1672(373,375,638,516,385)@[28,31]
g1672(20,719,585,257,164)@[20,31]
g1672(176,619,588,393,326)@[0,17]
g1674(26)@[39,45]
g1672(570,130,547,638,144)@[8,12]
g1672(802,759,57,546,522)@[22,49]
g1672(335,649,869,50,802)@[13,49]
g1672(861,572,155,304,242)@[29,34]
g1672(539,169,410,450,180)@[1,8]
g1672(466,351,440,81,266)@[25,46]
g1673(843)@[28,32]
g1672(76,187,761,71,630)@[11,22]
g1673(720)@[0,2]
g1672(404,292,275,176,18)@[0,40]
g1672(890,252,718,516,756)@[3,5]
g1672(919,189,309,22,520)@[37,43]
g1672(835,239,125,866,712)@[25,33]
g1673(631)@[11,42]
g1672(307,548,226,263,563)@[15,41]
g1672(571,98,539,670,377)@[8,17]
g1672(338,804,222,118,356)@[1,20]
g1672(19,38,101,700,619)@[16,36]
g1672(798,879,313,815,271)@[4,41]
g1674(20)@[3,39]
g1672(703,724,565,885,787)@[9,36]
g1672(792,182,457,604,875)@[11,21]
g1672(219,408,728,439,341)@[3,41]
g1672(392,579,630,463,773)@[0,39]
g1672(141,795,691,639,673)@[23,46]
g1672(408,394,822,754,408)@[35,37]
g1672(613,448,444,556,335)@[10,33]
g1673(647)@[6,45]
g1672(731,628,822,888,780)@[1,11]
g1674(331)@[9,36]
g1672(660,773,232,879,503)@[25,31]
g1673(802)@[0,2]
g1672(666,248,468,377,93)@[36,39]
g1672(301,86,850,439,770)@[9,24]
g1672(815,291,831,444,543)@[22,39]
g1674(12)@[44,45]
g1673(165)@[4,20]
g1674(773)@[10,20]
g1672(258,580,510,9,287)@[13,46]
g1672(455,280,625,598,84)@[9,19]
g1673(616)@[20,29]
g1672(646,170,272,268,202)@[33,36]
g1672(710,173,386,494,675)@[36,46]
g1672(586,489,741,760,719)@[1,31]
g1674(660)@[7,18]
g1672(477,417,311,727,859)@[20,48]
g1674(665)@[13,32]
g1673(867)@[24,27]
g1672(650,391,775,278,667)@[9,19]
g1672(411,701,304,127,778)@[40,44]
g1672(760,726,273,177,3)@[10,33]
g1672(604,682,773,334,313)@[7,10]
g1672(650,892,699,378,473)@[11,21]
g1672(248,354,344,905,719)@[20,33]
g1672(751,406,147,616,727)@[5,14]
g1672(305,435,391,556,861)@[38,48]
g1673(351)@[21,26]
g1672(336,563,319,372,204)@[6,38]
g1672(59,819,311,116,369)@[16,39]
g1673(658)@[14,32]
g1672(219,162,362,579,355)@[6,13]
g1672(10,427,324,836,459)@[5,7]
g1672(258,603,75,649,130)@[3,33]
g1672(475,703,361,666,384)@[12,16]
g1672(906,521,197,312,390)@[35,46]
g1672(662,865,186,115,494)@[29,44]
g1672(788,340,367,436,350)@[2,35]
g1673(679)@[3,12]
g1673(659)@[18,21]
g1672(19,233,8,20,475)@[25,26]
g1672(668,697,244,840,436)@[9,11]
g1672(265,587,694,340,141)@[8,13]
g1674(257)@[16,40]
g1674(788)@[33,40]
g1672(354,817,375,127,172)@[14,34]
g1672(555,612,706,134,809)@[6,41]
g1672(336,548,275,766,844)@[16,37]
g1672(591,811,513,835,84)@[28,36]
g1672(256,255,388,329,439)@[14,39]
g1672(334,291,648,297,322)@[20,43]
g1672(79,613,631,885,103)@[4,34]
g1672(47,683,153,727,94)@[23,36]
g1672(189,622,335,776,660)@[37,39]
g1673(680)@[6,22]
g1672(66,368,523,718,369)@[8,35]
g1672(311,45,22,759,180)@[11,26]
g1674(468)@[15,19]
g1672(772,710,542,293,864)@[26,48]
g1672(620,778,512,846,134)@[10,26]
g1674(899)@[1,26]
g1673(381)@[11,21]
g1672(214,676,770,231,262)@[27,46]
g1672(452,373,129,393,154)@[2,6]
g1672(249,127,30,455,61)@[28,39]
g1672(12,277,874,95,218)@[7,28]
g1672(393,15,55,441,260)@[33,39]
g1674(354)@[22,36]
g1672(518,348,360,839,413)@[2,7]
g1672(836,50,545,25,180)@[2,26]
g1673(816)@[34,48]
g1673(708)@[41,45]
g1672(193,727,146,489,99)@[22,37]
g1672(246,876,886,893,620)@[30,31]
g1673(171)@[26,33]
g1674(822)@[6,43]
g1672(539,711,103,266,125)@[1,32]
g1673(2)@[2,15]
g1672(41,420,719,647,228)@[2,6]
g1672(886,861,691,859,633)@[26,42]
g1672(724,883,276,913,902)@[19,43]
g1673(641)@[32,37]
g1672(233,178,142,598,601)@[3,11]
g1673(425)@[8,21]
g1672(461,425,805,318,131)@[17,46]
g1673(813)@[27,30]
g1672(420,247,156,606,598)@[10,22]
g1672(744,213,206,393,67)@[37,43]
g1672(831,43,39,459,319)@[6,28]
g1674(673)@[38,44]
g1674(824)@[10,49]
g1673(468)@[29,49]
g1672(767,574,711,680,819)@[8,13]
g1672(551,531,387,679,780)@[4,10]
g1672(454,513,803,671,639)@[45,46]
g1673(318)@[15,27]
g1672(586,841,728,396,506)@[16,40]
g1672(711,449,649,890,129)@[19,38]
g1672(674,653,136,400,838)@[3,13]
g1673(845)@[0,23]
g1672(255,191,443,65,277)@[27,29]
g1674(813)@[1,48]
g1672(722,314,903,12,773)@[13,21]
g1672(176,734,291,807,697)@[9,33]
g1672(2,248,733,781,394)@[39,46]
g1672(735,806,242,598,164)@[0,8]
g1672(177,757,370,522,158)@[11,28]
g1672(414,811,185,454,33)@[29,40]
g1672(768,119,390,320,41)@[20,47]
g1672(142,340,463,835,727)@[4,20]
g1672(196,95,524,547,676)@[16,26]
g1672(806,683,128,247,553)@[8,34]
g1672(354,640,740,774,177)@[9,14]
g1672(294,741,263,394,639)@[4,20]
g1672(197,422,813,264,857)@[22,34]
g1672(627,53,796,543,252)@[7,18]
g1672(628,917,748,422,94)@[33,36]
g1672(843,642,630,738,792)@[13,36]
g1673(282)@[23,29]
g1672(43,259,83,521,436)@[31,41]
g1672(767,169,344,477,11)@[5,28]
g1672(757,677,195,177,134)@[20,47]
g1673(33)@[1,32]
g1672(416,802,331,600,244)@[21,26]
g1672(703,492,119,576,755)@[19,21]
g1672(433,720,886,709,783)@[12,24]
g1674(578)@[7,37]
g1672(512,682,467,626,794)@[15,19]
g1674(64)@[5,37]
g1672(861,287,783,561,394)@[3,34]
g1672(524,378,872,374,681)@[22,28]
g1672(631,595,835,653,405)@[14,46]
g1674(137)@[2,32]
g1672(458,824,499,699,302)@[12,16]
g1672(328,847,295,621,644)@[12,26]
g1672(271,821,156,566,623)@[2,16]
g1673(463)@[16,17]
g1674(289)@[39,45]
g1672(715,525,18,757,515)@[5,44]
g1672(24,752,864,419,695)@[1,9]
g1672(269,441,497,333,198)@[9,28]
g1674(197)@[7,32]
g1672(774,411,546,835,352)@[31,38]
g1672(394,780,914,87,351)@[20,23]
g1673(728)@[3,48]
g1673(351)@[26,30]
g1672(793,737,753,670,0)@[27,38]
g1674(750)@[39,42]
g1672(80,80,505,783,417)@[2,31]
g1672(328,336,338,906,903)@[31,48]
g1674(516)@[25,36]
g1672(53,455,715,378,348)@[14,28]
g1672(486,390,177,2,65)@[34,46]
g1673(342)@[9,25]
g1672(235,330,631,416,795)@[27,48]
g1672(461,616,286,899,141)@[10,19]
g1672(300,728,114,887,376)@[2,4]
g1672(508,282,620,102,473)@[7,28]
g1672(527,919,746,136,454)@[29,33]
g1672(679,157,76,824,623)@[13,18]
g1672(22,424,913,338,755)@[15,26]
g1672(422,827,721,697,571)@[11,36]
g1672(849,586,138,441,688)@[15,23]
g1672(164,872,770,265,675)@[2,34]
g1673(591)@[36,46]
g1672(9,11,897,266,775)@[13,15]
g1672(371,255,187,883,473)@[5,23]
g1672(249,425,684,269,852)@[14,16]
g1672(420,872,452,236,150)@[25,41]
g1673(904)@[11,48]
g1674(625)@[37,46]
g1672(440,702,811,576,675)@[31,37]
g1672(217,110,426,739,357)@[33,38]
g1674(310)@[20,49]
g1672(452,405,141,400,864)@[10,41]
g1672(259,670,860,546,408)@[23,24]
g1672(364,830,390,793,164)@[22,33]
g1672(814,866,721,226,179)@[0,39]
g1672(66,418,163,448,481)@[27,48]
g1673(681)@[28,44]
g1672(319,338,563,195,792)@[39,43]
g1673(564)@[13,39]
g1672(554,582,182,269,466)@[33,42]
g1673(533)@[11,22]
g1672(724,383,32,820,130)@[13,48]
g1672(854,364,385,627,173)@[2,45]
g1674(127)@[14,31]
g1672(638,383,878,160,556)@[38,45]
g1673(658)@[18,33]
g1672(683,463,364,654,606)@[16,38]
g1672(447,197,743,115,409)@[32,40]
g1672(640,904,566,433,788)@[35,44]
g1672(359,357,88,728,269)@[31,45]
g1673(874)@[30,34]
g1672(405,42,756,735,442)@[13,20]
g1672(457,36,396,277,602)@[15,49]
g1674(82)@[4,46]
g1672(573,872,679,651,786)@[2,45]
g1672(71,871,243,613,204)@[24,34]
g1672(243,374,354,110,484)@[0,24]
g1672(590,332,836,769,428)@[46,47]
g1672(802,11,165,541,598)@[23,42]
g1672(295,481,454,771,141)@[22,27]
g1672(185,901,204,380,547)@[7,22]
g1672(839,207,831,563,422)@[17,29]
g1672(674,728,826,508,386)@[3,8]
g1672(902,777,33,543,531)@[6,12]
g1672(668,673,814,581,578)@[5,35]
g1672(526,77,427,759,627)@[34,46]
g1674(504)@[15,16]
g1672(246,36,760,343,887)@[17,26]
g1672(176,881,44,310,705)@[14,41]
g1672(37,155,678,304,515)@[16,36]
g1672(333,187,54,287,324)@[17,49]
g1673(141)@[28,38]
g1672(60,667,874,208,72)@[18,33]
g1672(707,917,270,15,100)@[16,41]
g1672(514,609,34,352,713)@[23,48]
g1672(610,663,612,378,523)@[1,4]
g1672(292,210,734,115,778)@[9,11]
g1672(496,279,185,612,548)@[0,47]
g1672(128,803,774,687,274)@[24,26]
g1674(909)@[25,48]
g1672(416,858,353,73,593)@[10,29]
g1674(823)@[20,38]
g1673(195)@[7,10]
g1672(58,869,265,375,6)@[8,27]
g1672(490,626,288,636,482)@[19,36]
g1672(266,733,516,187,493)@[16,32]
g1672(663,642,68,643,428)@[12,19]
g1672(159,678,339,11,539)@[5,10]
g1672(677,465,629,260,506)@[10,35]
g1672(835,901,665,28,470)@[17,48]
g1672(550,790,811,481,778)@[43,46]
g1672(178,302,471,136,735)@[38,40]
g1672(79,709,64,896,14)@[12,48]
g1672(863,110,492,575,785)@[14,18]
g1672(141,623,686,126,283)@[45,49]
g1672(501,99,359,716,322)@[17,31]
g1672(913,356,132,373,100)@[17,28]
g1672(11,359,320,166,160)@[25,48]
g1674(89)@[5,29]
g1672(875,812,60,477,896)@[10,47]
g1672(577,520,209,306,235)@[26,42]
g1672(781,23,683,20,918)@[11,13]
g1672(855,16,871,896,159)@[41,48]
g1672(636,879,263,529,508)@[1,22]
g1672(406,867,768,9,289)@[29,49]
g1672(843,218,35,271,314)@[17,25]
g1672(566,375,428,497,561)@[22,47]
g1672(120,27,367,164,107)@[6,19]
g1672(398,787,344,840,299)@[13,40]
g1672(268,254,261,635,150)@[20,27]
g1672(908,100,629,326,12)@[27,42]
g1672(789,514,681,197,341)@[11,45]
g1672(432,914,389,374,203)@[32,36]
g1674(231)@[16,48]
g1672(669,254,532,251,560)@[32,47]
g1672(896,806,691,626,512)@[23,26]
g1672(649,810,348,138,676)@[38,47]
g1672(232,214,434,180,874)@[1,3]
g1672(617,116,781,513,704)@[28,35]
g1674(850)@[9,14]
g1672(460,41,593,421,309)@[30,46]
g1672(875,602,894,834,411)@[9,28]
g1672(527,607,179,643,761)@[2,5]
g1672(318,681,184,26,794)@[13,26]
g1672(496,257,275,459,322)@[16,18]
g1672(363,369,600,308,730)@[2,5]
g1672(129,2,628,487,525)@[39,47]
g1672(9,581,479,779,47)@[20,38]
g1672(187,787,284,810,763)@[1,19]
g1672(482,513,122,448,600)@[13,48]
g1672(733,30,371,686,347)@[29,46]
g1674(717)@[12,13]
g1672(324,393,851,901,690)@[45,48]
g1672(174,374,470,553,361)@[18,24]
g1672(369,650,602,301,627)@[13,41]
g1673(669)@[4,29]
g1672(31,635,844,316,470)@[26,43]
g1673(480)@[28,31]
g1674(343)@[17,36]
g1673(528)@[7,27]
g1672(428,800,461,537,209)@[19,44]
g1672(199,854,729,314,486)@[9,42]
g1674(32)@[5,25]
g1672(685,560,268,820,390)@[36,39]
g1674(482)@[2,16]
g1672(74,494,307,93,178)@[8,30]
g1672(648,55,725,221,320)@[15,16]
g1673(327)@[3,12]
g1674(810)@[3,35]
g1674(858)@[11,15]
g1673(641)@[8,27]
g1672(213,89,72,614,58)@[11,16]
g1672(268,624,61,491,149)@[3,37]
g1674(15)@[37,46]
g1674(98)@[16,18]
g1672(572,563,119,621,424)@[21,23]
g1672(708,409,490,175,129)@[5,41]
g1674(447)@[7,23]
g1673(317)@[7,24]
g1672(24,296,12,299,826)@[11,25]
g1673(460)@[21,24]
g1672(298,516,86,433,498)@[37,49]
g1672(190,319,844,477,351)@[1,23]
g1672(301,212,159,138,706)@[5,13]
g1672(870,756,388,343,683)@[31,45]
g1673(818)@[0,37]
g1672(411,246,887,434,680)@[25,43]
g1672(587,771,910,538,407)@[18,45]
g1673(270)@[14,20]
g1672(909,215,689,302,230)@[8,32]
g1672(833,567,716,238,179)@[0,12]
g1672(678,568,645,793,663)@[20,24]
g1672(300,552,557,315,8)@[4,11]
g1672(497,516,317,259,802)@[13,31]
g1673(864)@[29,49]
g1672(558,664,865,345,265)@[15,48]
g1672(827,182,704,176,576)@[14,17]
g1672(518,314,823,605,116)@[25,47]
g1673(267)@[39,40]
g1672(274,349,301,592,562)@[2,42]
g1672(383,168,331,560,617)@[1,32]
g1673(788)@[0,10]
g1672(242,663,296,210,869)@[2,46]
g1672(54,720,321,776,478)@[23,26]
g1672(470,507,292,57,707)@[2,9]
g1673(416)@[35,39]
g1673(713)@[21,33]
g1673(26)@[2,40]
g1672(482,153,795,269,191)@[14,40]
g1672(783,384,619,804,687)@[23,31]
g1672(778,457,374,547,208)@[1,31]
g1672(512,268,153,622,649)@[10,24]
g1672(89,321,526,516,306)@[41,45]
g1673(180)@[1,14]
g1673(612)@[39,45]
g1672(574,551,464,411,692)@[16,26]
g1672(861,108,578,773,779)@[5,32]
g1672(770,739,723,561,488)@[13,30]
g1674(870)@[8,39]
g1672(18,143,193,821,616)@[46,49]
g1672(458,604,59,513,263)@[4,37]
g1673(713)@[30,43]
g1672(574,904,812,698,238)@[9,24]
g1672(381,80,611,54,250)@[20,49]
g1672(622,650,877,631,767)@[2,12]
g1674(907)@[16,38]
g1672(488,681,173,167,507)@[16,41]
g1672(296,455,465,378,523)@[2,21]
g1673(554)@[6,27]
g1672(183,737,378,731,422)@[44,49]
g1672(424,395,366,76,167)@[18,26]
g1673(880)@[22,28]
g1674(486)@[10,12]
g1673(749)@[22,37]
g1672(149,314,222,498,297)@[26,41]
g1672(376,807,867,891,787)@[2,6]
g1674(269)@[4,11]
g1672(741,520,440,428,443)@[0,17]
g1672(374,907,42,845,553)@[29,38]
g1672(152,24,115,329,240)@[11,13]
g1673(782)@[17,39]
g1672(584,711,759,781,487)@[13,36]
g1672(583,625,465,204,818)@[11,40]
g1672(424,818,590,424,182)@[40,46]
g1672(791,582,352,858,27)@[16,30]
g1672(805,887,618,156,190)@[7,26]
g1673(826)@[1,41]
g1672(156,245,672,538,672)@[9,30]
g1672(97,161,827,659,189)@[34,35]
g1673(354)@[7,41]
g1674(868)@[26,30]
g1672(878,754,298,141,136)@[14,19]
g1672(669,167,408,206,39)@[9,28]
g1672(767,147,40,171,590)@[0,35]
g1674(281)@[10,20]
g1672(239,260,842,4,20)@[2,8]
g1672(343,191,912,113,894)@[26,39]
g1673(77)@[34,41]
g1672(116,127,86,893,29)@[0,38]
g1672(570,220,80,309,203)@[30,40]
g1672(584,432,418,244,108)@[45,48]
g1674(399)@[21,40]
g1672(743,764,642,909,515)@[6,19]
g1674(286)@[15,16]
g1674(331)@[8,34]
g1672(792,49,106,388,701)@[6,20]
g1672(86,76,383,548,477)@[43,44]
g1672(688,657,295,399,72)@[4,47]
g1672(390,685,489,524,210)@[19,22]
g1672(541,820,712,334,348)@[8,38]
g1674(61)@[10,23]
g1672(263,81,587,673,600)@[18,39]
g1672(464,543,916,766,111)@[6,30]
g1672(209,790,878,493,773)@[29,44]
g1672(190,74,36,293,841)@[25,37]
g1674(393)@[2,32]
g1673(459)@[20,35]
g1674(903)@[14,26]
g1672(98,407,327,413,344)@[2,45]
g1672(565,542,8,174,368)@[12,22]
g1674(740)@[30,37]
g1672(873,829,475,53,670)@[10,40]
g1672(673,832,565,905,193)@[17,24]
g1672(653,790,227,505,12)@[17,28]
g1672(744,544,775,280,679)@[21,23]
g1672(20,369,551,648,391)@[21,26]
g1672(51,248,919,140,588)@[30,47]
g1672(169,6,545,730,449)@[16,37]
g1672(873,859,296,701,211)@[35,37]
g1672(911,584,46,719,502)@[34,35]
g1673(729)@[23,38]
g1672(605,737,15,471,404)@[3,45]
g1672(49,719,240,836,441)@[12,17]
g1672(206,574,793,340,487)@[3,31]
g1672(475,717,566,780,189)@[13,37]
g1672(192,727,838,460,659)@[4,22]
g1672(167,586,187,571,282)@[8,13]
g1673(574)@[15,31]
g1672(784,831,541,45,604)@[22,32]
g1673(429)@[4,35]
g1672(691,96,779,731,339)@[16,39]
g1672(6,231,127,509,593)@[17,30]
g1673(703)@[9,47]
g1672(114,327,422,433,395)@[0,24]
g1672(361,404,309,734,437)@[34,46]
g1672(422,23,96,837,796)@[5,13]
g1672(620,723,883,879,498)@[30,33]
g1673(390)@[10,11]
g1672(611,585,760,103,157)@[14,45]
g1672(188,209,30,128,275)@[11,48]
g1673(908)@[9,19]
g1672(71,904,801,808,49)@[1,37]
g1673(669)@[25,37]
g1672(95,19,759,588,334)@[4,34]
g1672(215,340,89,520,389)@[5,37]
g1673(919)@[28,34]
g1674(0)@[4,44]
g1672(849,423,890,906,476)@[25,49]
g1673(497)@[26,42]
g1674(734)@[28,43]
g1672(185,679,515,82,844)@[2,28]
g1672(539,778,769,814,158)@[17,19]
g1672(823,71,651,874,64)@[7,46]
g1672(231,324,873,194,431)@[22,46]
g1672(416,903,468,98,707)@[13,14]
g1672(741,814,248,568,745)@[10,47]
g1672(698,361,853,180,309)@[20,30]
g1672(782,846,332,699,68)@[8,13]
g1673(619)@[5,13]
g1672(856,36,828,224,128)@[12,16]
g1672(409,342,301,510,397)@[36,42]
g1672(547,546,699,353,194)@[4,20]
g1672(755,180,328,441,799)@[27,39]
g1672(464,256,910,590,374)@[19,29]
g1672(595,899,827,595,665)@[17,37]
g1672(802,762,658,150,833)@[29,43]
g1672(53,649,578,339,488)@[19,24]
g1672(362,66,314,564,555)@[18,28]
g1674(494)@[47,49]
g1672(332,816,356,493,789)@[5,49]
g1672(333,770,30,580,808)@[6,29]
g1672(634,661,508,237,403)@[36,45]
g1672(520,142,586,824,479)@[19,49]
g1672(618,859,721,593,380)@[21,38]
g1672(115,590,903,870,680)@[14,48]
g1673(703)@[13,21]
g1672(325,650,333,375,446)@[10,20]
g1672(179,259,808,12,873)@[27,43]
g1672(207,12,152,109,32)@[12,15]
g1672(723,591,38,335,731)@[6,42]
g1672(799,27,482,164,173)@[18,31]
g1672(656,667,191,453,551)@[0,25]
g1672(136,605,878,210,730)@[24,48]
g1672(131,516,880,81,390)@[1,33]
g1672(459,551,198,217,787)@[3,13]
g1672(808,746,552,601,200)@[9,24]
g1672(68,10,718,361,323)@[15,22]
g1672(248,4,159,823,260)@[0,47]
g1672(204,581,335,708,474)@[30,33]
g1673(458)@[46,49]
g1672(580,164,881,876,914)@[7,12]
g1672(499,906,408,451,453)@[7,8]
g1672(629,443,153,547,293)@[45,49]
g1672(376,214,27,357,332)@[4,42]
g1672(542,843,564,777,760)@[22,25]
g1672(569,181,896,349,823)@[10,22]
g1672(895,650,232,612,619)@[1,18]
g1672(182,342,639,714,820)@[12,45]
g1674(98)@[1,23]
g1672(264,800,144,620,919)@[48,49]
g1673(193)@[4,25]
g1672(791,531,609,654,30)@[19,29]
g1672(624,741,755,787,349)@[1,40]
g1672(389,278,144,757,434)@[35,49]
g1672(114,294,188,723,283)@[19,21]
g1672(189,482,846,319,578)@[21,49]
g1672(750,280,769,109,59)@[10,35]
g1672(454,773,329,53,66)@[8,30]
g1672(603,227,498,472,401)@[26,34]
g1672(106,129,601,872,880)@[2,10]
g1672(546,90,197,125,831)@[8,18]
g1672(848,536,701,761,791)@[12,25]
g1672(897,496,371,798,70)@[0,13]
g1673(888)@[18,22]
g1672(695,483,614,17,358)@[14,48]
g1672(718,783,452,115,139)@[8,15]
g1672(768,87,877,782,441)@[2,44]
g1672(396,314,818,485,812)@[10,48]
g1672(150,568,147,677,578)@[18,49]
g1673(150)@[22,39]
g1674(707)@[28,29]
g1674(701)@[17,28]
g1672(108,892,237,304,298)@[7,41]
g1672(138,146,137,487,194)@[33,42]
g1672(400,40,670,639,795)@[3,38]
g1672(431,686,340,423,692)@[11,19]
g1674(732)@[14,33]
g1672(597,373,526,9,201)@[13,33]
g1672(235,424,368,129,507)@[19,39]
g1672(338,505,266,911,575)@[2,6]
g1673(250)@[6,17]
g1672(729,492,554,107,563)@[27,28]
g1672(644,815,756,672,113)@[11,45]
g1672(326,668,544,40,421)@[8,11]
g1674(376)@[8,40]
g1672(759,357,832,426,417)@[24,35]
g1672(405,795,418,32,128)@[1,13]
g1673(258)@[5,14]
g1672(887,142,103,654,412)@[23,25]
g1672(564,136,99,497,267)@[27,29]
g1672(559,576,692,302,74)@[1,17]
g1672(461,889,866,113,258)@[4,8]
g1672(560,597,103,888,694)@[4,49]
g1672(221,370,511,818,68)@[5,49]
g1672(788,367,63,41,241)@[8,25]
g1674(543)@[24,47]
g1673(816)@[11,16]
g1672(266,32,361,478,844)@[19,27]
g1672(465,636,487,257,519)@[5,9]
g1672(292,310,3,362,867)@[19,47]
g1673(756)@[11,30]
g1672(87,813,19,793,350)@[4,26]
g1672(376,205,794,552,98)@[35,44]
g1672(23,774,766,251,525)@[34,37]
g1672(141,182,603,646,160)@[12,38]
g1672(344,477,187,708,139)@[5,45]
g1672(480,668,574,288,334)@[4,19]
g1672(584,362,333,730,489)@[23,24]
g1672(501,810,477,735,587)@[3,17]
g1672(581,613,530,894,380)@[22,32]
g1673(741)@[17,44]
g1672(405,775,811,587,277)@[3,47]
g1673(244)@[10,36]
g1672(768,344,389,724,823)@[5,19]
g1672(794,416,740,217,12)@[42,47]
g1672(223,240,45,891,53)@[14,41]
g1672(13,723,362,712,837)@[25,40]
g1672(11,787,869,895,506)@[3,22]
g1672(778,519,600,732,760)@[16,43]
g1672(713,667,693,433,454)@[3,37]
g1674(182)@[16,17]
g1672(6,235,649,778,388)@[4,48]
g1673(565)@[3,31]
g1674(320)@[25,29]
g1672(179,635,289,556,723)@[10,38]
g1672(639,382,345,531,406)@[3,27]
g1673(145)@[5,12]
g1672(452,256,462,805,861)@[5,24]
g1673(436)@[4,38]
g1672(438,834,167,542,184)@[37,41]
g1672(813,489,256,329,671)@[32,49]
g1672(864,353,386,479,352)@[3,27]
g1672(107,279,617,260,798)@[13,17]
g1672(900,567,824,117,221)@[30,46]
g1672(868,225,559,608,417)@[29,45]
g1672(131,462,635,602,871)@[7,17]
g1672(221,385,103,234,397)@[1,31]
g1674(94)@[1,46]
g1672(283,153,288,240,601)@[14,23]
g1672(245,114,725,399,399)@[23,35]
g1672(648,445,273,228,186)@[18,31]
g1672(867,255,615,717,281)@[15,35]
g1672(520,50,242,288,532)@[44,45]
