g528(197,876,349)@[20,28]
g528(552,193,264)@[18,20]
g526(564,682)@[4,38]
g528(313,808,7)@[0,13]
g528(420,563,285)@[12,19]
g528(626,789,652)@[23,42]
g528(361,384,230)@[14,20]
g526(845,743)@[15,16]
g526(612,88)@[11,34]
g529(336,763,416,61)@[19,43]
g526(228,0)@[16,33]
g528(765,160,772)@[12,17]
g528(667,821,507)@[15,44]
g528(971,823,16)@[6,32]
g527(219,919,682,578)@[13,24]
g529(43,278,93,945)@[23,24]
g526(744,709)@[25,39]
g528(505,618,76)@[34,37]
g528(840,422,847)@[15,25]
g529(550,725,630,886)@[1,38]
g528(201,838,451)@[7,26]
g528(322,946,580)@[37,48]
g527(598,849,548,122)@[10,11]
g526(285,424)@[1,13]
g528(786,328,133)@[12,45]
g529(803,731,390,12)@[32,48]
g528(342,143,118)@[23,28]
g528(174,150,189)@[27,29]
g528(139,105,352)@[23,42]
g526(416,190)@[20,48]
g528(539,892,638)@[21,48]
g526(615,852)@[2,23]
g528(349,191,310)@[41,47]
g526(781,968)@[34,38]
g528(780,178,909)@[8,28]
g528(866,937,63)@[15,31]
g526(327,964)@[15,21]
g528(378,192,266)@[34,48]
g528(847,536,272)@[22,23]
g528(425,558,424)@[3,34]
g526(766,956)@[24,47]
g528(438,175,376)@[7,32]
g528(362,338,747)@[25,29]
g528(286,794,355)@[11,41]
g526(299,687)@[2,13]
g528(725,850,685)@[33,41]
g526(557,779)@[26,34]
g528(41,928,265)@[8,47]
g528(992,209,973)@[3,20]
g528(194,217,354)@[13,31]
g527(688,787,40,174)@[0,31]
g528(123,410,255)@[20,37]
g528(998,9,106)@[32,35]
g527(752,479,870,689)@[20,22]
g528(720,262,140)@[0,29]
g528(489,129,898)@[8,28]
g526(803,42)@[3,31]
g527(427,407,972,309)@[6,14]
g528(697,109,341)@[13,32]
g528(607,18,887)@[8,38]
g528(591,16,356)@[29,32]
g528(753,296,583)@[22,39]
g528(275,502,171)@[17,47]
g528(598,377,899)@[18,35]
g528(481,555,915)@[33,38]
g528(122,922,54)@[33,45]
g528(579,241,409)@[22,39]
g526(160,449)@[4,13]
g526(438,580)@[24,30]
g528(237,358,587)@[36,41]
g528(128,579,227)@[28,37]
g528(936,640,775)@[19,24]
g528(372,511,841)@[23,29]
g528(923,388,230)@[26,32]
g529(47,649,111,925)@[28,41]
g528(664,144,831)@[28,36]
g526(897,878)@[0,47]
g528(854,922,755)@[10,29]
g526(961,156)@[11,16]
g526(754,831)@[9,32]
g528(143,843,617)@[36,46]
g528(673,862,459)@[2,33]
g528(778,893,215)@[4,37]
g527(285,544,563,420)@[33,42]
g526(860,7)@[17,48]
g528(88,529,963)@[30,47]
g526(178,802)@[2,3]
g528(926,831,660)@[17,18]
g528(457,484,405)@[43,45]
g528(416,582,923)@[27,39]
g528(519,606,260)@[14,44]
g526(509,153)@[36,43]
g528(118,506,56)@[7,44]
g528(103,865,40)@[24,37]
g528(760,901,787)@[19,49]
g528(201,450,478)@[8,49]
g528(912,958,759)@[29,35]
g528(845,544,831)@[1,2]
g528(438,960,178)@[1,39]
g528(918,928,564)@[7,18]
g528(331,36,483)@[37,39]
g528(448,864,178)@[0,25]
g528(13,489,49)@[8,14]
g528(867,836,285)@[5,42]
g526(806,33)@[27,44]
g526(624,566)@[13,36]
g526(296,750)@[9,42]
g528(465,976,199)@[8,30]
g528(658,42,803)@[14,44]
g528(56,149,198)@[19,31]
g528(456,232,573)@[12,41]
g526(836,225)@[40,47]
g526(119,927)@[38,48]
g529(937,73,730,194)@[45,48]
g529(528,736,414,37)@[6,43]
g528(949,8,442)@[21,49]
g528(730,343,949)@[16,31]
g526(669,737)@[46,49]
g528(609,332,870)@[25,38]
g528(105,814,436)@[8,27]
g526(138,657)@[6,8]
g526(362,624)@[2,44]
g528(132,847,749)@[4,23]
g527(924,276,428,102)@[8,9]
g528(230,587,949)@[3,46]
g527(851,993,101,890)@[21,38]
g528(943,580,743)@[34,48]
g526(424,456)@[8,28]
g528(616,960,683)@[0,5]
g528(877,441,999)@[3,47]
g528(367,697,70)@[3,18]
g526(181,337)@[12,32]
g528(316,752,498)@[7,19]
g528(552,173,930)@[11,40]
g528(629,427,652)@[8,29]
g528(689,882,302)@[3,13]
g528(859,145,305)@[26,41]
g526(652,789)@[2,39]
g526(839,485)@[27,43]
g526(615,115)@[11,18]
g528(28,470,290)@[23,45]
g526(949,925)@[6,47]
g528(787,531,179)@[0,28]
g528(828,414,215)@[19,49]
g528(66,58,686)@[9,48]
g528(73,850,685)@[0,3]
g528(99,313,600)@[8,24]
g528(41,282,523)@[11,30]
g528(557,339,517)@[28,31]
g526(879,382)@[2,29]
g528(371,56,359)@[14,16]
g528(732,817,278)@[29,30]
g528(432,168,849)@[7,39]
g528(244,710,626)@[29,39]
g528(288,195,847)@[2,12]
g528(359,206,337)@[15,17]
g528(698,889,599)@[6,27]
g526(253,802)@[9,14]
g527(31,825,864,581)@[21,38]
g526(691,621)@[7,42]
g529(543,164,211,276)@[0,47]
g528(162,32,338)@[38,40]
g528(922,616,755)@[31,44]
g526(305,890)@[13,32]
g528(925,21,830)@[31,33]
g527(904,708,681,743)@[21,25]
g528(705,846,303)@[12,48]
g528(496,804,277)@[1,23]
g529(157,819,267,726)@[1,41]
g526(372,22)@[7,16]
g526(869,168)@[24,35]
g528(682,132,462)@[17,49]
g528(395,756,518)@[26,32]
g528(86,128,568)@[16,42]
g528(773,904,187)@[5,30]
g528(337,771,708)@[14,44]
g526(649,697)@[7,14]
g528(94,791,716)@[3,5]
g528(229,745,511)@[8,23]
g528(117,303,320)@[9,29]
g528(497,92,275)@[35,41]
g528(177,607,835)@[23,46]
g526(563,854)@[31,43]
g528(426,880,885)@[0,30]
g528(583,414,700)@[29,40]
g526(946,413)@[2,22]
g528(285,162,836)@[14,34]
g528(235,159,722)@[8,28]
g526(551,832)@[25,29]
g526(611,262)@[6,7]
g528(846,916,511)@[1,24]
g528(992,952,101)@[14,36]
g528(444,753,786)@[25,27]
g526(171,31)@[14,32]
g526(459,386)@[0,45]
g526(513,126)@[14,45]
g528(236,957,871)@[8,13]
g528(931,184,659)@[21,31]
g528(298,68,966)@[5,16]
g528(972,315,593)@[5,23]
g528(982,685,995)@[14,32]
g527(407,745,65,937)@[14,15]
g528(183,443,530)@[10,20]
g526(441,205)@[17,29]
g528(932,8,400)@[20,23]
g528(671,266,114)@[10,40]
g528(153,71,641)@[10,38]
g526(729,216)@[22,23]
g528(621,817,461)@[15,41]
g527(993,850,770,152)@[15,44]
g528(575,354,137)@[22,38]
g526(203,841)@[24,30]
g528(520,163,284)@[10,33]
g528(925,649,47)@[7,12]
g526(28,250)@[17,21]
g526(237,45)@[12,25]
g528(909,632,286)@[7,16]
g528(751,135,191)@[18,44]
g528(260,71,47)@[14,24]
g526(849,704)@[0,23]
g528(293,559,217)@[5,45]
g527(877,578,676,761)@[18,48]
g528(516,486,918)@[5,45]
g526(221,177)@[9,47]
g526(478,609)@[0,35]
g526(28,61)@[21,40]
g528(313,247,425)@[15,36]
g527(109,461,96,593)@[0,6]
g528(715,781,981)@[0,14]
g528(156,370,190)@[21,22]
g528(872,307,436)@[16,35]
g528(854,851,464)@[13,46]
g528(681,968,238)@[38,43]
g528(404,152,679)@[40,41]
g526(636,104)@[19,35]
g528(394,571,13)@[29,43]
g528(870,355,253)@[39,46]
g528(37,736,528)@[14,47]
g528(749,8,991)@[9,29]
g528(615,496,709)@[14,17]
g526(270,980)@[38,44]
g528(412,449,913)@[1,17]
g528(594,320,765)@[6,17]
g528(202,860,632)@[11,48]
g529(571,238,727,543)@[0,47]
g529(28,802,671,536)@[7,45]
g528(780,267,674)@[12,32]
g526(382,155)@[5,28]
g526(298,320)@[18,24]
g526(406,147)@[15,46]
g528(367,211,450)@[5,23]
g528(128,186,448)@[19,43]
g528(544,237,366)@[21,44]
g529(77,568,724,806)@[15,38]
g528(418,327,182)@[8,13]
g526(494,311)@[6,19]
g528(922,921,715)@[0,48]
g528(664,321,932)@[0,14]
g528(393,36,713)@[6,24]
g526(409,559)@[8,26]
g528(604,412,522)@[37,42]
g528(645,51,612)@[4,37]
g528(927,354,801)@[24,25]
g528(199,642,999)@[4,48]
g529(397,48,435,572)@[15,33]
g528(217,687,299)@[19,25]
g526(215,719)@[33,47]
g526(610,51)@[5,36]
g526(172,632)@[12,25]
g526(964,890)@[19,33]
g528(274,709,744)@[11,44]
g528(909,520,272)@[6,9]
g528(333,746,665)@[34,36]
g526(24,956)@[6,20]
g526(311,166)@[4,44]
g528(957,987,589)@[1,13]
g526(475,775)@[4,39]
g528(870,494,864)@[30,47]
g528(853,10,563)@[31,41]
g526(974,602)@[9,40]
g528(12,129,206)@[1,8]
g528(629,401,744)@[41,46]
g526(965,823)@[14,49]
g528(951,348,540)@[34,41]
g528(997,355,978)@[9,30]
g528(966,376,628)@[31,48]
g527(779,647,399,777)@[37,45]
g526(865,192)@[1,44]
g528(898,485,616)@[23,47]
g528(53,952,258)@[35,39]
g528(107,153,598)@[19,35]
g526(909,434)@[11,13]
g526(766,529)@[20,37]
g526(927,530)@[16,17]
g526(56,476)@[4,31]
g526(366,5)@[4,26]
g528(583,264,662)@[17,25]
g528(221,418,868)@[5,31]
g528(603,803,855)@[13,22]
g528(221,155,407)@[13,34]
g528(52,821,700)@[10,33]
g528(716,26,165)@[14,30]
g528(562,940,694)@[14,35]
g526(112,152)@[10,26]
g528(607,270,895)@[0,37]
g528(27,39,214)@[0,31]
g528(106,166,231)@[44,48]
g528(859,555,433)@[31,36]
g528(679,261,748)@[4,42]
g528(694,480,857)@[11,25]
g528(207,1,3)@[14,43]
g526(703,467)@[0,41]
g528(423,671,779)@[4,32]
g528(649,265,664)@[33,34]
g528(708,716,445)@[30,42]
g528(890,113,885)@[26,47]
g529(841,871,245,528)@[13,25]
g528(819,132,765)@[16,29]
g528(877,743,513)@[0,4]
g527(389,144,308,677)@[16,24]
g526(273,669)@[12,46]
g528(964,731,564)@[5,20]
g528(250,251,312)@[47,48]
g526(537,9)@[17,19]
g528(775,914,740)@[23,25]
g528(986,740,685)@[29,35]
g528(619,991,962)@[1,49]
g526(377,764)@[1,40]
g528(776,340,260)@[16,42]
g528(570,412,135)@[5,11]
g526(167,488)@[32,45]
g526(732,450)@[8,25]
g528(319,258,638)@[0,37]
g528(44,760,360)@[0,20]
g528(908,578,848)@[2,45]
g528(597,940,802)@[26,39]
g528(189,854,510)@[27,39]
g528(60,968,923)@[6,29]
g528(841,424,581)@[6,20]
g528(871,668,873)@[36,37]
g528(230,406,472)@[26,44]
g526(301,603)@[11,24]
g526(643,265)@[13,42]
g528(305,954,166)@[30,40]
g526(109,864)@[21,39]
g528(123,372,190)@[0,30]
g528(707,476,397)@[22,39]
g528(597,31,203)@[4,32]
g526(723,70)@[41,45]
g526(244,133)@[0,21]
g528(647,411,602)@[19,22]
g529(162,225,278,105)@[0,23]
g528(868,498,606)@[15,27]
g526(646,264)@[2,26]
g528(59,875,288)@[6,41]
g528(64,241,849)@[14,26]
g528(363,868,522)@[16,40]
g528(617,184,316)@[1,30]
g526(609,940)@[24,39]
g526(278,243)@[5,49]
g528(120,554,654)@[4,32]
g526(680,406)@[30,45]
g528(151,991,799)@[13,15]
g527(273,40,736,438)@[19,30]
g526(540,348)@[12,49]
g529(133,328,8,786)@[2,10]
g528(940,159,325)@[8,16]
g528(507,194,975)@[31,37]
g528(767,992,619)@[0,3]
g528(314,955,420)@[1,3]
g528(145,843,45)@[19,43]
g526(37,211)@[27,44]
g527(402,820,29,60)@[7,39]
g528(821,957,194)@[23,27]
g526(81,123)@[22,36]
g526(745,84)@[7,10]
g528(135,205,155)@[1,46]
g528(186,526,730)@[11,48]
g528(917,659,923)@[30,37]
g528(554,428,460)@[7,12]
g528(659,555,393)@[42,46]
g526(762,772)@[17,29]
g526(567,102)@[5,14]
g526(668,642)@[1,40]
g526(806,177)@[6,8]
g526(360,867)@[42,43]
g526(575,156)@[12,23]
g527(520,569,168,753)@[7,42]
g528(433,311,558)@[29,47]
g528(828,817,473)@[11,23]
g528(931,938,199)@[6,43]
g528(994,15,849)@[35,37]
g526(434,54)@[35,45]
g526(293,893)@[31,32]
g528(733,569,324)@[0,42]
g528(667,571,786)@[7,47]
g528(719,498,893)@[35,48]
g529(685,752,4,680)@[6,7]
g527(838,662,763,361)@[1,43]
g526(615,801)@[10,20]
g528(106,21,866)@[30,46]
g528(985,853,243)@[3,48]
g526(112,581)@[19,39]
g526(716,454)@[10,38]
g528(688,410,529)@[19,29]
g528(994,960,937)@[11,21]
g526(687,361)@[6,35]
g528(165,115,969)@[3,21]
g526(588,299)@[12,18]
g528(126,433,290)@[12,28]
g528(337,674,742)@[37,46]
g528(360,52,648)@[6,46]
g527(901,559,619,683)@[9,37]
g528(791,326,418)@[7,46]
g528(373,960,231)@[13,46]
g526(797,598)@[3,28]
g528(233,420,327)@[9,35]
g528(62,91,850)@[46,47]
g528(16,956,147)@[1,6]
g528(997,292,138)@[12,28]
g528(10,339,800)@[20,21]
g528(644,420,723)@[4,5]
g528(899,55,608)@[39,43]
g526(10,291)@[40,42]
g526(102,881)@[31,48]
g529(985,459,673,862)@[28,46]
g528(515,525,357)@[32,43]
g528(134,338,719)@[4,26]
g528(213,120,742)@[13,48]
g528(387,340,472)@[4,42]
g528(448,380,945)@[8,38]
g526(184,716)@[1,38]
g526(242,864)@[13,24]
g528(996,376,335)@[37,39]
g528(608,577,189)@[8,21]
g526(953,828)@[32,35]
g528(504,941,475)@[25,45]
g528(386,737,99)@[40,45]
g528(676,188,286)@[33,46]
g528(115,740,297)@[8,34]
g528(193,997,978)@[3,45]
g528(962,116,799)@[23,44]
g526(140,85)@[35,41]
g528(896,785,241)@[17,42]
g528(665,61,874)@[17,23]
g526(543,291)@[0,14]
g528(901,333,724)@[1,2]
g528(198,314,965)@[12,29]
g526(782,662)@[29,39]
g528(683,558,439)@[27,44]
g528(741,716,250)@[21,48]
g526(890,771)@[44,45]
g528(909,79,606)@[3,43]
g526(419,658)@[14,25]
g528(825,959,945)@[28,42]
g529(761,306,900,264)@[2,45]
g528(794,749,786)@[14,25]
g528(108,931,443)@[6,19]
g528(968,992,796)@[26,37]
g526(548,370)@[0,31]
g528(850,826,511)@[26,39]
g528(368,857,621)@[8,45]
g527(267,750,968,565)@[0,47]
g526(958,285)@[31,32]
g528(494,781,526)@[10,28]
g528(286,911,928)@[4,11]
g528(703,392,959)@[14,43]
g528(625,243,767)@[0,48]
g528(321,190,352)@[27,29]
g528(916,83,705)@[10,34]
g526(508,179)@[33,34]
g528(250,158,188)@[7,9]
g528(516,934,842)@[4,18]
g528(221,132,121)@[18,36]
g528(387,704,219)@[32,48]
g527(768,130,908,159)@[12,39]
g526(115,213)@[33,38]
g528(739,407,853)@[20,35]
g528(939,89,673)@[4,33]
g528(782,831,538)@[1,27]
g528(924,803,766)@[27,40]
g526(617,897)@[28,44]
g526(33,135)@[7,27]
g528(373,22,364)@[31,38]
g526(2,182)@[0,4]
g528(358,607,280)@[8,49]
g526(267,720)@[16,43]
g528(356,21,922)@[8,31]
g528(83,772,404)@[28,40]
g528(610,75,534)@[2,14]
g528(932,453,324)@[17,49]
g528(847,406,290)@[38,49]
g528(580,750,639)@[23,44]
g528(896,11,118)@[28,49]
g528(317,352,514)@[6,9]
g526(190,216)@[28,32]
g528(521,756,54)@[1,30]
g526(194,190)@[5,43]
g528(332,712,265)@[11,27]
g528(545,636,557)@[24,25]
g526(511,112)@[2,9]
g528(449,738,270)@[0,2]
g528(572,702,420)@[25,34]
g526(400,985)@[4,44]
g528(392,565,104)@[32,48]
g528(828,177,981)@[24,27]
g528(995,388,44)@[18,27]
g526(920,491)@[9,21]
g528(682,329,421)@[19,29]
g526(280,358)@[39,40]
g528(140,318,251)@[31,33]
g526(745,757)@[22,47]
g527(798,387,380,454)@[32,46]
g526(816,685)@[2,8]
g528(93,4,390)@[22,25]
g528(73,16,101)@[16,34]
g528(806,741,87)@[1,25]
g528(729,352,481)@[0,1]
g528(241,110,374)@[46,49]
g528(309,740,503)@[10,12]
g528(157,918,526)@[11,22]
g528(134,490,473)@[28,41]
g528(783,413,985)@[18,29]
g526(657,846)@[33,37]
g528(461,66,127)@[8,10]
g528(985,363,247)@[18,46]
g526(41,171)@[28,46]
g528(590,104,958)@[10,21]
g526(988,98)@[2,42]
g528(984,893,293)@[9,15]
g528(619,509,628)@[6,39]
g526(382,326)@[38,41]
g528(623,717,644)@[29,39]
g528(16,146,225)@[23,28]
g528(140,371,690)@[11,41]
g526(119,600)@[11,26]
g528(130,910,844)@[9,11]
g528(692,400,491)@[18,46]
g528(253,10,581)@[15,26]
g528(466,934,388)@[33,44]
g526(283,326)@[24,44]
g527(29,402,358,51)@[18,25]
g526(628,693)@[10,33]
g528(366,222,297)@[27,29]
g528(826,668,823)@[20,34]
g528(142,129,229)@[8,32]
g528(220,555,944)@[11,44]
g526(418,326)@[12,16]
g526(997,302)@[3,49]
g528(142,131,419)@[2,15]
g527(987,529,682,100)@[5,36]
g526(99,629)@[17,25]
g528(706,408,834)@[13,16]
g526(739,868)@[5,35]
g526(107,212)@[4,23]
g528(247,643,436)@[22,30]
g526(942,966)@[26,49]
g528(793,322,6)@[6,16]
g528(394,181,12)@[14,16]
g528(162,17,508)@[11,18]
g528(713,764,887)@[37,40]
g526(980,572)@[29,38]
g527(200,117,797,289)@[25,32]
g528(203,888,761)@[9,34]
g527(843,740,745,776)@[14,48]
g528(815,11,327)@[31,47]
g528(225,772,453)@[20,39]
g527(696,544,360,831)@[17,31]
g526(131,666)@[3,42]
g528(688,51,617)@[18,36]
g528(174,648,303)@[28,32]
g528(610,401,578)@[5,24]
g526(145,954)@[24,25]
g528(22,838,772)@[2,37]
g528(36,223,984)@[6,38]
g528(645,754,319)@[3,27]
g527(746,918,978,881)@[9,49]
g528(139,9,356)@[10,41]
g528(727,672,696)@[1,6]
g528(489,998,141)@[24,45]
g527(803,390,731,12)@[20,40]
g528(340,772,115)@[27,43]
g528(95,136,835)@[46,47]
g526(339,451)@[1,5]
g526(635,228)@[9,11]
g528(887,661,37)@[17,32]
g528(715,662,60)@[12,13]
g528(684,731,463)@[38,43]
g526(437,189)@[1,29]
g528(942,68,114)@[9,49]
g528(584,885,116)@[23,24]
g528(249,740,492)@[22,24]
g526(993,152)@[10,23]
g528(671,623,794)@[12,16]
g527(796,98,836,992)@[7,37]
g528(523,730,828)@[28,43]
g526(690,664)@[0,21]
g529(937,960,389,994)@[9,41]
g528(292,817,67)@[11,17]
g528(242,520,163)@[12,35]
g528(852,303,846)@[17,39]
g526(145,746)@[38,48]
g526(523,355)@[45,48]
g529(418,476,36,71)@[31,38]
g528(705,160,706)@[12,44]
g528(323,112,575)@[8,16]
g527(854,723,783,914)@[30,31]
g526(713,532)@[12,32]
g527(993,228,626,930)@[19,38]
g528(44,893,590)@[11,38]
g526(606,215)@[30,43]
g528(19,249,900)@[15,49]
g528(446,828,953)@[23,40]
g528(917,139,14)@[19,40]
g528(391,33,591)@[7,38]
g528(373,248,980)@[8,19]
g528(108,855,146)@[14,42]
g528(401,56,463)@[3,20]
g528(716,987,803)@[22,41]
g526(650,664)@[11,17]
g528(346,953,751)@[19,42]
g528(802,406,959)@[32,38]
g528(389,101,194)@[5,10]
g526(510,752)@[31,43]
g528(461,597,222)@[19,28]
g526(300,738)@[35,39]
g528(649,540,163)@[19,30]
g528(253,224,311)@[4,21]
g526(374,339)@[11,36]
g528(352,590,869)@[24,44]
g528(669,659,136)@[13,45]
g526(462,261)@[15,28]
g528(935,432,917)@[10,34]
g528(623,881,888)@[7,8]
g528(517,139,181)@[0,35]
g528(924,489,718)@[16,30]
g528(187,252,962)@[22,40]
g526(941,315)@[40,45]
g528(558,142,828)@[2,47]
g526(546,275)@[13,37]
g526(796,177)@[34,41]
g528(691,812,501)@[19,48]
g528(481,655,303)@[0,26]
g526(506,755)@[1,43]
g526(92,563)@[1,30]
g528(685,897,617)@[25,40]
g528(110,449,125)@[28,29]
g528(373,115,135)@[18,45]
g528(347,831,294)@[36,49]
g528(212,231,907)@[41,49]
g528(97,473,973)@[23,45]
g528(945,856,600)@[23,27]
g526(814,251)@[14,16]
g528(270,871,840)@[4,31]
g528(655,119,776)@[9,45]
g526(943,745)@[24,29]
g528(985,899,413)@[21,35]
g526(727,238)@[23,44]
g528(156,682,341)@[32,34]
g528(44,638,514)@[7,15]
g528(600,178,99)@[40,41]
g528(788,920,828)@[34,40]
g528(630,899,798)@[20,47]
g528(181,130,923)@[22,41]
g528(91,719,452)@[23,35]
g528(202,252,266)@[14,45]
g528(209,386,234)@[43,48]
g528(906,923,445)@[20,25]
g528(511,486,587)@[12,46]
g528(138,95,384)@[13,43]
g528(66,543,23)@[21,43]
g528(811,783,723)@[6,40]
g526(871,93)@[14,33]
g528(422,215,19)@[0,30]
g528(479,208,258)@[3,28]
g526(100,413)@[32,39]
g526(764,780)@[1,44]
g528(284,195,350)@[0,31]
g527(320,119,600,303)@[2,24]
g528(689,575,821)@[5,32]
g528(843,49,518)@[16,28]
g528(616,540,653)@[27,46]
g528(452,509,704)@[5,11]
g528(52,736,768)@[22,39]
g526(427,41)@[10,44]
g528(133,766,694)@[33,48]
g526(663,857)@[2,46]
g528(302,407,319)@[13,41]
g529(508,604,197,369)@[17,39]
g528(371,330,766)@[21,23]
g529(83,705,800,872)@[20,25]
g528(679,277,705)@[21,25]
g526(18,804)@[32,41]
g526(569,489)@[11,13]
g527(504,433,661,567)@[17,25]
g528(771,597,934)@[34,42]
g526(94,278)@[21,49]
g526(511,497)@[17,42]
g526(599,397)@[12,22]
g528(509,527,729)@[14,40]
g527(335,667,169,649)@[10,42]
g528(45,474,38)@[18,49]
g526(482,908)@[36,44]
g528(795,839,212)@[10,37]
g528(410,798,574)@[7,20]
g529(446,693,464,948)@[39,40]
g528(59,623,573)@[12,40]
g526(783,432)@[17,41]
g528(885,295,806)@[27,29]
g526(725,58)@[5,30]
g526(59,82)@[4,25]
g528(881,978,746)@[37,43]
g528(227,388,913)@[12,21]
g528(110,666,308)@[10,49]
g528(795,717,256)@[19,28]
g526(293,538)@[6,24]
g529(165,653,666,895)@[8,40]
g526(63,787)@[19,23]
g528(798,459,775)@[26,28]
g528(411,927,119)@[27,44]
g528(764,323,694)@[2,43]
g528(12,149,405)@[17,39]
g526(510,854)@[12,30]
g528(237,909,500)@[28,43]
g526(27,642)@[31,32]
g526(366,564)@[8,19]
g528(12,374,432)@[15,43]
g528(977,379,129)@[21,43]
g528(115,94,958)@[17,23]
g526(579,655)@[21,31]
g526(973,151)@[35,39]
g528(501,289,1)@[21,29]
g528(956,47,318)@[4,39]
g528(846,567,128)@[16,18]
g526(341,774)@[21,35]
g526(858,143)@[8,15]
g528(837,752,233)@[29,34]
g526(571,21)@[40,41]
g529(957,800,922,151)@[24,33]
g528(900,322,843)@[13,38]
g528(624,876,173)@[9,35]
g528(227,575,248)@[13,29]
g526(190,114)@[12,27]
g526(705,83)@[17,26]
g528(37,447,872)@[1,34]
g528(429,602,248)@[33,46]
g526(944,555)@[33,49]
g528(829,666,131)@[27,37]
g528(846,243,918)@[26,42]
g528(336,656,946)@[12,30]
g528(901,441,987)@[31,41]
g528(547,333,240)@[21,33]
g526(952,469)@[22,45]
g528(191,154,599)@[16,23]
g528(585,617,767)@[4,23]
g526(714,115)@[4,24]
g527(444,62,216,372)@[23,33]
g526(239,210)@[35,38]
g528(814,293,447)@[6,21]
g529(348,536,283,324)@[16,31]
g528(466,224,393)@[2,9]
g526(815,550)@[2,38]
g529(893,337,486,356)@[8,12]
g528(956,861,284)@[14,33]
g528(784,806,832)@[24,32]
g526(361,418)@[19,43]
g528(644,642,27)@[20,44]
g528(659,997,292)@[2,25]
g528(52,130,691)@[10,21]
g528(419,822,412)@[14,15]
g528(678,922,502)@[4,9]
g528(123,447,157)@[8,44]
g528(923,715,202)@[4,12]
g528(361,815,850)@[12,13]
g528(182,114,896)@[19,32]
g528(442,115,286)@[31,39]
g526(882,473)@[10,11]
g526(581,435)@[0,6]
g528(455,52,820)@[2,40]
g529(934,994,651,894)@[21,30]
g528(199,297,538)@[12,43]
g527(391,957,295,559)@[24,38]
g526(176,23)@[33,38]
g528(876,744,173)@[27,30]
g528(958,899,19)@[15,33]
g528(233,55,665)@[13,28]
g526(40,128)@[2,48]
g526(986,902)@[28,33]
g528(282,271,680)@[8,19]
g528(345,547,942)@[21,22]
g528(341,321,521)@[30,38]
g528(650,804,18)@[15,32]
g528(593,159,934)@[12,33]
g528(467,914,655)@[41,48]
g528(657,377,451)@[4,32]
g528(540,809,124)@[17,38]
g528(705,940,443)@[28,29]
g528(877,605,187)@[16,20]
g526(876,419)@[17,37]
g529(202,715,244,923)@[0,43]
g526(842,33)@[9,21]
g528(765,783,183)@[15,23]
g528(693,935,941)@[30,39]
g528(563,318,599)@[2,32]
g526(253,900)@[10,27]
g526(64,849)@[2,29]
g528(829,896,702)@[0,38]
g528(441,192,849)@[0,24]
g528(977,82,83)@[24,44]
g526(198,857)@[20,27]
g526(108,146)@[19,32]
g528(32,851,403)@[6,48]
g526(463,907)@[21,43]
g526(303,864)@[2,5]
g528(761,676,877)@[8,11]
g528(65,787,477)@[12,28]
g528(177,663,401)@[14,32]
g528(326,775,37)@[7,23]
g526(599,743)@[30,36]
g526(166,295)@[30,32]
g528(18,890,804)@[34,47]
g528(257,527,820)@[22,49]
g528(500,783,473)@[7,35]
g528(958,956,33)@[16,47]
g528(6,345,503)@[2,18]
g528(405,376,590)@[23,38]
g528(103,557,751)@[7,29]
g528(356,386,213)@[7,46]
g528(290,433,941)@[15,45]
g526(925,345)@[29,32]
g526(483,129)@[9,39]
g527(227,775,799,415)@[25,45]
g526(280,958)@[39,42]
g528(585,634,424)@[11,22]
g527(836,999,295,225)@[17,20]
g528(247,590,664)@[11,20]
g528(684,917,982)@[44,48]
g526(296,187)@[22,36]
g528(403,590,364)@[31,41]
g528(187,977,689)@[15,39]
g528(518,158,347)@[2,24]
g528(870,133,191)@[23,46]
g528(145,950,146)@[29,40]
g526(931,776)@[32,34]
g526(928,737)@[0,1]
g528(122,615,901)@[23,46]
g526(386,545)@[22,27]
g528(184,424,519)@[18,28]
g526(626,744)@[22,30]
g528(406,543,897)@[0,35]
g528(308,526,60)@[5,28]
g526(484,766)@[0,13]
g526(322,155)@[12,37]
g528(845,524,605)@[13,36]
g528(859,812,403)@[5,40]
g527(298,473,307,828)@[2,44]
g526(342,116)@[18,35]
g528(698,922,946)@[25,34]
g527(490,656,418,528)@[21,39]
g528(637,84,180)@[4,16]
g528(713,133,994)@[15,38]
g528(274,147,471)@[40,48]
g528(551,190,190)@[6,20]
g528(363,331,578)@[20,30]
g528(97,11,574)@[29,37]
g528(735,655,579)@[5,37]
g528(220,527,908)@[9,49]
g528(985,524,907)@[0,7]
g526(419,295)@[10,49]
g528(138,642,395)@[28,30]
g527(615,273,150,608)@[14,26]
g528(330,163,354)@[8,13]
g528(651,289,133)@[27,33]
g528(166,858,43)@[34,43]
g528(648,390,481)@[15,40]
g526(891,529)@[14,43]
g528(3,689,545)@[36,39]
g526(100,303)@[4,29]
g528(686,451,109)@[28,37]
g528(610,587,562)@[0,49]
g526(850,91)@[21,49]
g528(349,882,109)@[4,34]
g528(801,959,218)@[10,22]
g528(432,14,826)@[19,29]
g528(717,570,277)@[46,49]
g528(531,438,101)@[12,15]
g526(982,759)@[1,4]
g528(510,33,4)@[2,46]
g526(578,676)@[2,16]
g528(380,153,954)@[4,40]
g528(184,249,225)@[10,45]
g528(194,338,572)@[32,43]
g526(746,443)@[8,40]
g526(985,247)@[9,44]
g528(799,142,741)@[17,20]
g528(804,353,456)@[5,47]
g528(992,969,591)@[10,30]
g528(725,0,182)@[5,31]
g528(752,623,258)@[17,29]
g528(377,285,650)@[12,19]
g526(828,139)@[6,45]
g528(778,440,374)@[11,18]
g528(239,449,67)@[39,40]
g526(129,187)@[9,41]
g528(705,98,792)@[16,35]
g528(948,562,216)@[11,42]
g526(416,40)@[16,18]
g528(560,182,477)@[29,37]
g526(539,402)@[13,31]
g528(523,718,636)@[30,47]
g528(238,53,492)@[31,42]
g528(710,822,404)@[42,48]
g526(699,476)@[12,22]
g528(880,554,278)@[21,48]
g528(273,633,46)@[18,34]
g526(901,615)@[8,27]
g528(51,469,540)@[14,38]
g528(787,603,407)@[14,19]
g528(551,210,552)@[3,21]
g526(262,262)@[31,39]
g526(274,280)@[28,34]
g528(979,851,939)@[31,38]
g527(426,277,695,717)@[21,36]
g528(261,48,235)@[11,25]
g528(671,899,106)@[19,41]
g528(19,565,658)@[1,3]
g528(15,378,849)@[0,8]
g526(983,56)@[17,45]
g529(461,153,598,919)@[4,31]
g528(276,79,765)@[30,33]
g528(189,282,822)@[26,35]
g528(642,964,986)@[20,40]
g528(870,136,86)@[10,39]
g526(185,987)@[13,22]
g528(217,361,687)@[10,32]
g526(279,242)@[35,47]
g526(795,241)@[9,33]
g529(305,240,132,400)@[35,39]
g526(999,374)@[4,8]
g526(402,22)@[10,45]
g528(503,119,575)@[16,39]
g528(206,788,853)@[2,31]
g529(844,910,962,130)@[10,44]
g528(909,604,755)@[4,35]
g528(909,675,843)@[23,30]
g528(978,239,870)@[16,22]
g528(860,904,173)@[32,41]
g526(342,672)@[1,11]
g528(554,373,821)@[24,31]
g527(239,669,612,580)@[22,42]
g528(650,644,426)@[44,48]
g528(453,111,950)@[13,30]
g529(854,693,924,71)@[33,47]
g528(323,352,906)@[8,9]
g528(158,472,466)@[14,20]
g528(628,545,177)@[23,48]
g528(178,232,892)@[9,46]
g528(436,361,607)@[39,49]
g526(722,479)@[12,41]
g528(849,627,265)@[43,45]
g526(250,188)@[0,26]
g526(920,224)@[22,45]
g528(317,354,741)@[15,31]
g528(626,841,250)@[2,41]
g528(414,890,423)@[27,38]
g528(495,994,10)@[6,16]
g528(140,615,120)@[18,43]
g528(814,324,327)@[17,49]
g528(904,826,130)@[13,34]
g528(158,993,909)@[7,23]
g528(290,661,680)@[5,33]
g526(415,82)@[32,33]
g526(474,168)@[34,35]
g528(296,343,349)@[3,21]
g526(592,999)@[34,35]
g526(676,777)@[24,25]
g526(370,236)@[33,41]
g528(829,522,240)@[15,25]
g528(871,334,84)@[7,20]
g526(153,629)@[4,23]
g526(617,182)@[2,29]
g528(844,383,642)@[5,15]
g526(712,667)@[16,22]
g529(576,2,363,995)@[18,40]
g528(441,578,607)@[0,21]
g528(413,989,45)@[21,30]
g526(132,240)@[12,25]
g526(286,772)@[33,46]
g528(163,697,141)@[0,18]
g528(126,160,581)@[11,38]
g528(208,56,925)@[3,45]
g528(696,736,862)@[7,36]
g526(483,456)@[13,26]
g528(844,358,217)@[7,16]
g528(833,393,612)@[12,18]
g528(543,238,571)@[26,39]
g528(76,550,491)@[1,12]
g528(860,583,414)@[35,41]
g528(918,878,833)@[12,44]
g528(364,680,238)@[15,30]