g874(323,496,826,242)@[12,44]
g874(877,832,598,626)@[43,44]
g874(187,641,368,577)@[40,49]
g873(607,751,128,261)@[33,43]
g874(191,169,375,579)@[38,44]
g874(685,539,96,422)@[9,21]
g874(619,413,32,121)@[22,27]
g873(87,200,841,807)@[9,22]
g873(192,232,416,823)@[22,36]
g874(870,457,797,158)@[13,42]
g873(493,293,905,426)@[4,17]
g873(570,899,606,528)@[7,38]
g874(254,629,841,203)@[6,15]
g874(428,496,68,142)@[0,46]
g873(111,521,456,425)@[11,42]
g873(339,375,766,695)@[0,43]
g873(745,475,852,856)@[11,12]
g874(318,204,649,547)@[28,36]
g873(254,284,542,339)@[5,21]
g874(0,769,629,686)@[14,24]
g873(551,42,81,296)@[4,35]
g874(78,311,675,514)@[18,37]
g873(3,60,703,538)@[8,11]
g874(499,651,408,653)@[26,49]
g873(897,576,46,516)@[16,26]
g874(218,208,1,888)@[15,25]
g874(633,282,309,275)@[14,46]
g874(103,698,842,0)@[9,47]
g873(184,838,551,766)@[29,36]
g873(811,819,902,510)@[19,27]
g874(438,228,1,326)@[13,46]
g874(305,532,515,194)@[20,32]
g874(617,492,893,482)@[6,7]
g873(795,276,572,90)@[39,40]
g873(629,436,697,199)@[33,43]
g874(227,909,207,297)@[21,27]
g873(808,412,882,199)@[4,28]
g874(513,221,441,295)@[19,22]
g874(530,404,208,146)@[2,25]
g874(472,450,698,563)@[28,44]
g874(473,525,718,9)@[5,49]
g874(517,212,856,572)@[29,31]
g874(696,756,908,880)@[25,48]
g873(150,379,18,617)@[13,15]
g874(364,696,881,578)@[42,49]
g874(11,163,710,142)@[10,37]
g874(360,101,434,115)@[3,48]
g873(801,389,368,367)@[6,41]
g873(760,58,830,625)@[36,47]
g874(152,272,366,35)@[5,47]
g874(899,658,170,97)@[1,49]
g873(363,79,481,248)@[38,47]
g874(338,598,527,209)@[6,38]
g873(62,350,474,810)@[23,35]
g874(135,72,559,103)@[20,41]
g874(416,232,414,192)@[0,25]
g873(173,267,395,813)@[1,47]
g874(199,423,281,528)@[5,20]
g874(70,496,469,754)@[21,32]
g874(547,175,546,195)@[25,47]
g874(359,750,897,229)@[15,35]
g873(106,184,30,463)@[0,48]
g874(343,642,563,274)@[38,45]
g874(665,280,515,344)@[13,35]
g874(825,840,162,119)@[21,26]
g874(490,813,442,17)@[35,40]
g873(396,521,905,869)@[13,25]
g873(596,823,250,593)@[15,36]
g874(764,596,859,147)@[35,36]
g874(76,358,836,592)@[5,35]
g873(13,671,655,725)@[19,49]
g873(46,304,783,202)@[5,32]
g874(791,271,687,191)@[0,43]
g874(60,512,11,732)@[29,37]
g874(190,365,139,794)@[23,25]
g874(11,163,646,142)@[16,46]
g874(58,645,430,895)@[7,42]
g874(337,902,288,757)@[7,27]
g874(297,598,649,682)@[10,41]
g874(550,688,274,485)@[6,7]
g874(849,487,175,392)@[38,45]
g873(0,97,664,260)@[38,41]
g874(368,389,139,801)@[9,17]
g874(250,161,147,337)@[2,28]
g874(559,290,392,521)@[10,34]
g874(735,896,357,294)@[0,16]
g874(606,623,460,509)@[29,33]
g874(294,525,368,342)@[23,43]
g874(461,206,693,782)@[2,27]
g874(537,255,249,590)@[0,49]
g873(824,272,557,658)@[10,39]
g874(900,445,603,437)@[11,49]
g874(509,810,221,47)@[8,37]
g873(579,685,521,789)@[19,33]
g874(94,20,382,437)@[1,47]
g874(368,389,384,801)@[23,27]
g873(733,613,386,85)@[3,12]
g874(37,853,841,494)@[3,24]
g874(363,573,151,4)@[0,18]
g873(507,323,443,292)@[4,24]
g874(236,296,898,663)@[10,15]
g874(871,612,865,601)@[8,35]
g874(353,521,777,187)@[27,30]
g874(43,703,565,337)@[41,46]
g874(858,807,650,74)@[2,8]
g874(113,33,751,560)@[4,46]
g874(32,2,596,653)@[10,25]
g874(728,578,122,668)@[6,40]
g874(894,20,727,826)@[27,32]
g873(1,732,264,771)@[36,41]
g873(51,497,870,840)@[35,42]
g874(382,547,168,146)@[28,32]
g873(663,769,425,613)@[6,34]
g874(455,688,700,318)@[35,42]
g874(207,227,76,139)@[4,23]
g874(728,578,122,668)@[12,46]
g874(843,873,551,670)@[19,46]
g874(745,327,85,852)@[24,39]
g873(12,436,732,42)@[40,48]
g873(378,750,409,37)@[8,19]
g874(166,563,265,67)@[23,34]
g874(185,58,537,138)@[25,42]
g874(263,256,139,792)@[6,37]
g874(689,576,177,906)@[45,47]
g873(458,86,886,270)@[29,39]
g874(477,870,124,738)@[3,8]
g874(454,32,877,721)@[13,16]
g873(453,495,71,385)@[27,43]
g874(917,478,392,818)@[13,47]
g874(908,237,596,632)@[20,30]
g874(188,238,611,211)@[14,37]
g874(297,841,440,84)@[11,49]
g874(275,97,795,452)@[22,44]
g874(239,26,401,181)@[18,35]
g874(521,685,460,579)@[3,31]
g874(497,165,29,275)@[8,27]
g874(411,219,607,409)@[19,43]
g874(663,438,367,392)@[13,35]
g873(548,20,579,76)@[16,35]
g874(770,86,611,376)@[1,20]
g873(295,238,825,24)@[0,44]
g874(851,98,587,730)@[18,46]
g874(175,276,404,433)@[35,41]
g873(750,105,755,361)@[27,42]
g874(371,163,311,777)@[21,46]
g874(119,736,530,662)@[5,48]
g874(765,811,400,715)@[2,16]
g874(239,26,401,181)@[7,44]
g874(1,113,527,618)@[12,22]
g874(44,630,690,220)@[17,40]
g874(269,325,582,395)@[10,31]
g874(868,118,583,851)@[44,46]
g874(296,55,812,85)@[4,45]
g874(778,569,414,479)@[2,29]
g874(704,670,8,426)@[28,32]
g874(89,908,296,112)@[18,30]
g874(698,232,597,225)@[2,6]
g873(382,813,390,194)@[15,32]
g874(120,388,588,733)@[1,13]
g874(577,390,136,471)@[38,39]
g873(289,354,596,72)@[23,44]
g873(396,521,905,880)@[19,47]
g873(612,835,190,21)@[25,26]
g874(93,584,677,83)@[8,41]
g873(494,771,303,570)@[18,21]
g874(740,861,75,430)@[18,20]
g874(200,298,908,423)@[21,35]
g873(715,707,495,486)@[12,20]
g874(570,907,789,439)@[12,36]
g874(359,255,156,912)@[6,8]
g874(803,36,7,197)@[1,10]
g874(361,369,450,51)@[3,39]
g873(741,807,684,770)@[0,14]
g873(872,915,409,376)@[19,26]
g873(666,196,346,3)@[0,1]
g873(662,875,917,865)@[38,47]
g874(204,387,222,188)@[7,28]
g874(337,902,230,757)@[38,45]
g874(337,902,231,757)@[16,20]
g873(548,20,579,523)@[21,36]
g874(279,375,423,197)@[13,38]
g874(894,137,383,718)@[17,19]
g874(547,479,304,603)@[42,46]
g874(401,557,642,88)@[14,25]
g874(791,679,376,144)@[27,40]
g873(917,479,718,726)@[19,28]
g873(771,198,881,619)@[18,26]
g874(271,250,495,235)@[29,34]
g874(416,129,478,306)@[4,13]
g873(74,901,916,735)@[24,35]
g873(843,284,257,92)@[24,37]
g874(841,127,462,688)@[8,49]
g874(452,622,836,840)@[25,34]
g874(635,111,644,484)@[15,27]
g874(815,396,9,652)@[11,37]
g873(267,131,532,659)@[15,19]
g874(370,581,327,619)@[2,12]
g874(390,813,155,382)@[7,8]
g874(88,432,329,233)@[9,20]
g873(466,87,35,705)@[29,40]
g874(75,127,173,131)@[15,36]
g874(272,114,138,64)@[21,34]
g874(562,587,898,527)@[26,47]
g874(633,193,854,100)@[10,30]
g874(917,771,910,507)@[36,46]
g874(285,746,906,127)@[19,23]
g874(386,111,37,509)@[21,39]
g874(424,243,646,419)@[2,12]
g873(557,593,536,759)@[44,47]
g873(333,701,899,45)@[10,22]
g874(766,375,856,339)@[13,47]
g874(55,77,403,886)@[16,43]
g874(454,32,877,721)@[7,20]
g874(200,222,245,176)@[3,30]
g873(888,868,710,162)@[16,23]
g873(611,181,901,715)@[27,45]
g874(465,401,377,827)@[21,47]
g874(727,437,859,426)@[21,41]
g874(493,66,260,48)@[8,41]
g874(220,710,545,913)@[11,16]
g874(908,237,527,632)@[42,49]
g873(281,186,755,195)@[5,41]
g874(607,666,380,417)@[35,41]
g874(552,271,695,29)@[15,31]
g873(94,613,871,259)@[37,40]
g874(899,901,367,689)@[1,21]
g874(373,287,714,743)@[31,33]
g874(38,318,701,85)@[3,28]
g873(228,704,570,820)@[11,15]
g874(23,297,28,119)@[6,31]
g873(243,429,386,162)@[36,38]
g873(417,666,607,295)@[19,30]
g874(831,379,95,175)@[18,27]
g874(202,303,621,672)@[1,40]
g874(887,24,218,617)@[9,22]
g874(61,757,883,801)@[14,19]
g874(221,101,330,878)@[5,37]
g873(173,373,375,875)@[8,43]
g874(733,242,353,476)@[15,19]
g874(337,902,15,757)@[16,25]
g874(58,645,195,895)@[32,47]
g873(444,666,755,713)@[25,45]
g874(668,143,650,572)@[37,40]
g873(761,440,166,634)@[4,23]
g873(54,275,749,236)@[29,35]
g874(801,79,173,267)@[15,42]
g874(387,21,659,240)@[14,44]
g874(536,593,256,557)@[25,36]
g874(657,229,876,873)@[5,18]
g874(657,229,262,873)@[4,43]
g874(798,868,310,463)@[38,49]
g874(501,892,135,386)@[17,25]
g874(371,163,553,777)@[12,33]
g873(744,234,151,469)@[22,31]
g873(503,477,870,176)@[17,46]
g873(654,299,784,343)@[4,11]
g874(383,94,365,610)@[8,27]
g873(699,627,805,682)@[3,29]
g874(371,163,553,777)@[8,47]
g874(439,125,623,814)@[7,39]
g874(718,722,360,381)@[33,37]
g874(370,116,693,558)@[16,42]
g873(547,204,318,716)@[37,38]
g874(532,882,90,827)@[19,35]
g874(633,193,58,100)@[1,30]
g874(490,580,792,262)@[44,45]
g874(263,587,666,6)@[42,44]
g873(583,814,33,164)@[18,22]
g874(388,308,71,209)@[2,32]
g874(875,787,116,240)@[12,43]
g873(80,136,546,545)@[17,47]
g874(495,707,145,715)@[3,39]
g874(816,664,278,146)@[43,44]
g874(916,81,501,41)@[13,44]
g874(718,593,615,879)@[15,42]
g874(194,52,471,76)@[13,46]
g873(219,21,665,671)@[8,47]
g874(734,129,24,505)@[18,32]
g873(856,127,340,425)@[11,35]
g873(6,241,906,340)@[4,27]
g874(417,288,313,793)@[8,34]
g873(775,774,910,37)@[26,37]
g873(354,7,214,802)@[25,31]
g873(723,717,575,417)@[17,41]
g874(187,78,672,51)@[2,44]
g874(296,55,812,85)@[4,29]
g874(439,589,561,526)@[34,46]
g873(120,66,840,507)@[32,37]
g874(904,640,445,914)@[32,42]
g873(110,347,462,28)@[44,48]
g874(228,426,448,474)@[19,39]
g874(556,534,399,635)@[40,49]
g874(574,347,450,363)@[3,28]
g874(217,115,585,726)@[22,38]
g874(576,483,621,566)@[11,16]
g874(682,420,519,228)@[19,28]
g874(718,722,360,381)@[1,43]
g874(755,666,362,444)@[11,26]
g874(187,641,368,577)@[8,22]
g874(696,756,883,880)@[9,32]
g874(536,578,245,761)@[7,42]
g874(254,541,662,284)@[1,47]
g874(797,659,630,250)@[8,12]
g874(830,482,149,580)@[7,34]
g874(893,588,215,163)@[15,18]
g874(190,835,686,612)@[1,26]
g874(907,468,765,714)@[19,28]
g873(317,72,878,226)@[32,45]
g873(244,86,557,853)@[4,9]
g874(537,255,196,590)@[8,31]
g873(129,44,629,809)@[5,35]
g874(336,60,391,621)@[25,41]
g874(391,719,876,259)@[16,19]
g874(266,693,550,552)@[6,20]
g873(142,163,11,345)@[1,20]
g874(266,693,550,552)@[8,43]
g874(916,81,871,41)@[35,36]
g874(906,884,331,632)@[0,2]
g873(907,37,569,273)@[1,36]
g874(661,465,315,446)@[46,48]
g873(232,84,479,309)@[16,44]
g874(727,360,608,79)@[28,36]
g874(681,41,555,374)@[16,19]
g873(88,597,39,167)@[6,24]
g874(874,330,250,879)@[3,46]
g874(537,466,617,750)@[17,18]
g873(850,315,679,809)@[29,35]
g874(312,758,895,412)@[9,44]
g874(134,25,666,259)@[8,16]
g874(509,583,438,536)@[34,38]
g873(14,23,155,658)@[10,11]
g873(227,161,630,883)@[29,43]
g874(221,6,13,170)@[30,47]
g874(482,540,538,878)@[12,49]
g873(178,15,408,461)@[4,42]
g874(588,402,338,375)@[32,33]
g874(37,853,532,494)@[32,43]
g874(379,611,148,375)@[0,24]
g874(688,145,599,316)@[24,31]
g874(906,680,488,181)@[41,47]
g873(140,601,54,679)@[37,48]
g874(763,703,157,546)@[2,4]
g874(878,267,842,495)@[1,26]
g874(543,868,414,380)@[20,29]
g874(825,840,123,119)@[38,44]
g873(352,550,737,579)@[24,27]
g873(90,343,309,470)@[4,40]
g874(893,499,647,444)@[1,30]
g873(767,498,272,591)@[5,44]
g874(625,410,357,737)@[5,33]
g874(91,521,365,196)@[0,20]
g873(266,693,11,16)@[43,46]
g874(83,240,672,108)@[7,29]
g873(342,525,294,651)@[1,25]
g874(822,557,388,513)@[11,37]
g874(374,246,850,864)@[17,19]
g873(904,356,441,813)@[8,32]
g874(787,802,323,61)@[12,40]
g873(664,499,141,614)@[7,47]
g873(231,474,395,3)@[4,12]
g874(491,843,282,37)@[3,40]
g874(49,895,9,449)@[6,7]
g873(662,736,119,432)@[34,44]
g874(115,609,683,362)@[6,31]
g874(738,642,868,166)@[17,23]
g874(324,617,694,333)@[5,48]
g874(170,674,814,818)@[9,32]
g873(14,406,324,326)@[16,46]
g874(19,752,321,336)@[2,45]
g874(879,429,757,811)@[13,42]
g874(626,564,698,650)@[18,46]
g874(499,651,408,653)@[43,46]
g874(460,718,680,586)@[32,42]
g874(906,241,432,6)@[4,14]
g873(166,642,738,232)@[18,42]
g874(228,426,405,474)@[23,32]
g874(779,406,226,141)@[1,47]
g874(609,658,497,305)@[36,48]
g874(90,167,907,661)@[14,39]
g873(302,515,704,610)@[10,19]
g874(7,913,89,470)@[15,39]
g873(745,656,654,254)@[12,14]
g874(343,642,346,274)@[19,44]
g874(917,834,789,303)@[21,31]
g874(427,164,63,47)@[38,39]
g874(282,434,384,622)@[33,44]
g874(773,696,878,271)@[6,46]
g873(481,916,130,882)@[36,42]
g873(14,91,869,13)@[32,48]
g873(60,628,552,806)@[12,33]
g874(440,879,467,125)@[11,31]
g873(309,793,164,137)@[2,33]
g874(910,726,368,820)@[15,34]
g874(254,541,662,284)@[13,25]
g874(867,303,189,827)@[21,46]
g874(414,581,226,475)@[23,38]
g874(96,541,763,270)@[1,13]
g873(381,722,718,153)@[11,45]
g874(633,640,164,545)@[13,20]
g873(103,755,62,262)@[13,19]
g873(545,640,633,164)@[9,40]
g874(148,288,706,653)@[11,39]
g874(6,751,504,42)@[40,49]
g874(204,496,679,13)@[33,44]
g874(795,497,411,907)@[39,41]
g874(718,650,348,543)@[43,45]
g874(537,255,196,590)@[23,40]
g874(312,331,523,361)@[20,42]
g874(761,479,770,647)@[7,31]
g874(481,79,380,363)@[17,39]
g874(123,515,907,284)@[10,15]
g873(782,905,366,260)@[18,43]
g874(490,580,792,262)@[4,21]
g873(130,340,109,118)@[28,38]
g874(536,593,256,557)@[15,33]
g874(383,363,290,525)@[30,31]
g874(431,603,4,824)@[8,45]
g874(221,95,476,912)@[23,45]
g874(521,282,686,245)@[18,38]
g874(658,164,313,910)@[13,28]
g874(179,725,278,695)@[27,40]
g874(6,182,346,793)@[26,40]
g874(607,382,411,571)@[5,7]
g874(93,472,221,318)@[20,22]
g873(65,898,192,127)@[18,19]
g873(604,646,782,445)@[6,27]
g873(644,21,211,536)@[7,48]
g874(717,866,323,8)@[16,27]
g873(806,307,320,306)@[26,31]
g874(300,434,426,726)@[13,27]
g873(655,608,151,777)@[17,34]
g873(676,769,649,198)@[20,26]
g873(168,730,257,634)@[2,3]
g874(458,466,335,760)@[37,48]
g874(506,384,149,126)@[17,28]
g874(521,620,786,593)@[2,37]
g874(536,578,306,761)@[27,43]
g873(804,439,271,525)@[23,42]
g874(548,377,794,302)@[26,33]
g874(223,834,16,664)@[6,46]
g874(835,383,463,148)@[14,28]
g873(425,156,510,842)@[4,6]
g874(292,810,231,181)@[7,14]
g874(917,469,284,406)@[8,38]
g873(162,887,67,837)@[17,28]
g873(21,607,789,464)@[19,37]
g874(348,516,596,867)@[24,28]
g874(679,61,170,449)@[1,43]
g873(632,413,710,552)@[17,31]
g873(503,80,324,463)@[39,41]
g874(371,163,553,777)@[8,46]
g874(190,365,100,794)@[22,47]
g874(89,908,876,112)@[4,21]
g874(152,353,804,390)@[4,7]
g874(803,36,269,197)@[3,33]
g874(195,291,172,460)@[7,28]
g874(492,293,898,63)@[9,12]
g874(481,79,380,363)@[3,47]
g873(663,769,425,570)@[17,44]
g873(527,587,562,338)@[31,43]
g873(193,85,549,283)@[8,22]
g874(686,772,690,834)@[20,41]
g874(217,13,854,882)@[11,16]
g874(418,670,641,297)@[27,29]
g874(883,86,475,59)@[21,46]
g873(36,804,440,772)@[7,10]
g874(71,865,91,79)@[18,25]
g873(350,165,617,334)@[35,45]
g874(883,669,43,597)@[15,19]
g874(707,295,133,221)@[33,48]
g873(46,304,783,184)@[25,26]
g874(906,884,895,632)@[9,34]
g873(743,327,474,674)@[1,13]
g874(415,620,765,103)@[0,48]
g873(840,542,289,128)@[8,14]
g874(675,716,914,624)@[38,41]
g873(651,482,89,715)@[42,49]
g874(510,492,723,775)@[25,42]
g873(313,149,410,72)@[6,44]
g873(38,389,808,43)@[1,43]
g874(805,627,184,699)@[1,4]
g874(562,587,174,527)@[5,47]
g874(675,716,898,624)@[26,41]
g874(513,345,42,722)@[3,33]
g874(830,816,874,577)@[36,38]
g873(535,474,808,317)@[1,29]
g874(854,886,26,415)@[0,36]
g874(613,80,359,518)@[35,47]
g874(185,58,541,138)@[0,35]
g874(427,404,125,530)@[8,28]
g874(83,240,877,108)@[9,20]
g874(326,412,242,484)@[0,43]
g874(179,660,454,806)@[1,11]
g874(76,808,837,558)@[9,42]
g874(798,852,551,163)@[11,32]
g874(177,304,658,863)@[43,47]
g874(482,540,536,878)@[1,18]
g874(887,524,359,107)@[32,39]
g874(300,443,884,621)@[27,45]
g874(663,438,245,392)@[4,29]
g873(873,229,657,83)@[1,42]
g874(913,7,575,908)@[19,24]
g873(908,7,913,91)@[25,32]
g874(894,20,203,826)@[5,13]
g873(80,790,498,671)@[13,15]
g874(141,393,781,232)@[30,44]
g874(215,890,473,330)@[12,24]
g874(780,593,630,822)@[6,33]
g874(426,10,671,679)@[22,43]
g874(439,208,411,483)@[22,49]
g874(310,650,163,684)@[2,3]
g874(536,593,256,557)@[10,35]
g873(196,188,681,669)@[3,18]
g873(532,475,269,518)@[17,18]
g873(668,578,728,636)@[27,44]
g874(689,188,201,806)@[14,27]
g874(462,635,139,404)@[27,48]
g874(728,817,73,46)@[0,44]
g873(889,905,272,813)@[12,17]
g874(56,257,853,582)@[2,28]
g874(558,455,789,776)@[11,40]
g874(877,832,393,626)@[19,40]
g874(350,906,322,826)@[3,24]
g873(64,114,272,177)@[0,43]
g874(115,609,324,362)@[13,49]
g874(21,313,352,336)@[6,37]
g874(787,802,362,61)@[15,20]
g874(403,199,19,333)@[17,27]
g874(898,189,14,67)@[37,47]
g874(340,893,364,52)@[16,22]
g874(774,72,778,223)@[16,42]
g874(510,156,578,425)@[2,6]
g874(217,115,164,726)@[13,17]
g874(403,199,565,333)@[47,49]
g874(629,547,615,766)@[18,43]
g874(633,193,58,100)@[2,47]
g873(134,323,448,284)@[8,37]
g874(668,143,650,572)@[20,45]
g874(85,118,901,438)@[16,46]
g874(456,829,432,15)@[34,39]
g874(368,566,214,746)@[28,44]
g874(15,82,772,264)@[1,10]
g873(91,307,52,687)@[9,33]
g874(529,575,906,586)@[11,19]
g874(130,553,495,290)@[8,40]
g873(840,622,452,541)@[9,43]
g873(587,649,745,604)@[21,34]
g874(22,639,724,195)@[12,17]
g874(848,841,153,553)@[2,16]
g873(329,521,444,34)@[12,25]
g874(876,216,675,199)@[16,23]
g874(293,739,635,150)@[40,48]
g874(805,627,590,699)@[2,4]
g874(773,543,611,138)@[4,17]
g874(895,916,758,617)@[25,29]
g873(381,722,718,360)@[22,27]
g874(757,919,215,69)@[25,47]
g874(273,874,680,246)@[9,26]
g874(911,548,678,289)@[2,48]
g873(171,597,127,492)@[2,27]
g874(545,590,329,831)@[14,22]
g874(42,343,713,188)@[22,37]
g873(283,182,819,790)@[3,23]
g873(796,305,832,863)@[27,33]
g874(701,173,668,291)@[7,29]
g874(786,260,578,274)@[9,11]
g873(746,566,368,115)@[28,32]
g874(429,631,428,129)@[1,46]
g874(639,781,600,818)@[40,44]
g874(755,892,527,273)@[0,29]
g873(907,497,795,859)@[4,35]
g873(188,343,42,96)@[2,11]
g874(874,330,250,879)@[4,31]
g874(764,596,865,147)@[1,20]
g874(917,834,748,303)@[2,38]
g873(506,83,568,761)@[8,44]
g874(184,742,296,613)@[21,43]
g874(207,227,291,139)@[13,41]
g873(706,695,651,674)@[17,42]
g874(296,55,812,85)@[26,48]
g874(873,785,429,723)@[9,32]
g874(874,842,338,329)@[43,48]
g874(125,510,351,130)@[12,29]
g874(624,326,14,745)@[5,47]
g874(294,525,368,342)@[19,35]
g874(626,671,112,710)@[21,38]
g874(117,28,158,538)@[22,42]
g874(840,88,143,229)@[18,26]
g873(877,231,142,400)@[20,29]
g873(4,573,363,371)@[9,41]
g874(633,640,164,545)@[6,47]
g874(410,149,412,313)@[30,45]
g873(371,522,348,758)@[12,22]
g874(0,769,616,686)@[0,27]
g873(392,487,849,913)@[0,7]
g873(106,282,263,525)@[18,19]
g873(507,66,701,690)@[3,31]
g874(605,414,492,477)@[13,43]
g873(208,600,311,231)@[26,27]
g873(139,227,207,113)@[14,44]
g874(547,479,88,603)@[11,26]
g874(659,198,529,454)@[4,28]
g874(312,316,792,37)@[22,46]
g874(12,854,180,798)@[3,43]
g873(121,413,619,315)@[16,41]
g874(95,165,772,136)@[1,41]
g874(832,752,790,238)@[18,27]
g874(373,613,38,595)@[20,36]
g873(239,393,100,448)@[3,14]
g874(458,466,156,760)@[20,30]
g873(132,64,546,309)@[8,9]
g874(373,376,248,832)@[9,13]
g874(370,116,693,558)@[22,31]
g874(294,525,736,342)@[21,46]
g874(663,438,609,392)@[3,9]
g874(353,902,853,436)@[13,48]
g874(635,780,457,782)@[5,6]
g874(789,607,414,21)@[4,44]
g874(663,438,367,392)@[42,47]
g874(29,14,718,649)@[14,36]
g874(470,553,0,30)@[14,26]
g874(11,163,434,142)@[15,49]
g873(475,283,765,48)@[1,22]
g874(413,613,51,802)@[17,43]
g873(49,264,489,223)@[0,7]
g874(278,685,109,645)@[35,38]
g873(379,228,802,193)@[16,33]
g874(198,784,383,603)@[23,35]
g874(346,196,91,666)@[0,47]
g874(458,466,190,760)@[7,39]
g873(730,865,255,622)@[36,37]
g874(660,795,384,755)@[35,40]
g874(356,218,724,395)@[16,22]
g874(191,243,88,362)@[10,30]
g874(870,497,840,51)@[1,3]
g874(146,165,808,251)@[9,25]
g874(457,136,346,519)@[5,29]
g873(904,42,224,250)@[0,29]
g874(652,200,107,321)@[17,39]
g873(192,761,238,500)@[27,47]
g874(643,714,272,406)@[8,21]
g874(117,883,218,385)@[0,5]
g874(655,106,288,39)@[0,34]
g873(253,416,177,150)@[44,46]
g873(546,703,763,815)@[12,37]
g873(487,14,848,759)@[22,36]
g873(551,238,278,375)@[6,9]
g873(766,411,304,711)@[7,41]
g874(187,641,437,577)@[31,48]
g874(311,383,160,655)@[13,46]
g874(882,412,331,808)@[19,49]
g874(146,165,350,251)@[19,44]
g874(627,190,721,781)@[24,37]
g873(96,683,644,383)@[3,25]
g874(420,51,667,690)@[19,46]
g873(725,693,283,244)@[4,10]
g874(429,702,708,50)@[19,45]
g874(468,431,30,867)@[36,46]
g874(404,754,308,177)@[12,18]
g874(830,58,252,760)@[1,45]
g874(536,593,528,557)@[1,44]
g873(0,808,91,334)@[36,48]
g874(17,312,826,428)@[16,37]
g873(910,806,360,809)@[10,45]
g874(617,272,429,579)@[14,26]
g874(663,438,367,392)@[9,26]
g874(912,564,503,908)@[35,45]
g874(637,629,110,656)@[0,30]
g873(865,2,207,822)@[21,38]
g874(575,310,850,722)@[7,44]
g874(809,816,367,755)@[36,45]
g874(258,406,740,366)@[29,30]
g874(200,222,245,176)@[2,20]
g874(537,255,196,590)@[9,20]
g874(321,842,566,463)@[6,14]
g873(432,198,548,34)@[31,36]
g874(401,557,601,88)@[10,34]
g874(25,280,579,802)@[15,21]
g874(275,309,474,713)@[26,47]
g874(485,409,430,840)@[0,6]
g874(67,745,475,788)@[6,27]
g873(608,389,438,738)@[1,27]
g874(74,888,306,819)@[40,41]
g874(906,680,317,181)@[4,7]
g873(318,688,455,16)@[0,22]
g874(10,891,273,912)@[6,25]
g874(23,165,818,38)@[25,43]
g874(910,664,745,71)@[4,32]
g874(461,11,562,823)@[20,45]
g873(169,53,686,524)@[21,40]
g873(292,76,62,86)@[0,29]
g874(429,631,756,129)@[38,39]
g874(664,667,309,877)@[16,45]
g874(789,777,303,22)@[46,49]
g874(677,215,578,111)@[1,20]
g873(851,118,868,92)@[29,31]
g874(442,333,114,138)@[1,42]
g874(906,680,488,181)@[23,25]
g874(521,282,686,245)@[22,42]
g874(311,383,131,655)@[5,36]
g873(208,819,444,212)@[17,45]
g874(127,597,492,171)@[0,14]
g873(527,919,58,662)@[29,32]
g874(394,473,482,820)@[28,47]
g874(901,181,917,611)@[16,44]
g874(690,561,25,614)@[24,48]
g873(619,905,232,410)@[1,12]
g873(605,420,787,898)@[8,22]
g874(869,435,501,202)@[26,47]
g874(789,607,158,21)@[22,30]
g874(898,189,666,67)@[16,48]
g874(899,901,914,689)@[30,39]
g873(909,580,388,531)@[2,19]
g874(255,566,474,344)@[28,31]
g873(789,361,525,706)@[13,25]
g874(675,716,898,624)@[2,41]
g874(91,521,18,196)@[16,33]
g873(862,625,232,160)@[15,41]
g874(368,389,384,801)@[9,21]
g874(490,813,293,17)@[2,44]
g874(803,36,678,197)@[31,47]
g874(249,723,197,461)@[9,29]
g874(466,409,497,776)@[16,36]
g873(483,4,209,120)@[20,25]
g873(202,435,869,45)@[1,42]
g874(539,446,511,458)@[12,32]
g874(56,585,70,759)@[0,15]
g873(509,751,364,866)@[45,46]
g874(485,409,307,840)@[18,24]
g874(691,386,657,251)@[19,47]
g874(180,252,537,333)@[6,38]
g874(901,692,335,823)@[36,41]
g874(210,171,124,389)@[2,25]
g874(411,125,570,414)@[20,21]
g873(535,271,326,17)@[35,37]
g874(90,135,249,596)@[7,40]
g873(453,578,749,721)@[12,20]
g873(60,434,841,649)@[13,23]
g874(383,363,689,525)@[27,31]
g874(17,656,589,360)@[30,38]
g873(626,397,484,370)@[3,31]
g874(185,46,291,627)@[10,42]
g874(278,707,466,166)@[0,8]
g874(442,376,136,293)@[20,38]
g874(328,150,840,166)@[15,33]
g874(757,919,828,69)@[17,39]
g874(780,593,652,822)@[42,47]
g873(865,2,207,704)@[9,34]
g874(105,573,438,699)@[20,48]
g874(191,92,246,222)@[34,48]
g873(329,696,538,640)@[23,27]
g874(191,169,793,579)@[17,35]
g874(429,702,263,50)@[4,11]
g874(288,463,884,137)@[1,25]
g874(675,150,330,727)@[9,22]
g874(548,213,643,623)@[6,41]
g874(68,652,699,857)@[30,35]
g874(519,426,158,324)@[7,48]
g874(420,51,667,690)@[7,45]
g874(781,214,74,758)@[21,26]
g873(755,816,809,128)@[25,45]
g874(359,750,121,229)@[32,34]
g873(63,293,492,539)@[8,20]
g873(528,896,299,798)@[3,43]
g874(361,369,770,51)@[39,49]
g874(691,386,657,251)@[13,34]
g873(469,597,909,108)@[26,43]
g874(663,438,367,392)@[37,41]
g874(521,860,853,129)@[6,35]
g874(283,693,291,725)@[1,30]
g873(863,880,283,501)@[29,45]
g874(84,704,651,904)@[18,44]
g874(368,566,895,746)@[13,46]
g873(70,350,258,204)@[7,11]
g873(721,32,454,299)@[36,46]
g874(242,918,637,59)@[5,13]
g874(910,664,586,71)@[3,45]
g874(280,593,311,181)@[9,27]
g874(312,758,63,412)@[44,45]
g874(888,43,256,681)@[19,42]
g874(853,202,74,912)@[8,11]
g873(138,661,73,371)@[0,47]
g874(831,379,631,175)@[38,44]
g874(775,887,400,376)@[12,44]
g874(370,581,893,619)@[41,46]
g874(865,840,674,434)@[15,42]
g874(327,704,296,663)@[17,30]
g874(461,11,562,823)@[10,44]
g874(287,545,669,30)@[15,42]
g873(312,551,704,202)@[27,28]
g873(386,892,501,491)@[21,46]
g874(808,474,376,535)@[31,40]
g874(88,410,67,356)@[7,10]
g873(188,624,77,856)@[19,25]
g873(708,10,493,793)@[7,23]
g873(336,313,21,831)@[13,31]
g874(151,608,137,655)@[0,9]
g873(385,883,117,838)@[2,3]
g874(781,201,634,846)@[12,34]
g874(492,293,898,63)@[20,40]
g874(481,79,380,363)@[29,34]
g874(891,750,485,868)@[14,17]
g873(585,784,33,67)@[7,21]
g874(92,700,154,303)@[20,37]
g874(59,385,72,849)@[29,40]
g874(908,237,596,632)@[15,31]
g874(164,793,643,309)@[20,34]
g874(411,685,665,528)@[7,40]
g874(803,589,866,509)@[1,15]
g873(652,396,815,28)@[5,39]
g874(710,894,158,744)@[18,39]
g874(808,474,376,535)@[0,21]
g874(680,216,637,429)@[19,48]
g874(678,263,62,731)@[30,36]
g873(743,287,373,56)@[25,33]
g874(394,646,264,593)@[3,24]
g873(299,261,189,770)@[8,12]
g874(628,147,235,600)@[20,29]
g873(32,95,549,692)@[2,45]
g874(598,174,321,452)@[25,43]
g874(58,193,446,489)@[25,30]
g874(329,624,258,222)@[15,22]
g873(474,312,141,275)@[34,44]
g874(284,359,335,788)@[9,38]
g874(665,21,93,219)@[27,34]
g874(600,204,693,318)@[1,33]
g874(718,722,360,381)@[5,13]
g873(324,78,364,521)@[11,38]
g874(774,72,507,223)@[28,41]
g873(919,637,229,883)@[29,34]
g874(58,645,655,895)@[3,10]
g874(765,269,650,25)@[0,13]
g873(240,80,199,296)@[1,46]
g874(631,665,101,254)@[20,38]
g874(373,613,38,595)@[3,45]
g874(846,327,283,205)@[11,19]
g873(146,664,816,582)@[2,27]
g874(173,458,229,55)@[7,9]
g874(704,551,497,312)@[2,27]
g873(562,566,139,304)@[21,41]
g873(311,459,528,823)@[36,49]
g873(785,808,793,646)@[9,43]
g874(710,894,647,744)@[6,29]
g873(912,255,359,677)@[8,44]
g874(646,607,717,728)@[33,46]
g874(547,67,151,344)@[2,4]
g874(598,174,276,452)@[22,37]
g874(521,860,853,129)@[10,15]
g874(157,50,203,554)@[9,18]
g874(606,69,882,569)@[44,48]
g874(203,447,257,561)@[1,46]
g873(825,241,342,842)@[10,38]
g874(78,892,609,165)@[0,25]
g874(298,793,80,101)@[33,41]
g873(871,445,188,253)@[0,36]
g874(460,718,275,586)@[26,41]
g874(730,899,372,833)@[36,39]
g874(537,255,508,590)@[12,48]
g874(568,83,883,506)@[13,21]
g874(293,48,478,853)@[24,34]
g874(701,173,92,291)@[6,42]
g873(646,814,815,571)@[0,29]
g873(787,592,710,321)@[0,32]
g874(219,278,798,523)@[7,28]
g874(368,566,41,746)@[6,16]
g874(585,338,287,249)@[18,34]
g874(371,163,140,777)@[25,46]
g874(18,617,353,695)@[10,13]
g873(16,650,727,268)@[19,44]
g873(365,895,209,612)@[8,30]
g873(69,809,410,169)@[17,29]
g873(113,901,628,827)@[4,5]
g874(775,887,400,376)@[6,30]
g873(148,508,165,879)@[26,47]
g874(912,730,720,740)@[17,26]
g874(655,554,718,886)@[9,29]
g874(869,832,918,836)@[30,37]
g874(192,894,415,166)@[27,48]
g873(871,445,188,324)@[28,30]
g873(368,574,682,85)@[29,33]
g873(809,245,307,312)@[0,11]
g873(612,835,190,461)@[32,38]
g874(883,86,351,59)@[11,38]
g874(536,593,256,557)@[3,47]
g874(701,66,443,507)@[0,4]
g873(686,769,0,570)@[5,34]
g873(793,398,377,356)@[31,39]
g874(675,150,330,727)@[28,48]
g874(584,275,457,810)@[15,29]
g874(263,256,99,792)@[3,46]
g874(489,264,416,49)@[17,28]
g874(782,47,903,832)@[1,17]
g874(657,229,262,873)@[5,35]
g874(660,795,384,755)@[11,43]
g873(189,49,61,140)@[32,33]
g874(866,203,198,882)@[10,14]
g874(78,524,751,851)@[3,25]
g874(693,171,319,245)@[10,14]
g874(808,474,376,535)@[24,36]
g874(458,466,335,760)@[17,22]
g873(55,159,404,259)@[10,11]
g874(658,164,21,910)@[2,20]
g873(918,16,331,139)@[23,35]
g874(551,588,10,532)@[1,16]
g873(384,107,843,454)@[4,17]
g874(119,736,352,662)@[3,4]
g873(814,845,309,8)@[30,49]
g874(870,477,36,503)@[16,25]
g874(255,315,255,244)@[21,28]
g873(567,602,619,135)@[17,34]
g874(888,43,180,681)@[35,39]
g873(364,379,96,298)@[19,26]
g874(298,793,451,101)@[7,21]
g874(366,905,783,782)@[2,22]
g874(420,247,402,837)@[0,28]
g874(118,143,21,420)@[30,41]
g874(793,563,394,14)@[23,44]
g874(278,685,109,645)@[6,7]
g874(909,597,426,469)@[6,21]
g874(287,905,24,263)@[1,26]
g873(491,298,203,415)@[6,46]
g873(356,412,914,230)@[27,44]
g874(649,769,697,676)@[15,17]
g874(190,835,296,612)@[43,48]
g873(572,143,668,135)@[2,33]
g874(367,318,28,261)@[9,20]
g874(878,72,392,317)@[9,49]
g874(29,211,433,12)@[16,42]
g873(769,484,119,621)@[10,35]
g874(660,527,881,751)@[20,22]
g874(343,160,73,3)@[9,20]
g873(425,168,458,833)@[34,37]
g873(29,736,382,87)@[2,22]
g874(871,612,511,601)@[32,47]
g874(655,106,637,39)@[5,47]
g873(572,143,668,682)@[13,17]
g873(653,903,834,825)@[5,47]
g874(420,51,371,690)@[8,14]
g874(38,318,150,85)@[28,38]
g874(511,556,836,116)@[10,36]
g874(263,52,778,74)@[4,26]
g874(663,438,367,392)@[5,47]
g873(195,639,22,513)@[3,9]
g874(283,340,674,185)@[25,49]
g874(266,852,462,377)@[39,40]
g874(227,865,461,510)@[14,41]
g873(845,558,205,613)@[24,39]
g874(408,468,274,819)@[24,38]
g873(449,492,516,326)@[2,23]
g873(87,594,493,642)@[46,47]
g874(113,463,529,822)@[4,8]
g874(568,521,648,98)@[1,18]
g874(71,599,495,184)@[11,32]
g874(367,318,18,261)@[6,37]
g874(805,627,35,699)@[32,43]
g874(443,323,295,507)@[18,39]
g874(337,902,231,757)@[17,40]
g873(763,876,127,614)@[9,11]
g874(175,276,130,433)@[11,35]
g873(146,404,530,112)@[17,48]
g873(426,437,727,10)@[26,38]
g874(258,406,740,366)@[7,32]
g873(437,20,94,816)@[6,27]
g874(886,86,707,458)@[14,25]
g874(853,202,303,912)@[2,16]
g874(403,199,31,333)@[7,16]
g874(411,125,480,414)@[27,30]
g874(458,168,507,425)@[2,20]
g874(917,469,880,406)@[34,40]
g874(394,264,521,365)@[1,14]
g874(786,260,534,274)@[11,32]
g873(476,242,733,116)@[13,43]
g874(12,890,385,225)@[12,49]
g874(736,827,471,654)@[31,41]
g874(619,602,209,567)@[26,49]
g874(449,656,479,590)@[28,30]
g874(497,68,381,554)@[20,34]
g873(651,482,89,883)@[22,31]
g873(783,328,670,728)@[33,36]
g874(189,261,770,299)@[6,49]
g873(83,584,93,904)@[30,38]
g874(123,618,528,282)@[32,36]
g874(360,116,97,548)@[17,26]
g873(505,658,775,803)@[1,39]
g874(243,857,446,200)@[17,21]
g874(787,802,323,61)@[3,12]
g874(345,902,104,913)@[4,21]
g874(529,211,454,35)@[5,19]
g874(550,917,471,663)@[21,26]
g873(326,41,826,559)@[18,30]
g874(353,521,777,187)@[7,20]
g873(417,445,471,132)@[23,45]
g874(834,589,285,226)@[14,15]
g874(549,95,282,32)@[13,38]
g873(606,656,749,444)@[38,45]
g874(294,250,550,500)@[4,33]
g873(827,401,465,630)@[41,48]
g874(663,438,367,392)@[8,49]
g873(495,778,376,384)@[2,8]
g874(688,446,529,366)@[7,27]
